0.000000000000000000e+00 1.061331270703929741e+00
4.166666666666666852e-01 1.097043995411182360e+00
8.333333333333333703e-01 1.134183451964133615e+00
1.250000000000000000e+00 1.148940341070604054e+00
1.666666666666666741e+00 1.152004116183856564e+00
2.083333333333333481e+00 1.155369565085790029e+00
2.500000000000000000e+00 1.163671574731055536e+00
2.916666666666666519e+00 1.173873833044930315e+00
3.333333333333333481e+00 1.183503619689449060e+00
3.750000000000000000e+00 1.192872209866322919e+00
4.166666666666666963e+00 1.203028298394431150e+00
4.583333333333333037e+00 1.215371172406429112e+00
5.000000000000000000e+00 1.229058805029856760e+00
5.416666666666666963e+00 1.240334991207508342e+00
5.833333333333333037e+00 1.250391729041302469e+00
6.250000000000000000e+00 1.263990841837479229e+00
6.666666666666666963e+00 1.270482875304153270e+00
7.083333333333333037e+00 1.234133336117863688e+00
7.500000000000000000e+00 1.193203965028824864e+00
7.916666666666666963e+00 1.210651257471014652e+00
8.333333333333333925e+00 1.228712343040577082e+00
8.750000000000000000e+00 1.226709810563405778e+00
9.166666666666666075e+00 1.222234407628518094e+00
9.583333333333333925e+00 1.218288501732985418e+00
1.000000000000000000e+01 1.214790885312041491e+00
1.041666666666666607e+01 1.211410770578936980e+00
1.083333333333333393e+01 1.208110217276930021e+00
1.125000000000000000e+01 1.204726241519085583e+00
1.166666666666666607e+01 1.201399502266663255e+00
1.208333333333333393e+01 1.198501517305178954e+00
1.250000000000000000e+01 1.196909791875245155e+00
1.291666666666666607e+01 1.197756629023795094e+00
1.333333333333333393e+01 1.201641870163917991e+00
1.375000000000000000e+01 1.203818818312034189e+00
1.416666666666666607e+01 1.180267607557561327e+00
1.458333333333333393e+01 1.149811635038235913e+00
1.500000000000000000e+01 1.007999408584222767e+00
1.541666666666666607e+01 1.405752313113375562e+00
1.583333333333333393e+01 1.385223249493010567e+00
1.625000000000000000e+01 1.334480518876544286e+00
1.666666666666666785e+01 1.285909882428264428e+00
1.708333333333333215e+01 1.244204655435724449e+00
1.750000000000000000e+01 1.211806678068503729e+00
1.791666666666666785e+01 1.187572812099166653e+00
1.833333333333333215e+01 1.167855177458889671e+00
1.875000000000000000e+01 1.149023497866875188e+00
1.916666666666666785e+01 1.128597111603130809e+00
1.958333333333333215e+01 1.106519175347727257e+00
2.000000000000000000e+01 1.084597976600267577e+00
2.041666666666666785e+01 1.063888910929301268e+00
2.083333333333333215e+01 1.043538993902280110e+00
2.125000000000000000e+01 1.021671559845118482e+00
2.166666666666666785e+01 9.969895815156571972e-01
2.208333333333333215e+01 9.685173809651042021e-01
2.250000000000000000e+01 9.359469603088299561e-01
2.291666666666666785e+01 9.003287693054562446e-01
2.333333333333333215e+01 8.589494140867575123e-01
2.375000000000000000e+01 8.298418143343007092e-01
2.416666666666666785e+01 8.328806232289431843e-01
2.458333333333333215e+01 8.465177326685255910e-01
2.500000000000000000e+01 7.196073568741367943e-01
2.541666666666666785e+01 6.037238600408443290e-01
2.583333333333333215e+01 5.672013663130861527e-01
2.625000000000000000e+01 5.513501513007088572e-01
2.666666666666666785e+01 5.341278537841153140e-01
2.708333333333333215e+01 5.101397438377259785e-01
2.750000000000000000e+01 4.796767185033530834e-01
2.791666666666666785e+01 4.433084916836995681e-01
2.833333333333333215e+01 3.981594375632712679e-01
2.875000000000000000e+01 3.572922750103588174e-01
2.916666666666666785e+01 3.493162449115536639e-01
2.958333333333333215e+01 3.657372775572640400e-01
3.000000000000000000e+01 2.661371835784936968e-01
3.041666666666666785e+01 7.267153828785377634e-02
3.083333333333333215e+01 6.919628563472290939e-02
3.125000000000000000e+01 6.571393421383986411e-02
3.166666666666666785e+01 6.223157745351948211e-02
3.208333333333333570e+01 5.875864650363149533e-02
3.250000000000000000e+01 5.528138568463414337e-02
3.291666666666666430e+01 5.179662812659791005e-02
3.333333333333333570e+01 4.832724354056761040e-02
3.375000000000000000e+01 4.486702667667163968e-02
3.416666666666666430e+01 4.142907790649341671e-02
3.458333333333333570e+01 3.798876552525753958e-02
3.500000000000000000e+01 3.454143933967401825e-02
3.541666666666666430e+01 3.109649730023200664e-02
3.583333333333333570e+01 2.763487827105304273e-02
3.625000000000000000e+01 2.417165155115141850e-02
3.666666666666666430e+01 2.070134480427132662e-02
3.708333333333333570e+01 1.723260915009061645e-02
3.750000000000000000e+01 1.376988180073890344e-02
3.791666666666666430e+01 1.032607116582173745e-02
3.833333333333333570e+01 6.903408630502982923e-03
3.875000000000000000e+01 3.462668972326277128e-03
3.916666666666666430e+01 1.153976605250406351e-05
3.958333333333333570e+01 -3.458654641353642312e-03
4.000000000000000000e+01 1.356758086856757473e-05
