0.000000000000000000e+00 6.039951229023921009e-01
4.166666666666666852e-01 5.851628282941317982e-01
8.333333333333333703e-01 5.571848845482488821e-01
1.250000000000000000e+00 5.223267723250567540e-01
1.666666666666666741e+00 4.897743003663342365e-01
2.083333333333333481e+00 4.597095097212584025e-01
2.500000000000000000e+00 4.308581631959467195e-01
2.916666666666666519e+00 4.031642940572527922e-01
3.333333333333333481e+00 3.766577499362301906e-01
3.750000000000000000e+00 3.514887975843584700e-01
4.166666666666666963e+00 3.279780448412825122e-01
4.583333333333333037e+00 3.068882242215564826e-01
5.000000000000000000e+00 2.884375312767254451e-01
5.416666666666666963e+00 2.668124135104655847e-01
5.833333333333333037e+00 2.171996757217177221e-01
6.250000000000000000e+00 1.315493851331643316e-01
6.666666666666666963e+00 5.557883662415067511e-02
7.083333333333333037e+00 1.450569629127307636e-01
7.500000000000000000e+00 1.589631610045121879e-01
7.916666666666666963e+00 1.515827574138567946e-01
8.333333333333333925e+00 1.423200264992595943e-01
8.750000000000000000e+00 1.347240039686128654e-01
9.166666666666666075e+00 1.285922529944065751e-01
9.583333333333333925e+00 1.234401628719597188e-01
1.000000000000000000e+01 1.188708838608815710e-01
1.041666666666666607e+01 1.146367876480492570e-01
1.083333333333333393e+01 1.106860893111983879e-01
1.125000000000000000e+01 1.070598589123429450e-01
1.166666666666666607e+01 1.038007992458487710e-01
1.208333333333333393e+01 1.009278423697287513e-01
1.250000000000000000e+01 9.844002646554778080e-02
1.291666666666666607e+01 9.632670767046337679e-02
1.333333333333333393e+01 9.457209263576130120e-02
1.375000000000000000e+01 9.315660114535249947e-02
1.416666666666666607e+01 9.206192893374183506e-02
1.458333333333333393e+01 9.127978708074752090e-02
1.500000000000000000e+01 9.081048676949698972e-02
1.541666666666666607e+01 9.065025001155121998e-02
1.583333333333333393e+01 9.078725978635665550e-02
1.625000000000000000e+01 9.121230249972495097e-02
1.666666666666666785e+01 9.192808336711041917e-02
1.708333333333333215e+01 9.294957337539500042e-02
1.750000000000000000e+01 9.428105820832789752e-02
1.791666666666666785e+01 9.579913208494367227e-02
1.833333333333333215e+01 9.689503766394708117e-02
1.875000000000000000e+01 9.587610431083525009e-02
1.916666666666666785e+01 9.025356987979303580e-02
1.958333333333333215e+01 6.975575882895330981e-02
2.000000000000000000e+01 8.279159493253929192e-02
2.041666666666666785e+01 8.707941969640178859e-02
2.083333333333333215e+01 9.565369695519151949e-02
2.125000000000000000e+01 1.001206526199967944e-01
2.166666666666666785e+01 1.036362482645726280e-01
2.208333333333333215e+01 1.072075900313596702e-01
2.250000000000000000e+01 1.108979625093950011e-01
2.291666666666666785e+01 1.146351608240383235e-01
2.333333333333333215e+01 1.183925154128560447e-01
2.375000000000000000e+01 1.220023938764948634e-01
2.416666666666666785e+01 1.252561037231824659e-01
2.458333333333333215e+01 1.282248263772568786e-01
2.500000000000000000e+01 1.311984818266140607e-01
2.541666666666666785e+01 1.343330582670415607e-01
2.583333333333333215e+01 1.375932736080168750e-01
2.625000000000000000e+01 1.409156638265073591e-01
2.666666666666666785e+01 1.442580152036758712e-01
2.708333333333333215e+01 1.475830745120271792e-01
2.750000000000000000e+01 1.508446151781389355e-01
2.791666666666666785e+01 1.539698778786181554e-01
2.833333333333333215e+01 1.568575493293789536e-01
2.875000000000000000e+01 1.594212069354941363e-01
2.916666666666666785e+01 1.616450212578335321e-01
2.958333333333333215e+01 1.635950334133766393e-01
3.000000000000000000e+01 1.654156816065872893e-01
3.041666666666666785e+01 1.673923559434145059e-01
3.083333333333333215e+01 1.700937752403535730e-01
3.125000000000000000e+01 1.744775644660985503e-01
3.166666666666666785e+01 1.810561671951496920e-01
3.208333333333333570e+01 1.851344650205401510e-01
3.250000000000000000e+01 1.662855091478892267e-01
3.291666666666666430e+01 7.465688335285992905e-02
3.333333333333333570e+01 3.560306502734838369e-02
3.375000000000000000e+01 8.724327678551700715e-02
3.416666666666666430e+01 9.905807349471865142e-02
3.458333333333333570e+01 9.360407216044680512e-02
3.500000000000000000e+01 8.723328532736368546e-02
3.541666666666666430e+01 8.199029582945117911e-02
3.583333333333333570e+01 7.753988825167781873e-02
3.625000000000000000e+01 7.330918006712229540e-02
3.666666666666666430e+01 6.899730887234702126e-02
3.708333333333333570e+01 6.454520671696904743e-02
3.750000000000000000e+01 6.008388424549861856e-02
3.791666666666666430e+01 5.585660413110662276e-02
3.833333333333333570e+01 5.220943309305729058e-02
3.875000000000000000e+01 4.606143501917060734e-02
3.916666666666666430e+01 3.195645854788373846e-02
3.958333333333333570e+01 -5.330256095473354105e-02
4.000000000000000000e+01 -5.069839428806687670e-02
