0.000000000000000000e+00 4.057974743710269783e-01
4.166666666666666852e-01 4.010364562324978399e-01
8.333333333333333703e-01 3.935257028211289754e-01
1.250000000000000000e+00 4.009393986658817965e-01
1.666666666666666741e+00 4.175717110765012619e-01
2.083333333333333481e+00 4.353520614799266664e-01
2.500000000000000000e+00 4.492519008146409476e-01
2.916666666666666519e+00 4.607669340764298793e-01
3.333333333333333481e+00 4.718016964126598989e-01
3.750000000000000000e+00 4.819560850469367663e-01
4.166666666666666963e+00 4.908359118130370957e-01
4.583333333333333037e+00 4.982359163190057671e-01
5.000000000000000000e+00 5.034785360188814840e-01
5.416666666666666963e+00 5.065563357769119479e-01
5.833333333333333037e+00 5.114944516601949154e-01
6.250000000000000000e+00 5.285861299483616271e-01
6.666666666666666963e+00 5.753947594318920000e-01
7.083333333333333037e+00 6.175139850836476318e-01
7.500000000000000000e+00 6.127700019622603911e-01
7.916666666666666963e+00 6.033004396917200918e-01
8.333333333333333925e+00 6.075403380186039648e-01
8.750000000000000000e+00 6.148238464501649680e-01
9.166666666666666075e+00 6.223195791886102501e-01
9.583333333333333925e+00 6.283545657418354580e-01
1.000000000000000000e+01 6.327359574877140513e-01
1.041666666666666607e+01 6.359230819272516655e-01
1.083333333333333393e+01 6.379413995045610797e-01
1.125000000000000000e+01 6.383080211260453440e-01
1.166666666666666607e+01 6.370594401073664814e-01
1.208333333333333393e+01 6.344312269188434605e-01
1.250000000000000000e+01 6.306633517402380207e-01
1.291666666666666607e+01 6.261999191088631900e-01
1.333333333333333393e+01 6.211695590727631666e-01
1.375000000000000000e+01 6.158788957235264983e-01
1.416666666666666607e+01 6.105363424728480481e-01
1.458333333333333393e+01 6.038969765821571301e-01
1.500000000000000000e+01 5.911414825270570050e-01
1.541666666666666607e+01 5.599036053312483885e-01
1.583333333333333393e+01 5.094457382062902440e-01
1.625000000000000000e+01 5.754680889560962465e-01
1.666666666666666785e+01 6.386641059210772520e-01
1.708333333333333215e+01 6.443286930159171089e-01
1.750000000000000000e+01 6.316811845704296546e-01
1.791666666666666785e+01 6.138541893159976670e-01
1.833333333333333215e+01 5.951984909898853093e-01
1.875000000000000000e+01 5.764362755017121698e-01
1.916666666666666785e+01 5.573162398520934424e-01
1.958333333333333215e+01 5.376128817869387788e-01
2.000000000000000000e+01 5.170957031682827942e-01
2.041666666666666785e+01 4.961106701517739026e-01
2.083333333333333215e+01 4.752795264804825504e-01
2.125000000000000000e+01 4.541864811547375869e-01
2.166666666666666785e+01 4.316210670907363323e-01
2.208333333333333215e+01 4.070106946157386885e-01
2.250000000000000000e+01 3.801701415857315913e-01
2.291666666666666785e+01 3.503296285680527200e-01
2.333333333333333215e+01 3.182725701215621816e-01
2.375000000000000000e+01 2.854810491412498874e-01
2.416666666666666785e+01 2.365384775389633987e-01
2.458333333333333215e+01 1.701867713761993084e-01
2.500000000000000000e+01 3.073758399415362774e-01
2.541666666666666785e+01 4.207781595854908074e-01
2.583333333333333215e+01 4.280850409554249891e-01
2.625000000000000000e+01 4.065026224860059378e-01
2.666666666666666785e+01 3.749973230199710184e-01
2.708333333333333215e+01 3.484580094120321436e-01
2.750000000000000000e+01 3.357240634126091861e-01
2.791666666666666785e+01 3.331238143612739733e-01
2.833333333333333215e+01 3.408119229655284244e-01
2.875000000000000000e+01 3.072680032182154575e-01
2.916666666666666785e+01 2.435461297488361598e-01
2.958333333333333215e+01 8.260095553683000080e-02
3.000000000000000000e+01 8.057846504911103658e-02
3.041666666666666785e+01 3.756873272574958733e-01
3.083333333333333215e+01 3.027055239682581167e-01
3.125000000000000000e+01 4.019256367000445529e-02
3.166666666666666785e+01 3.814595738346093778e-02
3.208333333333333570e+01 3.607460372549764482e-02
3.250000000000000000e+01 3.398780372589438326e-02
3.291666666666666430e+01 3.189192574107779787e-02
3.333333333333333570e+01 2.977108109021364690e-02
3.375000000000000000e+01 2.763291427214331630e-02
3.416666666666666430e+01 2.546451642193992004e-02
3.458333333333333570e+01 2.328186145382626915e-02
3.500000000000000000e+01 2.108382873942815650e-02
3.541666666666666430e+01 1.885909677108166260e-02
3.583333333333333570e+01 1.662246776269304949e-02
3.625000000000000000e+01 1.436176606690398039e-02
3.666666666666666430e+01 1.208440763611728919e-02
3.708333333333333570e+01 9.786563911995171949e-03
3.750000000000000000e+01 7.468385048018499894e-03
3.791666666666666430e+01 5.120636162714409245e-03
3.833333333333333570e+01 2.737631892598346717e-03
3.875000000000000000e+01 3.453297853466263945e-04
3.916666666666666430e+01 -2.068756960000861511e-03
3.958333333333333570e+01 -4.498620119006369045e-03
4.000000000000000000e+01 -1.026397896784159158e-03
