0.000000000000000000e+00 1.197135129908823314e+00
4.166666666666666852e-01 1.210689022151522964e+00
8.333333333333333703e-01 1.224864458074849338e+00
1.250000000000000000e+00 1.234510288063448868e+00
1.666666666666666741e+00 1.239954346733952661e+00
2.083333333333333481e+00 1.244060361617983945e+00
2.500000000000000000e+00 1.249613996131903715e+00
2.916666666666666519e+00 1.257038082533456169e+00
3.333333333333333481e+00 1.265184147051000796e+00
3.750000000000000000e+00 1.273155224688883980e+00
4.166666666666666963e+00 1.280810187857059024e+00
4.583333333333333037e+00 1.289066302395204922e+00
5.000000000000000000e+00 1.299795858550205407e+00
5.416666666666666963e+00 1.314365699261575759e+00
5.833333333333333037e+00 1.333480465302738782e+00
6.250000000000000000e+00 1.357143096702116747e+00
6.666666666666666963e+00 1.387080818508931390e+00
7.083333333333333037e+00 1.426820802108585307e+00
7.500000000000000000e+00 1.481016231722935839e+00
7.916666666666666963e+00 1.496597774192261809e+00
8.333333333333333925e+00 1.503050694272691556e+00
8.750000000000000000e+00 1.494710360839269558e+00
9.166666666666666075e+00 1.481271968835125463e+00
9.583333333333333925e+00 1.468673022238320414e+00
1.000000000000000000e+01 1.458237215263610276e+00
1.041666666666666607e+01 1.449508666937361356e+00
1.083333333333333393e+01 1.441799000626510896e+00
1.125000000000000000e+01 1.434681683826065202e+00
1.166666666666666607e+01 1.427862471601274663e+00
1.208333333333333393e+01 1.420949545236439793e+00
1.250000000000000000e+01 1.413587676302427543e+00
1.291666666666666607e+01 1.405446267912006109e+00
1.333333333333333393e+01 1.396233803504390414e+00
1.375000000000000000e+01 1.386081803925538036e+00
1.416666666666666607e+01 1.375701361272262391e+00
1.458333333333333393e+01 1.367335364110932039e+00
1.500000000000000000e+01 1.361955842620329538e+00
1.541666666666666607e+01 1.339608834358815503e+00
1.583333333333333393e+01 1.316616460867141347e+00
1.625000000000000000e+01 1.301158850936332989e+00
1.666666666666666785e+01 1.286559900565781511e+00
1.708333333333333215e+01 1.270237197674986662e+00
1.750000000000000000e+01 1.250709595528014528e+00
1.791666666666666785e+01 1.228180150742971710e+00
1.833333333333333215e+01 1.204345571479462418e+00
1.875000000000000000e+01 1.180312221716910859e+00
1.916666666666666785e+01 1.156973008292568217e+00
1.958333333333333215e+01 1.134439971782511547e+00
2.000000000000000000e+01 1.111251461350575953e+00
2.041666666666666785e+01 1.085781951261880929e+00
2.083333333333333215e+01 1.059272262134120179e+00
2.125000000000000000e+01 1.034455595890047652e+00
2.166666666666666785e+01 1.012142777009839234e+00
2.208333333333333215e+01 9.904657299846488794e-01
2.250000000000000000e+01 9.666933614035856381e-01
2.291666666666666785e+01 9.394029721114051101e-01
2.333333333333333215e+01 9.089157899350446268e-01
2.375000000000000000e+01 8.779006236524342643e-01
2.416666666666666785e+01 8.519474029962632589e-01
2.458333333333333215e+01 8.314423885856261354e-01
2.500000000000000000e+01 7.750963760114113477e-01
2.541666666666666785e+01 7.239784702500182689e-01
2.583333333333333215e+01 6.919644169430942959e-01
2.625000000000000000e+01 6.631442895596371123e-01
2.666666666666666785e+01 6.335901271011112890e-01
2.708333333333333215e+01 6.057845404205004503e-01
2.750000000000000000e+01 5.815882107659522404e-01
2.791666666666666785e+01 5.546383092421740546e-01
2.833333333333333215e+01 5.183076156836201598e-01
2.875000000000000000e+01 4.760948600029883404e-01
2.916666666666666785e+01 4.474626093687986694e-01
2.958333333333333215e+01 4.403307740447255370e-01
3.000000000000000000e+01 3.591468670552436793e-01
3.041666666666666785e+01 2.783220396737695612e-01
3.083333333333333215e+01 2.403339743477574952e-01
3.125000000000000000e+01 2.066988254885627763e-01
3.166666666666666785e+01 1.794290183437792230e-01
3.208333333333333570e+01 8.696593419507914202e-02
3.250000000000000000e+01 8.194870882003013612e-02
3.291666666666666430e+01 7.694719025970186976e-02
3.333333333333333570e+01 7.194540006312000191e-02
3.375000000000000000e+01 6.695231617694819004e-02
3.416666666666666430e+01 6.195607993343787978e-02
3.458333333333333570e+01 5.697452146372672388e-02
3.500000000000000000e+01 5.200756525014471610e-02
3.541666666666666430e+01 4.704416098011088287e-02
3.583333333333333570e+01 4.209967197631814262e-02
3.625000000000000000e+01 3.716144022362866117e-02
3.666666666666666430e+01 3.223658504807314085e-02
3.708333333333333570e+01 2.732054091915236960e-02
3.750000000000000000e+01 2.241266301766930980e-02
3.791666666666666430e+01 1.750285348889479842e-02
3.833333333333333570e+01 1.258537381098268071e-02
3.875000000000000000e+01 7.687479694066134961e-03
3.916666666666666430e+01 2.796861046669429918e-03
3.958333333333333570e+01 -2.080276822024051953e-03
4.000000000000000000e+01 1.391945400198157934e-03
