0.000000000000000000e+00 1.447708662890531128e+00
4.166666666666666852e-01 1.462014129890609748e+00
8.333333333333333703e-01 1.470706371758168540e+00
1.250000000000000000e+00 1.474441344651519437e+00
1.666666666666666741e+00 1.470458535477251694e+00
2.083333333333333481e+00 1.471026222936281158e+00
2.500000000000000000e+00 1.478088928275416603e+00
2.916666666666666519e+00 1.485560969776775542e+00
3.333333333333333481e+00 1.492245647980314782e+00
3.750000000000000000e+00 1.498574706263194667e+00
4.166666666666666963e+00 1.505691188517495727e+00
4.583333333333333037e+00 1.514312707707256678e+00
5.000000000000000000e+00 1.520798669083060162e+00
5.416666666666666963e+00 1.523057133385032014e+00
5.833333333333333037e+00 1.526978832352913429e+00
6.250000000000000000e+00 1.535539248149024427e+00
6.666666666666666963e+00 1.542808305368616129e+00
7.083333333333333037e+00 1.546887972054120652e+00
7.500000000000000000e+00 1.548474611451528204e+00
7.916666666666666963e+00 1.548104105155589716e+00
8.333333333333333925e+00 1.547333572798070600e+00
8.750000000000000000e+00 1.544806687301766734e+00
9.166666666666666075e+00 1.540800186883624301e+00
9.583333333333333925e+00 1.536265967589074410e+00
1.000000000000000000e+01 1.530299331449003652e+00
1.041666666666666607e+01 1.523869642484236619e+00
1.083333333333333393e+01 1.517934660104371503e+00
1.125000000000000000e+01 1.512258932464669581e+00
1.166666666666666607e+01 1.506583093810967888e+00
1.208333333333333393e+01 1.500554343197141982e+00
1.250000000000000000e+01 1.493085562469726568e+00
1.291666666666666607e+01 1.483990324199696342e+00
1.333333333333333393e+01 1.472421564141598083e+00
1.375000000000000000e+01 1.457807527235029266e+00
1.416666666666666607e+01 1.442886203640687759e+00
1.458333333333333393e+01 1.427720997512706536e+00
1.500000000000000000e+01 1.410839170212484284e+00
1.541666666666666607e+01 1.393888026863838281e+00
1.583333333333333393e+01 1.378051436138782782e+00
1.625000000000000000e+01 1.362105669008519593e+00
1.666666666666666785e+01 1.345183718538767836e+00
1.708333333333333215e+01 1.326832624876742139e+00
1.750000000000000000e+01 1.308428283155652405e+00
1.791666666666666785e+01 1.292064198611523995e+00
1.833333333333333215e+01 1.278396405570377814e+00
1.875000000000000000e+01 1.266000517095767552e+00
1.916666666666666785e+01 1.253468208260104966e+00
1.958333333333333215e+01 1.239467328279173275e+00
2.000000000000000000e+01 1.223373625680531651e+00
2.041666666666666785e+01 1.205128426727444468e+00
2.083333333333333215e+01 1.183619903384923289e+00
2.125000000000000000e+01 1.157013971581459355e+00
2.166666666666666785e+01 1.124537426934601569e+00
2.208333333333333215e+01 1.086566617049480321e+00
2.250000000000000000e+01 1.046344518605988316e+00
2.291666666666666785e+01 1.014950984840018888e+00
2.333333333333333215e+01 1.017400674413908135e+00
2.375000000000000000e+01 1.052779912432952436e+00
2.416666666666666785e+01 8.897118807560675524e-01
2.458333333333333215e+01 7.546694893478486099e-01
2.500000000000000000e+01 7.335430020061559642e-01
2.541666666666666785e+01 7.371565341635092361e-01
2.583333333333333215e+01 7.311992009467511711e-01
2.625000000000000000e+01 7.130834577909707095e-01
2.666666666666666785e+01 6.863808376141105061e-01
2.708333333333333215e+01 6.538739430717699364e-01
2.750000000000000000e+01 6.170961059344576283e-01
2.791666666666666785e+01 5.789510586615346233e-01
2.833333333333333215e+01 5.505207963633149681e-01
2.875000000000000000e+01 5.560684228194621159e-01
2.916666666666666785e+01 5.923295289821933762e-01
2.958333333333333215e+01 4.297178003475985997e-01
3.000000000000000000e+01 2.975632846379590024e-01
3.041666666666666785e+01 2.658549462145217701e-01
3.083333333333333215e+01 2.478415933712089236e-01
3.125000000000000000e+01 2.127865147814180791e-01
3.166666666666666785e+01 1.883299241446786398e-01
3.208333333333333570e+01 5.971974148589354048e-02
3.250000000000000000e+01 5.623398143711622055e-02
3.291666666666666430e+01 5.275615579390224852e-02
3.333333333333333570e+01 4.925412200716727806e-02
3.375000000000000000e+01 4.573551058151814619e-02
3.416666666666666430e+01 4.219137189389710052e-02
3.458333333333333570e+01 3.865899946418327460e-02
3.500000000000000000e+01 3.514020285652885711e-02
3.541666666666666430e+01 3.162930343108860676e-02
3.583333333333333570e+01 2.814774497232575001e-02
3.625000000000000000e+01 2.467493503079221107e-02
3.666666666666666430e+01 2.120944107778099941e-02
3.708333333333333570e+01 1.773356136946557804e-02
3.750000000000000000e+01 1.423571485345898058e-02
3.791666666666666430e+01 1.069987621291945690e-02
3.833333333333333570e+01 7.129367243319473246e-03
3.875000000000000000e+01 3.577602778420452267e-03
3.916666666666666430e+01 4.412380407647908953e-05
3.958333333333333570e+01 -3.460087231395569951e-03
4.000000000000000000e+01 1.213499082663993534e-05
