0.000000000000000000e+00 1.008517623456319789e+00
4.166666666666666852e-01 1.156994162613346422e+00
8.333333333333333703e-01 1.164003790186031617e+00
1.250000000000000000e+00 1.184878534391089033e+00
1.666666666666666741e+00 1.207314474328152976e+00
2.083333333333333481e+00 1.220555045133425498e+00
2.500000000000000000e+00 1.235323245978236173e+00
2.916666666666666519e+00 1.249371881731178746e+00
3.333333333333333481e+00 1.261981050072195520e+00
3.750000000000000000e+00 1.273111426756325049e+00
4.166666666666666963e+00 1.283245313475904537e+00
4.583333333333333037e+00 1.294001295755791592e+00
5.000000000000000000e+00 1.306292027379512444e+00
5.416666666666666963e+00 1.317572600892644719e+00
5.833333333333333037e+00 1.325299678240901891e+00
6.250000000000000000e+00 1.334235622366558793e+00
6.666666666666666963e+00 1.349762970613920476e+00
7.083333333333333037e+00 1.368646109788327347e+00
7.500000000000000000e+00 1.385810955044876280e+00
7.916666666666666963e+00 1.390520065715100895e+00
8.333333333333333925e+00 1.346374526133399696e+00
8.750000000000000000e+00 1.300655011561322238e+00
9.166666666666666075e+00 1.321082543539317644e+00
9.583333333333333925e+00 1.341383672917147551e+00
1.000000000000000000e+01 1.336601937125582840e+00
1.041666666666666607e+01 1.327937316395967349e+00
1.083333333333333393e+01 1.318398798465498567e+00
1.125000000000000000e+01 1.307656611813112324e+00
1.166666666666666607e+01 1.294513575385245696e+00
1.208333333333333393e+01 1.276883987812817756e+00
1.250000000000000000e+01 1.252001502777403630e+00
1.291666666666666607e+01 1.217214309032508934e+00
1.333333333333333393e+01 1.185402743829415462e+00
1.375000000000000000e+01 1.150176618311890220e+00
1.416666666666666607e+01 1.342062008945916540e+00
1.458333333333333393e+01 1.378605989160455625e+00
1.500000000000000000e+01 1.404137170083644914e+00
1.541666666666666607e+01 1.417430650904768941e+00
1.583333333333333393e+01 1.418997808786794268e+00
1.625000000000000000e+01 1.412648324362563379e+00
1.666666666666666785e+01 1.402630484959580981e+00
1.708333333333333215e+01 1.389552205927993223e+00
1.750000000000000000e+01 1.371242288161245160e+00
1.791666666666666785e+01 1.347029352962666460e+00
1.833333333333333215e+01 1.319131858457456730e+00
1.875000000000000000e+01 1.291445801962021855e+00
1.916666666666666785e+01 1.268263928212260305e+00
1.958333333333333215e+01 1.250108636865204792e+00
2.000000000000000000e+01 1.233057335949007571e+00
2.041666666666666785e+01 1.214673107754369097e+00
2.083333333333333215e+01 1.195297532015639597e+00
2.125000000000000000e+01 1.176028418917701268e+00
2.166666666666666785e+01 1.156316584425319816e+00
2.208333333333333215e+01 1.134220903577817907e+00
2.250000000000000000e+01 1.106107808541506365e+00
2.291666666666666785e+01 1.063517046506626595e+00
2.333333333333333215e+01 1.026496231009482951e+00
2.375000000000000000e+01 1.017808612741210039e+00
2.416666666666666785e+01 1.026130880399391598e+00
2.458333333333333215e+01 8.962686083072193277e-01
2.500000000000000000e+01 7.775580223049800566e-01
2.541666666666666785e+01 7.373973505219701963e-01
2.583333333333333215e+01 7.190081608020413295e-01
2.625000000000000000e+01 7.012360539588687880e-01
2.666666666666666785e+01 6.765211157210901938e-01
2.708333333333333215e+01 6.464147152016732623e-01
2.750000000000000000e+01 6.132439920931660460e-01
2.791666666666666785e+01 5.780128959865494798e-01
2.833333333333333215e+01 5.426644831691264104e-01
2.875000000000000000e+01 5.124950976878352993e-01
2.916666666666666785e+01 5.023753942307243037e-01
2.958333333333333215e+01 5.089877567735783259e-01
3.000000000000000000e+01 3.920677883231559191e-01
3.041666666666666785e+01 3.035057516466743710e-01
3.083333333333333215e+01 2.807713751525728885e-01
3.125000000000000000e+01 2.594775928169997803e-01
3.166666666666666785e+01 2.312093970751512018e-01
3.208333333333333570e+01 1.993972455051890025e-01
3.250000000000000000e+01 1.573007699178481378e-01
3.291666666666666430e+01 1.267944599476816814e-01
3.333333333333333570e+01 4.068634091973710731e-02
3.375000000000000000e+01 3.751715653796350303e-02
3.416666666666666430e+01 3.435194547709896629e-02
3.458333333333333570e+01 3.122598017349431654e-02
3.500000000000000000e+01 2.813945902701686652e-02
3.541666666666666430e+01 2.508557445030024091e-02
3.583333333333333570e+01 2.208481872443857075e-02
3.625000000000000000e+01 1.911676119967209431e-02
3.666666666666666430e+01 1.618029356295813681e-02
3.708333333333333570e+01 1.325821706357466212e-02
3.750000000000000000e+01 1.033898894135842905e-02
3.791666666666666430e+01 7.405825812796584806e-03
3.833333333333333570e+01 4.459906646571254463e-03
3.875000000000000000e+01 1.551311405888156081e-03
3.916666666666666430e+01 -1.322535873678476470e-03
3.958333333333333570e+01 -4.151663443726749669e-03
4.000000000000000000e+01 -6.794412215045397829e-04
