0.000000000000000000e+00 3.247129398891921426e-01
4.166666666666666852e-01 3.879042731688713275e-01
8.333333333333333703e-01 4.530194651279533247e-01
1.250000000000000000e+00 5.115211598041753405e-01
1.666666666666666741e+00 5.733713960806809951e-01
2.083333333333333481e+00 6.364763790312188974e-01
2.500000000000000000e+00 6.995577323232389233e-01
2.916666666666666519e+00 7.636773665305653935e-01
3.333333333333333481e+00 8.295102642615859168e-01
3.750000000000000000e+00 8.969161912587608754e-01
4.166666666666666963e+00 9.641347165053204549e-01
4.583333333333333037e+00 1.026229326111923967e+00
5.000000000000000000e+00 1.087442116663879688e+00
5.416666666666666963e+00 1.159033121255021115e+00
5.833333333333333037e+00 1.232766518333548333e+00
6.250000000000000000e+00 1.303176172018197576e+00
6.666666666666666963e+00 1.373167770596516846e+00
7.083333333333333037e+00 1.443250462207821272e+00
7.500000000000000000e+00 1.513221580645392805e+00
7.916666666666666963e+00 1.580857046624238649e+00
8.333333333333333925e+00 1.638546622555068666e+00
8.750000000000000000e+00 1.693806278265782339e+00
9.166666666666666075e+00 1.763893020851973858e+00
9.583333333333333925e+00 1.835844989158097462e+00
1.000000000000000000e+01 1.900614458151814290e+00
1.041666666666666607e+01 1.961993101303924902e+00
1.083333333333333393e+01 2.021678276617180359e+00
1.125000000000000000e+01 2.080424160833302949e+00
1.166666666666666607e+01 2.138073085696674980e+00
1.208333333333333393e+01 2.194062051961196858e+00
1.250000000000000000e+01 2.248037846857862121e+00
1.291666666666666607e+01 2.299584930805920635e+00
1.333333333333333393e+01 2.348181804554592134e+00
1.375000000000000000e+01 2.389954395629175110e+00
1.416666666666666607e+01 2.413308767960060663e+00
1.458333333333333393e+01 2.433751583707532973e+00
1.500000000000000000e+01 2.477024474992973069e+00
1.541666666666666607e+01 2.520814058595568952e+00
1.583333333333333393e+01 2.552991055152773470e+00
1.625000000000000000e+01 2.579524719296905744e+00
1.666666666666666785e+01 2.602659697149743323e+00
1.708333333333333215e+01 2.622911052452824521e+00
1.750000000000000000e+01 2.639660391991089483e+00
1.791666666666666785e+01 2.652510040594945551e+00
1.833333333333333215e+01 2.661665139316477635e+00
1.875000000000000000e+01 2.667353055546105800e+00
1.916666666666666785e+01 2.669599562053531550e+00
1.958333333333333215e+01 2.668622878390704223e+00
2.000000000000000000e+01 2.664586599432886338e+00
2.041666666666666785e+01 2.657127676932153015e+00
2.083333333333333215e+01 2.645875142058799590e+00
2.125000000000000000e+01 2.630975824138197083e+00
2.166666666666666785e+01 2.612675718400476299e+00
2.208333333333333215e+01 2.591095197960477492e+00
2.250000000000000000e+01 2.566585750437358371e+00
2.291666666666666785e+01 2.539676585214611038e+00
2.333333333333333215e+01 2.510943030075669213e+00
2.375000000000000000e+01 2.481046815931708949e+00
2.416666666666666785e+01 2.451540146591703717e+00
2.458333333333333215e+01 2.428891419362201987e+00
2.500000000000000000e+01 2.416816005009870594e+00
2.541666666666666785e+01 2.347071689650960025e+00
2.583333333333333215e+01 2.280701021296060560e+00
2.625000000000000000e+01 2.244643084486028783e+00
2.666666666666666785e+01 2.217437192653321176e+00
2.708333333333333215e+01 2.191822382329782215e+00
2.750000000000000000e+01 2.166018749318993741e+00
2.791666666666666785e+01 2.140276629651182816e+00
2.833333333333333215e+01 2.114188060974036887e+00
2.875000000000000000e+01 2.087580313855518455e+00
2.916666666666666785e+01 2.061105610787819842e+00
2.958333333333333215e+01 2.034249446973092290e+00
3.000000000000000000e+01 1.997427772646197752e+00
3.041666666666666785e+01 1.930370636126006900e+00
3.083333333333333215e+01 1.820292032542774052e+00
3.125000000000000000e+01 1.613551446730873806e+00
3.166666666666666785e+01 1.404493831847844376e+00
3.208333333333333570e+01 1.243401672153495952e+00
3.250000000000000000e+01 1.121742825081263106e+00
3.291666666666666430e+01 1.026397781632248041e+00
3.333333333333333570e+01 9.481258689505978055e-01
3.375000000000000000e+01 8.814455444398276995e-01
3.416666666666666430e+01 8.230887172003988894e-01
3.458333333333333570e+01 7.704057232009091649e-01
3.500000000000000000e+01 7.262618533904117157e-01
3.541666666666666430e+01 6.855727054326692382e-01
3.583333333333333570e+01 6.432148740130472220e-01
3.625000000000000000e+01 5.998826008643867169e-01
3.666666666666666430e+01 5.549411886622088730e-01
3.708333333333333570e+01 5.070682835896072049e-01
3.750000000000000000e+01 4.555497151281890922e-01
3.791666666666666430e+01 4.011276153251621679e-01
3.833333333333333570e+01 3.547712120498278665e-01
3.875000000000000000e+01 3.058298533648056150e-01
3.916666666666666430e+01 2.516813982721366472e-01
3.958333333333333570e+01 1.957375241522294473e-01
4.000000000000000000e+01 1.957375241522294473e-01
