0.000000000000000000e+00 1.407247882306401410e+00
4.166666666666666852e-01 1.439352747895431772e+00
8.333333333333333703e-01 1.472405845219231679e+00
1.250000000000000000e+00 1.485886545111819723e+00
1.666666666666666741e+00 1.489691028799768224e+00
2.083333333333333481e+00 1.493595831642719141e+00
2.500000000000000000e+00 1.501470322294825577e+00
2.916666666666666519e+00 1.511319917256517709e+00
3.333333333333333481e+00 1.521455932011362089e+00
3.750000000000000000e+00 1.531162792815428997e+00
4.166666666666666963e+00 1.540476870931938080e+00
4.583333333333333037e+00 1.550688861966980525e+00
5.000000000000000000e+00 1.561201182573621615e+00
5.416666666666666963e+00 1.569187998161019504e+00
5.833333333333333037e+00 1.573845093138584339e+00
6.250000000000000000e+00 1.581338967961427588e+00
6.666666666666666963e+00 1.595846409086720818e+00
7.083333333333333037e+00 1.611218690999225878e+00
7.500000000000000000e+00 1.613994367987482415e+00
7.916666666666666963e+00 1.577063908962514915e+00
8.333333333333333925e+00 1.538978925415626087e+00
8.750000000000000000e+00 1.555056648966437916e+00
9.166666666666666075e+00 1.571639942132267542e+00
9.583333333333333925e+00 1.569004531692996141e+00
1.000000000000000000e+01 1.563125065136716341e+00
1.041666666666666607e+01 1.556822371591782606e+00
1.083333333333333393e+01 1.550671697386411196e+00
1.125000000000000000e+01 1.544182339147343930e+00
1.166666666666666607e+01 1.536541650239520163e+00
1.208333333333333393e+01 1.527109151399113296e+00
1.250000000000000000e+01 1.515628944545744483e+00
1.291666666666666607e+01 1.502847334044968397e+00
1.333333333333333393e+01 1.492288482611500156e+00
1.375000000000000000e+01 1.497296070950886682e+00
1.416666666666666607e+01 1.522739067099652344e+00
1.458333333333333393e+01 1.444098626165536192e+00
1.500000000000000000e+01 1.364743144434340749e+00
1.541666666666666607e+01 1.339085948344550747e+00
1.583333333333333393e+01 1.329122048859148864e+00
1.625000000000000000e+01 1.320710624362742003e+00
1.666666666666666785e+01 1.310391232330132993e+00
1.708333333333333215e+01 1.297957134095151233e+00
1.750000000000000000e+01 1.283322379929347168e+00
1.791666666666666785e+01 1.266286214703586932e+00
1.833333333333333215e+01 1.246975929366074043e+00
1.875000000000000000e+01 1.225554395654213868e+00
1.916666666666666785e+01 1.202348161708870489e+00
1.958333333333333215e+01 1.177205847620830470e+00
2.000000000000000000e+01 1.149419186902645329e+00
2.041666666666666785e+01 1.119342695797580944e+00
2.083333333333333215e+01 1.088861235380304660e+00
2.125000000000000000e+01 1.058858319262936831e+00
2.166666666666666785e+01 1.028491248201325536e+00
2.208333333333333215e+01 9.965715203257402566e-01
2.250000000000000000e+01 9.616345212723700353e-01
2.291666666666666785e+01 9.182006385676375615e-01
2.333333333333333215e+01 8.853654599398772529e-01
2.375000000000000000e+01 8.818015171253457130e-01
2.416666666666666785e+01 8.885168385829406157e-01
2.458333333333333215e+01 7.651763288316755229e-01
2.500000000000000000e+01 6.549289796623206650e-01
2.541666666666666785e+01 6.208812965545172924e-01
2.583333333333333215e+01 6.018922556921812994e-01
2.625000000000000000e+01 5.766284051883029393e-01
2.666666666666666785e+01 5.475436420225920919e-01
2.708333333333333215e+01 5.190749420292066763e-01
2.750000000000000000e+01 4.906569944219549284e-01
2.791666666666666785e+01 4.528582957339681858e-01
2.833333333333333215e+01 4.180384632449043458e-01
2.875000000000000000e+01 3.928531202760120467e-01
2.916666666666666785e+01 3.807755962988255138e-01
2.958333333333333215e+01 3.761111194592521301e-01
3.000000000000000000e+01 2.789956188703842654e-01
3.041666666666666785e+01 1.010203472548201198e-01
3.083333333333333215e+01 9.616923438822533310e-02
3.125000000000000000e+01 9.133184093411017557e-02
3.166666666666666785e+01 8.650907101574145663e-02
3.208333333333333570e+01 8.168128308727606868e-02
3.250000000000000000e+01 7.686260080774831582e-02
3.291666666666666430e+01 7.206164692859817755e-02
3.333333333333333570e+01 6.726171246450785013e-02
3.375000000000000000e+01 6.247269628423890442e-02
3.416666666666666430e+01 5.768381432390490282e-02
3.458333333333333570e+01 5.291649908906470579e-02
3.500000000000000000e+01 4.817332340760183129e-02
3.541666666666666430e+01 4.344480300307984599e-02
3.583333333333333570e+01 3.874879788716745210e-02
3.625000000000000000e+01 3.407313077178142358e-02
3.666666666666666430e+01 2.942581077207884199e-02
3.708333333333333570e+01 2.480220910292274539e-02
3.750000000000000000e+01 2.020144271656132418e-02
3.791666666666666430e+01 1.561302768087458048e-02
3.833333333333333570e+01 1.103254051780822032e-02
3.875000000000000000e+01 6.491229392257880093e-03
3.916666666666666430e+01 1.978058440348595681e-03
3.958333333333333570e+01 -2.500020407497416386e-03
4.000000000000000000e+01 9.722018147247935005e-04
