0.000000000000000000e+00 -1.736923282054056106e+00
4.166666666666666852e-01 -1.770576507137395339e+00
8.333333333333333703e-01 -1.806727282931802181e+00
1.250000000000000000e+00 -1.825850058470957382e+00
1.666666666666666741e+00 -1.835149429607036753e+00
2.083333333333333481e+00 -1.843256234527752557e+00
2.500000000000000000e+00 -1.855673396314541979e+00
2.916666666666666519e+00 -1.870404297370504398e+00
3.333333333333333481e+00 -1.884807999485067498e+00
3.750000000000000000e+00 -1.898249413783392736e+00
4.166666666666666963e+00 -1.911349152543248664e+00
4.583333333333333037e+00 -1.926693974808256771e+00
5.000000000000000000e+00 -1.939977937387625584e+00
5.416666666666666963e+00 -1.927981882731275132e+00
5.833333333333333037e+00 -1.909456156947088257e+00
6.250000000000000000e+00 -1.926095054724495714e+00
6.666666666666666963e+00 -1.943022912511432221e+00
7.083333333333333037e+00 -1.947876809073664006e+00
7.500000000000000000e+00 -1.951116562781419539e+00
7.916666666666666963e+00 -1.954412284074728223e+00
8.333333333333333925e+00 -1.958090107860191775e+00
8.750000000000000000e+00 -1.961263653782663541e+00
9.166666666666666075e+00 -1.963391257401878365e+00
9.583333333333333925e+00 -1.964823139454145107e+00
1.000000000000000000e+01 -1.965232822095571708e+00
1.041666666666666607e+01 -1.964083677287874030e+00
1.083333333333333393e+01 -1.961937237307151749e+00
1.125000000000000000e+01 -1.958843404524563070e+00
1.166666666666666607e+01 -1.954267469623952591e+00
1.208333333333333393e+01 -1.948488048772498038e+00
1.250000000000000000e+01 -1.941820298244665732e+00
1.291666666666666607e+01 -1.933842474864770011e+00
1.333333333333333393e+01 -1.924271255035905792e+00
1.375000000000000000e+01 -1.913564174078340230e+00
1.416666666666666607e+01 -1.901847458807407243e+00
1.458333333333333393e+01 -1.888803196062339262e+00
1.500000000000000000e+01 -1.874385148336573659e+00
1.541666666666666607e+01 -1.858310806211612931e+00
1.583333333333333393e+01 -1.839686156591876287e+00
1.625000000000000000e+01 -1.818452993817217145e+00
1.666666666666666785e+01 -1.796284075145179404e+00
1.708333333333333215e+01 -1.777115325869607521e+00
1.750000000000000000e+01 -1.773597053677742785e+00
1.791666666666666785e+01 -1.789880026453944728e+00
1.833333333333333215e+01 -1.703899919258960782e+00
1.875000000000000000e+01 -1.616654197078567723e+00
1.916666666666666785e+01 -1.581313337467623370e+00
1.958333333333333215e+01 -1.563402614115570799e+00
2.000000000000000000e+01 -1.548625374734724502e+00
2.041666666666666785e+01 -1.532072300310450830e+00
2.083333333333333215e+01 -1.513333116567670222e+00
2.125000000000000000e+01 -1.494041390894003785e+00
2.166666666666666785e+01 -1.475905000995205496e+00
2.208333333333333215e+01 -1.459729311826273523e+00
2.250000000000000000e+01 -1.445674730142197939e+00
2.291666666666666785e+01 -1.434286653938581235e+00
2.333333333333333215e+01 -1.426204950456168463e+00
2.375000000000000000e+01 -1.422074417024542514e+00
2.416666666666666785e+01 -1.421473777494137281e+00
2.458333333333333215e+01 -1.419555249956417908e+00
2.500000000000000000e+01 -1.408597624106471935e+00
2.541666666666666785e+01 -1.369696880357504032e+00
2.583333333333333215e+01 -1.144477119450024283e+00
2.625000000000000000e+01 -9.125153267283678815e-01
2.666666666666666785e+01 -7.625915475269955390e-01
2.708333333333333215e+01 -6.619584080263278825e-01
2.750000000000000000e+01 -5.917591751926543076e-01
2.791666666666666785e+01 -5.403083882046666453e-01
2.833333333333333215e+01 -4.996949429282843136e-01
2.875000000000000000e+01 -4.649675702943227851e-01
2.916666666666666785e+01 -4.338200805773214652e-01
2.958333333333333215e+01 -4.098596828158471705e-01
3.000000000000000000e+01 -4.049518107430366554e-01
3.041666666666666785e+01 -4.119734677791891952e-01
3.083333333333333215e+01 -2.990944829253004977e-01
3.125000000000000000e+01 -2.146045276251712375e-01
3.166666666666666785e+01 -1.918650358072173656e-01
3.208333333333333570e+01 -1.732557653005034615e-01
3.250000000000000000e+01 -1.524121148637348488e-01
3.291666666666666430e+01 -1.392044235510729866e-01
3.333333333333333570e+01 -1.224007373660177533e-01
3.375000000000000000e+01 -1.083150238900474349e-01
3.416666666666666430e+01 -5.935705929785162205e-02
3.458333333333333570e+01 -5.568720268871196755e-02
3.500000000000000000e+01 -5.188499038844207600e-02
3.541666666666666430e+01 -4.793011563122129282e-02
3.583333333333333570e+01 -4.383855801559921606e-02
3.625000000000000000e+01 -3.959630178668238631e-02
3.666666666666666430e+01 -3.517905447588709489e-02
3.708333333333333570e+01 -3.059569907110504250e-02
3.750000000000000000e+01 -2.582799584695660844e-02
3.791666666666666430e+01 -2.086595992959827672e-02
3.833333333333333570e+01 -1.570894158911950722e-02
3.875000000000000000e+01 -1.035607410307493037e-02
3.916666666666666430e+01 -4.798597160749151769e-03
3.958333333333333570e+01 9.711459405091771302e-04
4.000000000000000000e+01 -2.501076281713143779e-03
