0.000000000000000000e+00 1.317863237795003029e+00
4.166666666666666852e-01 1.332335870486268004e+00
8.333333333333333703e-01 1.347820173916508990e+00
1.250000000000000000e+00 1.359553250282522274e+00
1.666666666666666741e+00 1.368172973130579617e+00
2.083333333333333481e+00 1.376452685518886110e+00
2.500000000000000000e+00 1.386255023470916115e+00
2.916666666666666519e+00 1.396533370251110462e+00
3.333333333333333481e+00 1.406391955316540043e+00
3.750000000000000000e+00 1.415830450536134988e+00
4.166666666666666963e+00 1.424838074341495231e+00
4.583333333333333037e+00 1.433536280951893227e+00
5.000000000000000000e+00 1.441891385271416359e+00
5.416666666666666963e+00 1.449615912094903480e+00
5.833333333333333037e+00 1.455138625818595877e+00
6.250000000000000000e+00 1.455695251796252920e+00
6.666666666666666963e+00 1.448185793722226222e+00
7.083333333333333037e+00 1.427650353647718973e+00
7.500000000000000000e+00 1.407261798813190801e+00
7.916666666666666963e+00 1.412111983495757173e+00
8.333333333333333925e+00 1.419231747545083966e+00
8.750000000000000000e+00 1.422893744368321389e+00
9.166666666666666075e+00 1.426556062958015403e+00
9.583333333333333925e+00 1.429590078778549600e+00
1.000000000000000000e+01 1.431357596458493253e+00
1.041666666666666607e+01 1.431766071205864410e+00
1.083333333333333393e+01 1.430978264372322561e+00
1.125000000000000000e+01 1.428985784298875572e+00
1.166666666666666607e+01 1.425805043484610568e+00
1.208333333333333393e+01 1.421420070352603204e+00
1.250000000000000000e+01 1.415725560163146435e+00
1.291666666666666607e+01 1.408721014182360731e+00
1.333333333333333393e+01 1.400779613398172474e+00
1.375000000000000000e+01 1.392520063702285871e+00
1.416666666666666607e+01 1.384759028462399177e+00
1.458333333333333393e+01 1.379384250293761438e+00
1.500000000000000000e+01 1.376398977605290286e+00
1.541666666666666607e+01 1.356758729676527553e+00
1.583333333333333393e+01 1.335268616286706012e+00
1.625000000000000000e+01 1.319426460373201548e+00
1.666666666666666785e+01 1.303733475038290512e+00
1.708333333333333215e+01 1.287141150745497731e+00
1.750000000000000000e+01 1.269649789724998534e+00
1.791666666666666785e+01 1.251127754666706560e+00
1.833333333333333215e+01 1.231488254810096494e+00
1.875000000000000000e+01 1.211154786513481518e+00
1.916666666666666785e+01 1.191446902275686615e+00
1.958333333333333215e+01 1.172794674461182352e+00
2.000000000000000000e+01 1.154736990527261309e+00
2.041666666666666785e+01 1.136741446670685329e+00
2.083333333333333215e+01 1.119486399320519965e+00
2.125000000000000000e+01 1.102789625988176425e+00
2.166666666666666785e+01 1.085651548407492228e+00
2.208333333333333215e+01 1.067209977413901001e+00
2.250000000000000000e+01 1.048676926307396728e+00
2.291666666666666785e+01 1.031833928416895585e+00
2.333333333333333215e+01 1.016497786202300802e+00
2.375000000000000000e+01 9.993656492359990207e-01
2.416666666666666785e+01 9.762908202169114924e-01
2.458333333333333215e+01 9.416581979357265819e-01
2.500000000000000000e+01 8.526282951890554740e-01
2.541666666666666785e+01 7.631180327836837307e-01
2.583333333333333215e+01 6.977682548701614751e-01
2.625000000000000000e+01 6.465294202595457396e-01
2.666666666666666785e+01 6.039395290099514035e-01
2.708333333333333215e+01 5.661569271262023584e-01
2.750000000000000000e+01 5.302627366274564880e-01
2.791666666666666785e+01 4.956251222439952420e-01
2.833333333333333215e+01 4.640179364685598218e-01
2.875000000000000000e+01 4.393672895528595856e-01
2.916666666666666785e+01 4.248397376735259523e-01
2.958333333333333215e+01 4.141698487345283342e-01
3.000000000000000000e+01 3.452865194349163946e-01
3.041666666666666785e+01 2.980903221011335091e-01
3.083333333333333215e+01 2.821442898154141732e-01
3.125000000000000000e+01 2.586922044756291283e-01
3.166666666666666785e+01 2.244113947686436905e-01
3.208333333333333570e+01 1.792948205090796332e-01
3.250000000000000000e+01 1.453643383074643136e-01
3.291666666666666430e+01 5.896770741167467467e-02
3.333333333333333570e+01 5.561790275995637245e-02
3.375000000000000000e+01 5.220441162870281815e-02
3.416666666666666430e+01 4.871456070490598478e-02
3.458333333333333570e+01 4.517057238611987824e-02
3.500000000000000000e+01 4.157451795125988170e-02
3.541666666666666430e+01 3.791470439363298084e-02
3.583333333333333570e+01 3.420707919924337315e-02
3.625000000000000000e+01 3.043481274938208969e-02
3.666666666666666430e+01 2.660130938385052435e-02
3.708333333333333570e+01 2.269633515457769590e-02
3.750000000000000000e+01 1.871364089008220599e-02
3.791666666666666430e+01 1.463806826050828569e-02
3.833333333333333570e+01 1.046341810215567492e-02
3.875000000000000000e+01 6.222971160766754828e-03
3.916666666666666430e+01 1.905482080639564479e-03
3.958333333333333570e+01 -2.482539279155870915e-03
4.000000000000000000e+01 9.896829430662279492e-04
