0.000000000000000000e+00 3.032497811593256598e-01
4.166666666666666852e-01 2.636718963254082171e-01
8.333333333333333703e-01 2.297185460072790342e-01
1.250000000000000000e+00 2.410282909785169680e-01
1.666666666666666741e+00 2.679184737067954458e-01
2.083333333333333481e+00 2.885608316774113669e-01
2.500000000000000000e+00 3.032932687372673630e-01
2.916666666666666519e+00 3.166906294379699949e-01
3.333333333333333481e+00 3.288826628110811945e-01
3.750000000000000000e+00 3.404616390271817394e-01
4.166666666666666963e+00 3.489446417156112368e-01
4.583333333333333037e+00 3.567411582302701945e-01
5.000000000000000000e+00 3.718632253222105000e-01
5.416666666666666963e+00 3.901292562662221908e-01
5.833333333333333037e+00 3.991663461631939080e-01
6.250000000000000000e+00 3.986436307805972801e-01
6.666666666666666963e+00 1.458216680745146876e-01
7.083333333333333037e+00 2.168484436838772345e-01
7.500000000000000000e+00 2.219610092960181413e-01
7.916666666666666963e+00 2.300932508248210162e-01
8.333333333333333925e+00 2.516682481408957228e-01
8.750000000000000000e+00 2.623516797675158330e-01
9.166666666666666075e+00 2.739812659022045072e-01
9.583333333333333925e+00 2.807978826023299623e-01
1.000000000000000000e+01 2.880172350189590391e-01
1.041666666666666607e+01 2.981713758503041767e-01
1.083333333333333393e+01 3.127625551437153151e-01
1.125000000000000000e+01 3.303124656994049779e-01
1.166666666666666607e+01 3.463683309917232611e-01
1.208333333333333393e+01 3.549390334539388459e-01
1.250000000000000000e+01 3.521960673771709072e-01
1.291666666666666607e+01 3.401538111067513581e-01
1.333333333333333393e+01 3.268710163402547275e-01
1.375000000000000000e+01 3.196849562062828998e-01
1.416666666666666607e+01 3.182570873657492028e-01
1.458333333333333393e+01 3.112368894328787494e-01
1.500000000000000000e+01 3.112637926843992986e-01
1.541666666666666607e+01 3.166767563744500302e-01
1.583333333333333393e+01 2.742427542980774846e-01
1.625000000000000000e+01 1.952118347179152558e-01
1.666666666666666785e+01 3.518931618211250667e-01
1.708333333333333215e+01 4.805798974633910259e-01
1.750000000000000000e+01 4.804037493925705782e-01
1.791666666666666785e+01 4.467882546051623605e-01
1.833333333333333215e+01 4.109426946261367508e-01
1.875000000000000000e+01 3.816706010137204119e-01
1.916666666666666785e+01 3.592984913591817930e-01
1.958333333333333215e+01 3.418801912704128032e-01
2.000000000000000000e+01 3.265167720057274847e-01
2.041666666666666785e+01 3.110198199486133852e-01
2.083333333333333215e+01 2.947049980458869012e-01
2.125000000000000000e+01 2.790632146782567324e-01
2.166666666666666785e+01 2.660735137292039587e-01
2.208333333333333215e+01 2.531630373251443356e-01
2.250000000000000000e+01 2.388788006977295986e-01
2.291666666666666785e+01 2.274876591753750565e-01
2.333333333333333215e+01 2.206743597975680538e-01
2.375000000000000000e+01 2.042543663466157566e-01
2.416666666666666785e+01 1.722045311128933553e-01
2.458333333333333215e+01 1.073181398416280241e-01
2.500000000000000000e+01 3.896106491946885741e-01
2.541666666666666785e+01 3.517601306410640949e-01
2.583333333333333215e+01 3.063730559411808052e-01
2.625000000000000000e+01 2.742026173065491013e-01
2.666666666666666785e+01 2.499195913989870621e-01
2.708333333333333215e+01 2.227364621007840162e-01
2.750000000000000000e+01 2.050631842209693634e-01
2.791666666666666785e+01 1.824735473654889306e-01
2.833333333333333215e+01 1.350977600514667309e-01
2.875000000000000000e+01 8.919500702389659974e-02
2.916666666666666785e+01 1.674466793692264144e-02
2.958333333333333215e+01 1.619427362319791897e-02
3.000000000000000000e+01 1.563651601594640006e-02
3.041666666666666785e+01 1.505134929844265113e-02
3.083333333333333215e+01 1.441414862995682444e-02
3.125000000000000000e+01 1.376569606494926212e-02
3.166666666666666785e+01 1.309787833673892177e-02
3.208333333333333570e+01 1.239972503428976580e-02
3.250000000000000000e+01 1.168394853622345408e-02
3.291666666666666430e+01 1.095159711954041271e-02
3.333333333333333570e+01 1.017634196999506191e-02
3.375000000000000000e+01 9.362347540247339950e-03
3.416666666666666430e+01 8.495254389434547804e-03
3.458333333333333570e+01 7.600830654979295886e-03
3.500000000000000000e+01 6.684332079077703881e-03
3.541666666666666430e+01 5.735858235898727564e-03
3.583333333333333570e+01 4.774024477157579049e-03
3.625000000000000000e+01 3.781278342844252016e-03
3.666666666666666430e+01 2.760538897639941425e-03
3.708333333333333570e+01 1.700041268563934338e-03
3.750000000000000000e+01 5.927362466642271954e-04
3.791666666666666430e+01 -5.758885730464680108e-04
3.833333333333333570e+01 -1.807177303733031870e-03
3.875000000000000000e+01 -3.058309725295083048e-03
3.916666666666666430e+01 -4.335356323514560906e-03
3.958333333333333570e+01 -5.629099547615146193e-03
4.000000000000000000e+01 -2.156877325392936307e-03
