0.000000000000000000e+00 7.742314824115044125e-01
4.166666666666666852e-01 7.995433413566221947e-01
8.333333333333333703e-01 8.266276798719105479e-01
1.250000000000000000e+00 8.410753512739552740e-01
1.666666666666666741e+00 8.484938506266370695e-01
2.083333333333333481e+00 8.560187910666829936e-01
2.500000000000000000e+00 8.665771051791073543e-01
2.916666666666666519e+00 8.782645668447575105e-01
3.333333333333333481e+00 8.899226935580140108e-01
3.750000000000000000e+00 9.017062464097262975e-01
4.166666666666666963e+00 9.136640742833597173e-01
4.583333333333333037e+00 9.259652749353521894e-01
5.000000000000000000e+00 9.389138873990514611e-01
5.416666666666666963e+00 9.517141432657014732e-01
5.833333333333333037e+00 9.633114435543475018e-01
6.250000000000000000e+00 9.756901791491625620e-01
6.666666666666666963e+00 9.918645343404648429e-01
7.083333333333333037e+00 1.003788531379225191e+00
7.500000000000000000e+00 9.902808478189371044e-01
7.916666666666666963e+00 9.741105953526749683e-01
8.333333333333333925e+00 9.877475353303990513e-01
8.750000000000000000e+00 1.001302393142827984e+00
9.166666666666666075e+00 1.002382507367046705e+00
9.583333333333333925e+00 1.001599732367414397e+00
1.000000000000000000e+01 1.000464327669595477e+00
1.041666666666666607e+01 9.986428835102336699e-01
1.083333333333333393e+01 9.959290153167958959e-01
1.125000000000000000e+01 9.919047555851221443e-01
1.166666666666666607e+01 9.859482668246004611e-01
1.208333333333333393e+01 9.774129605644719110e-01
1.250000000000000000e+01 9.655880547969775130e-01
1.291666666666666607e+01 9.497510076160775583e-01
1.333333333333333393e+01 9.288207667734793560e-01
1.375000000000000000e+01 9.012104386639065989e-01
1.416666666666666607e+01 8.665110047037991592e-01
1.458333333333333393e+01 8.372486458964427669e-01
1.500000000000000000e+01 8.120380922305052707e-01
1.541666666666666607e+01 9.474837156595445897e-01
1.583333333333333393e+01 9.860215212609129143e-01
1.625000000000000000e+01 1.019405115955185126e+00
1.666666666666666785e+01 1.041671928702853522e+00
1.708333333333333215e+01 1.053253354758680649e+00
1.750000000000000000e+01 1.057018192222844322e+00
1.791666666666666785e+01 1.055017244234471407e+00
1.833333333333333215e+01 1.047879575196807966e+00
1.875000000000000000e+01 1.036077318088561849e+00
1.916666666666666785e+01 1.019922903952860782e+00
1.958333333333333215e+01 9.998304364232528663e-01
2.000000000000000000e+01 9.759133701964478602e-01
2.041666666666666785e+01 9.479006188912967312e-01
2.083333333333333215e+01 9.161345281864825552e-01
2.125000000000000000e+01 8.826104260591064454e-01
2.166666666666666785e+01 8.496559624669002275e-01
2.208333333333333215e+01 8.191541624814688838e-01
2.250000000000000000e+01 7.907474107026981613e-01
2.291666666666666785e+01 7.624062962627566886e-01
2.333333333333333215e+01 7.326764738667564947e-01
2.375000000000000000e+01 7.047672492718241033e-01
2.416666666666666785e+01 6.889308824070813353e-01
2.458333333333333215e+01 6.840844597384047043e-01
2.500000000000000000e+01 5.888904592149299955e-01
2.541666666666666785e+01 5.101722128399258649e-01
2.583333333333333215e+01 4.833484281536117866e-01
2.625000000000000000e+01 4.638825389335605731e-01
2.666666666666666785e+01 4.382576284790749566e-01
2.708333333333333215e+01 4.101804854432895553e-01
2.750000000000000000e+01 3.836085573252282499e-01
2.791666666666666785e+01 3.565098063183514965e-01
2.833333333333333215e+01 3.231102948259867436e-01
2.875000000000000000e+01 2.974516353054024176e-01
2.916666666666666785e+01 2.860553697530455741e-01
2.958333333333333215e+01 2.802450442897009841e-01
3.000000000000000000e+01 1.823715779443234597e-01
3.041666666666666785e+01 1.049385178544959274e-01
3.083333333333333215e+01 2.580915570499220379e-02
3.125000000000000000e+01 2.417585601486038627e-02
3.166666666666666785e+01 2.257091457559212699e-02
3.208333333333333570e+01 2.101248636418318050e-02
3.250000000000000000e+01 1.948449434854238049e-02
3.291666666666666430e+01 1.797580354283379034e-02
3.333333333333333570e+01 1.650007719384560811e-02
3.375000000000000000e+01 1.504441460257377461e-02
3.416666666666666430e+01 1.361659701968198632e-02
3.458333333333333570e+01 1.219260685418221968e-02
3.500000000000000000e+01 1.076734806593993010e-02
3.541666666666666430e+01 9.347891744409420056e-03
3.583333333333333570e+01 7.914380403694631916e-03
3.625000000000000000e+01 6.477060888515517867e-03
3.666666666666666430e+01 5.026382827710174084e-03
3.708333333333333570e+01 3.565643950157015851e-03
3.750000000000000000e+01 2.094686908870713182e-03
3.791666666666666430e+01 6.232196757985919433e-04
3.833333333333333570e+01 -8.446527944425685774e-04
3.875000000000000000e+01 -2.339975876225919293e-03
3.916666666666666430e+01 -3.851748335330529294e-03
3.958333333333333570e+01 -5.386970280416458756e-03
4.000000000000000000e+01 -1.914748058194248870e-03
