0.000000000000000000e+00 1.149930868102401416e+00
4.166666666666666852e-01 1.171607340508377337e+00
8.333333333333333703e-01 1.194082543138998975e+00
1.250000000000000000e+00 1.206709650816476520e+00
1.666666666666666741e+00 1.214285037822223856e+00
2.083333333333333481e+00 1.221949838504658103e+00
2.500000000000000000e+00 1.231546399797008640e+00
2.916666666666666519e+00 1.241762612101095176e+00
3.333333333333333481e+00 1.252012073408503401e+00
3.750000000000000000e+00 1.262306313010352010e+00
4.166666666666666963e+00 1.272424043984810016e+00
4.583333333333333037e+00 1.282721073805377809e+00
5.000000000000000000e+00 1.293884020023392090e+00
5.416666666666666963e+00 1.305478567230216047e+00
5.833333333333333037e+00 1.315550524131477994e+00
6.250000000000000000e+00 1.320668077804147522e+00
6.666666666666666963e+00 1.312482584188961798e+00
7.083333333333333037e+00 1.305318039676846453e+00
7.500000000000000000e+00 1.316631136195394625e+00
7.916666666666666963e+00 1.327805648707508723e+00
8.333333333333333925e+00 1.330105250717751098e+00
8.750000000000000000e+00 1.330388320362757337e+00
9.166666666666666075e+00 1.330545540732413379e+00
9.583333333333333925e+00 1.330833331259258845e+00
1.000000000000000000e+01 1.330676606578600429e+00
1.041666666666666607e+01 1.329677575213906282e+00
1.083333333333333393e+01 1.327920490051599733e+00
1.125000000000000000e+01 1.325357238934408377e+00
1.166666666666666607e+01 1.321860474910695249e+00
1.208333333333333393e+01 1.317257347812186730e+00
1.250000000000000000e+01 1.311327587889322688e+00
1.291666666666666607e+01 1.303883803048726309e+00
1.333333333333333393e+01 1.294565104228878383e+00
1.375000000000000000e+01 1.282964888409716009e+00
1.416666666666666607e+01 1.269550237518304758e+00
1.458333333333333393e+01 1.257130179341197307e+00
1.500000000000000000e+01 1.252056039134874954e+00
1.541666666666666607e+01 1.255419817330234888e+00
1.583333333333333393e+01 1.212372460093871007e+00
1.625000000000000000e+01 1.171340378725701958e+00
1.666666666666666785e+01 1.155265652831445333e+00
1.708333333333333215e+01 1.144882277532877524e+00
1.750000000000000000e+01 1.132167655643007809e+00
1.791666666666666785e+01 1.115988635019971253e+00
1.833333333333333215e+01 1.097036955966014915e+00
1.875000000000000000e+01 1.076124604253288819e+00
1.916666666666666785e+01 1.053877248370489239e+00
1.958333333333333215e+01 1.030575667610353019e+00
2.000000000000000000e+01 1.006092614800321305e+00
2.041666666666666785e+01 9.801093906976086068e-01
2.083333333333333215e+01 9.525072153413249865e-01
2.125000000000000000e+01 9.234411783532475715e-01
2.166666666666666785e+01 8.928691381314036724e-01
2.208333333333333215e+01 8.611808027560567957e-01
2.250000000000000000e+01 8.299224981504143006e-01
2.291666666666666785e+01 8.001052496661533731e-01
2.333333333333333215e+01 7.718923984501184776e-01
2.375000000000000000e+01 7.451613389752791416e-01
2.416666666666666785e+01 7.244929243810565023e-01
2.458333333333333215e+01 7.101518512719889875e-01
2.500000000000000000e+01 6.449932846264474495e-01
2.541666666666666785e+01 5.905662018175555916e-01
2.583333333333333215e+01 5.656128949793555183e-01
2.625000000000000000e+01 5.439062520363128206e-01
2.666666666666666785e+01 5.177723476368365496e-01
2.708333333333333215e+01 4.838673713976235358e-01
2.750000000000000000e+01 4.538465951287264377e-01
2.791666666666666785e+01 4.235121759778879280e-01
2.833333333333333215e+01 3.869777609926094430e-01
2.875000000000000000e+01 3.541658010169601578e-01
2.916666666666666785e+01 3.250213205137767458e-01
2.958333333333333215e+01 3.065635695367306957e-01
3.000000000000000000e+01 2.359358371787604325e-01
3.041666666666666785e+01 7.136700245642546570e-02
3.083333333333333215e+01 6.796759690270148813e-02
3.125000000000000000e+01 6.456266231946905521e-02
3.166666666666666785e+01 6.113808513961460633e-02
3.208333333333333570e+01 5.771431669672388853e-02
3.250000000000000000e+01 5.428168447809611497e-02
3.291666666666666430e+01 5.083418381227788885e-02
3.333333333333333570e+01 4.738778793560882718e-02
3.375000000000000000e+01 4.393611696365384844e-02
3.416666666666666430e+01 4.049339427838360983e-02
3.458333333333333570e+01 3.704634763114356133e-02
3.500000000000000000e+01 3.359823957060326105e-02
3.541666666666666430e+01 3.016197880843818346e-02
3.583333333333333570e+01 2.672499217818080641e-02
3.625000000000000000e+01 2.330057682057573576e-02
3.666666666666666430e+01 1.988268248728319865e-02
3.708333333333333570e+01 1.647584590196082832e-02
3.750000000000000000e+01 1.308031385727037588e-02
3.791666666666666430e+01 9.705298375511040021e-03
3.833333333333333570e+01 6.357058249014557738e-03
3.875000000000000000e+01 3.011517338407099231e-03
3.916666666666666430e+01 -3.185284961733092501e-04
3.958333333333333570e+01 -3.638859156829599151e-03
4.000000000000000000e+01 -1.666369346073892643e-04
