0.000000000000000000e+00 6.571349199583665923e-01
4.166666666666666852e-01 6.581469617549753348e-01
8.333333333333333703e-01 6.568599780673165522e-01
1.250000000000000000e+00 6.640826894787268397e-01
1.666666666666666741e+00 6.769184087808215455e-01
2.083333333333333481e+00 6.908058762648567885e-01
2.500000000000000000e+00 7.027950333361159263e-01
2.916666666666666519e+00 7.140320038805594294e-01
3.333333333333333481e+00 7.257071405949927501e-01
3.750000000000000000e+00 7.381747017700637237e-01
4.166666666666666963e+00 7.522188838187242599e-01
4.583333333333333037e+00 7.685847643892578240e-01
5.000000000000000000e+00 7.881689526736568308e-01
5.416666666666666963e+00 8.127509634309992848e-01
5.833333333333333037e+00 8.465528834819009418e-01
6.250000000000000000e+00 8.979322648612839686e-01
6.666666666666666963e+00 9.804882408953967676e-01
7.083333333333333037e+00 1.063327821424752351e+00
7.500000000000000000e+00 1.070146675782161827e+00
7.916666666666666963e+00 1.059397996360722072e+00
8.333333333333333925e+00 1.044682052927031535e+00
8.750000000000000000e+00 1.030281764127866317e+00
9.166666666666666075e+00 1.019351609983052409e+00
9.583333333333333925e+00 1.010653377677881881e+00
1.000000000000000000e+01 1.003068465003220000e+00
1.041666666666666607e+01 9.965084384800066974e-01
1.083333333333333393e+01 9.911897848140229783e-01
1.125000000000000000e+01 9.867281124941299497e-01
1.166666666666666607e+01 9.817302834913977927e-01
1.208333333333333393e+01 9.755907339142433354e-01
1.250000000000000000e+01 9.681797638438510711e-01
1.291666666666666607e+01 9.593085288108998965e-01
1.333333333333333393e+01 9.493000378847409326e-01
1.375000000000000000e+01 9.386724321134275462e-01
1.416666666666666607e+01 9.286604119584184192e-01
1.458333333333333393e+01 9.199047591419364789e-01
1.500000000000000000e+01 9.079227854126079578e-01
1.541666666666666607e+01 8.798480035899620688e-01
1.583333333333333393e+01 8.345866610906014227e-01
1.625000000000000000e+01 8.776419873126688476e-01
1.666666666666666785e+01 9.171242081087926934e-01
1.708333333333333215e+01 9.104430219451127293e-01
1.750000000000000000e+01 8.926395210981824535e-01
1.791666666666666785e+01 8.754698971161790633e-01
1.833333333333333215e+01 8.609903740069524414e-01
1.875000000000000000e+01 8.460312011528501319e-01
1.916666666666666785e+01 8.284912166689775148e-01
1.958333333333333215e+01 8.071659874914843824e-01
2.000000000000000000e+01 7.811766786525933259e-01
2.041666666666666785e+01 7.514538038812995646e-01
2.083333333333333215e+01 7.200826793218780830e-01
2.125000000000000000e+01 6.909712286379056101e-01
2.166666666666666785e+01 6.670967208011904237e-01
2.208333333333333215e+01 6.493985980345600151e-01
2.250000000000000000e+01 6.349147721856260862e-01
2.291666666666666785e+01 6.197037929873581152e-01
2.333333333333333215e+01 6.018414524501703999e-01
2.375000000000000000e+01 5.780701922299922302e-01
2.416666666666666785e+01 5.361317039849473609e-01
2.458333333333333215e+01 4.732940501050348914e-01
2.500000000000000000e+01 5.426384295592314722e-01
2.541666666666666785e+01 5.902152792779685742e-01
2.583333333333333215e+01 5.635621758783444513e-01
2.625000000000000000e+01 5.193253411022387134e-01
2.666666666666666785e+01 4.772671417653564507e-01
2.708333333333333215e+01 4.392440744000002395e-01
2.750000000000000000e+01 4.044429812754226639e-01
2.791666666666666785e+01 3.749596541620125456e-01
2.833333333333333215e+01 3.535253758164514926e-01
2.875000000000000000e+01 3.335084483818422374e-01
2.916666666666666785e+01 3.028408435871681736e-01
2.958333333333333215e+01 2.529028964856581130e-01
3.000000000000000000e+01 1.929276674246146461e-01
3.041666666666666785e+01 2.282852876285479393e-01
3.083333333333333215e+01 2.570552234590224305e-01
3.125000000000000000e+01 2.325337038579337046e-01
3.166666666666666785e+01 1.864875975041803136e-01
3.208333333333333570e+01 1.450499843491492857e-01
3.250000000000000000e+01 6.004040155814360791e-02
3.291666666666666430e+01 5.622217850477639889e-02
3.333333333333333570e+01 5.240486649776998629e-02
3.375000000000000000e+01 4.859502264174919706e-02
3.416666666666666430e+01 4.477965834109931542e-02
3.458333333333333570e+01 4.098085156619057923e-02
3.500000000000000000e+01 3.720159117564636464e-02
3.541666666666666430e+01 3.343213340675676992e-02
3.583333333333333570e+01 2.969074503493429606e-02
3.625000000000000000e+01 2.596390554746574875e-02
3.666666666666666430e+01 2.225845730308262382e-02
3.708333333333333570e+01 1.856785766608060051e-02
3.750000000000000000e+01 1.488936090606729490e-02
3.791666666666666430e+01 1.121090412932679303e-02
3.833333333333333570e+01 7.528342304084278958e-03
3.875000000000000000e+01 3.875717003733680777e-03
3.916666666666666430e+01 2.428078098619668168e-04
3.958333333333333570e+01 -3.363084435065832878e-03
4.000000000000000000e+01 1.091377871563770086e-04
