0.000000000000000000e+00 9.612059778409405286e-01
4.166666666666666852e-01 9.808087777284262287e-01
8.333333333333333703e-01 1.001100674250028355e+00
1.250000000000000000e+00 1.013079767600817416e+00
1.666666666666666741e+00 1.020557697171807998e+00
2.083333333333333481e+00 1.027601568116550901e+00
2.500000000000000000e+00 1.036261478029840255e+00
2.916666666666666519e+00 1.045649743222007100e+00
3.333333333333333481e+00 1.054867648651147016e+00
3.750000000000000000e+00 1.063715792546465755e+00
4.166666666666666963e+00 1.072358327430456004e+00
4.583333333333333037e+00 1.080896268387249837e+00
5.000000000000000000e+00 1.089640990722929859e+00
5.416666666666666963e+00 1.098905175941292889e+00
5.833333333333333037e+00 1.108248277406307380e+00
6.250000000000000000e+00 1.116299329808457363e+00
6.666666666666666963e+00 1.121118413825871185e+00
7.083333333333333037e+00 1.114223090450831011e+00
7.500000000000000000e+00 1.106278093578268562e+00
7.916666666666666963e+00 1.115333593011454738e+00
8.333333333333333925e+00 1.123587998304993452e+00
8.750000000000000000e+00 1.123844739747209331e+00
9.166666666666666075e+00 1.122855233817727338e+00
9.583333333333333925e+00 1.121975242294770414e+00
1.000000000000000000e+01 1.120876172970231677e+00
1.041666666666666607e+01 1.119111167937178575e+00
1.083333333333333393e+01 1.116628160306448736e+00
1.125000000000000000e+01 1.113601993696496262e+00
1.166666666666666607e+01 1.110176869015851331e+00
1.208333333333333393e+01 1.106805133422713805e+00
1.250000000000000000e+01 1.104343173976106485e+00
1.291666666666666607e+01 1.104084629444090471e+00
1.333333333333333393e+01 1.107565725136506307e+00
1.375000000000000000e+01 1.115611966236697228e+00
1.416666666666666607e+01 1.122695838022141235e+00
1.458333333333333393e+01 1.099495463731154699e+00
1.500000000000000000e+01 1.065487759706327031e+00
1.541666666666666607e+01 9.149423204740241289e-01
1.583333333333333393e+01 1.342678783232992945e+00
1.625000000000000000e+01 1.317391641403557578e+00
1.666666666666666785e+01 1.255662775773361162e+00
1.708333333333333215e+01 1.198867352478886206e+00
1.750000000000000000e+01 1.156930532074189388e+00
1.791666666666666785e+01 1.127329229985700954e+00
1.833333333333333215e+01 1.104002858909554519e+00
1.875000000000000000e+01 1.083279690109410387e+00
1.916666666666666785e+01 1.062945060998924607e+00
1.958333333333333215e+01 1.041893763251021898e+00
2.000000000000000000e+01 1.019657669047372428e+00
2.041666666666666785e+01 9.959858534771002248e-01
2.083333333333333215e+01 9.709656871700490521e-01
2.125000000000000000e+01 9.450079580328079043e-01
2.166666666666666785e+01 9.183040606436885245e-01
2.208333333333333215e+01 8.903092529822909107e-01
2.250000000000000000e+01 8.606056347973118914e-01
2.291666666666666785e+01 8.294830168112233837e-01
2.333333333333333215e+01 7.980081989742699999e-01
2.375000000000000000e+01 7.686993819451019005e-01
2.416666666666666785e+01 7.476825324028435471e-01
2.458333333333333215e+01 7.344917608962883149e-01
2.500000000000000000e+01 6.600515053363849027e-01
2.541666666666666785e+01 5.990032930699121794e-01
2.583333333333333215e+01 5.740106220122016545e-01
2.625000000000000000e+01 5.543528400640078679e-01
2.666666666666666785e+01 5.301072204178376435e-01
2.708333333333333215e+01 5.011527599687630730e-01
2.750000000000000000e+01 4.691174390983253728e-01
2.791666666666666785e+01 4.360237799401558978e-01
2.833333333333333215e+01 4.041770051126067353e-01
2.875000000000000000e+01 3.759873615970865668e-01
2.916666666666666785e+01 3.563463343558743723e-01
2.958333333333333215e+01 3.443318674641232535e-01
3.000000000000000000e+01 2.535468759619026180e-01
3.041666666666666785e+01 1.774154469540987211e-01
3.083333333333333215e+01 1.447888050323671294e-01
3.125000000000000000e+01 7.010152043255224452e-02
3.166666666666666785e+01 6.650092299692800246e-02
3.208333333333333570e+01 6.286910471504669751e-02
3.250000000000000000e+01 5.922721506764250243e-02
3.291666666666666430e+01 5.558893798869990466e-02
3.333333333333333570e+01 5.194479501830440160e-02
3.375000000000000000e+01 4.830409611656005797e-02
3.416666666666666430e+01 4.465495685455567187e-02
3.458333333333333570e+01 4.100990230657364233e-02
3.500000000000000000e+01 3.736595138363951740e-02
3.541666666666666430e+01 3.371141589080328682e-02
3.583333333333333570e+01 3.005843382622752635e-02
3.625000000000000000e+01 2.639514947441912174e-02
3.666666666666666430e+01 2.272799051248985958e-02
3.708333333333333570e+01 1.905357824677389456e-02
3.750000000000000000e+01 1.537289064754632228e-02
3.791666666666666430e+01 1.167837702962937207e-02
3.833333333333333570e+01 7.963906679618104612e-03
3.875000000000000000e+01 4.250612915555507243e-03
3.916666666666666430e+01 5.255069397918088470e-04
3.958333333333333570e+01 -3.206322245791093373e-03
4.000000000000000000e+01 2.658999764311165137e-04
