0.000000000000000000e+00 1.263207340273162949e+00
4.166666666666666852e-01 1.275716872208450425e+00
8.333333333333333703e-01 1.289459167309242371e+00
1.250000000000000000e+00 1.302448198590017370e+00
1.666666666666666741e+00 1.310059705218247883e+00
2.083333333333333481e+00 1.316831934338642318e+00
2.500000000000000000e+00 1.325411986337198256e+00
2.916666666666666519e+00 1.334842190897861158e+00
3.333333333333333481e+00 1.343886356305729946e+00
3.750000000000000000e+00 1.352382760837262943e+00
4.166666666666666963e+00 1.360547465125652167e+00
4.583333333333333037e+00 1.368724136370922828e+00
5.000000000000000000e+00 1.377061542639341329e+00
5.416666666666666963e+00 1.385428421167421709e+00
5.833333333333333037e+00 1.392509124254972974e+00
6.250000000000000000e+00 1.395910668988370240e+00
6.666666666666666963e+00 1.395712182109106525e+00
7.083333333333333037e+00 1.390902647106153411e+00
7.500000000000000000e+00 1.368500988959283182e+00
7.916666666666666963e+00 1.344039808484823517e+00
8.333333333333333925e+00 1.351415350732340759e+00
8.750000000000000000e+00 1.360241430584738342e+00
9.166666666666666075e+00 1.360661276686570886e+00
9.583333333333333925e+00 1.359765424583686766e+00
1.000000000000000000e+01 1.358512821540902138e+00
1.041666666666666607e+01 1.357252111075985201e+00
1.083333333333333393e+01 1.356306126800575163e+00
1.125000000000000000e+01 1.355672081224557513e+00
1.166666666666666607e+01 1.354661087211308734e+00
1.208333333333333393e+01 1.352249453482350816e+00
1.250000000000000000e+01 1.347805215493526720e+00
1.291666666666666607e+01 1.341041362519271196e+00
1.333333333333333393e+01 1.331833083661179362e+00
1.375000000000000000e+01 1.320900733001246552e+00
1.416666666666666607e+01 1.310457039005160640e+00
1.458333333333333393e+01 1.306510045962834488e+00
1.500000000000000000e+01 1.311177409985215814e+00
1.541666666666666607e+01 1.269094890567587841e+00
1.583333333333333393e+01 1.228170300138890170e+00
1.625000000000000000e+01 1.209367990895391376e+00
1.666666666666666785e+01 1.195186227983979332e+00
1.708333333333333215e+01 1.179633345290679536e+00
1.750000000000000000e+01 1.162175851498382873e+00
1.791666666666666785e+01 1.144793247476310727e+00
1.833333333333333215e+01 1.128873372237473971e+00
1.875000000000000000e+01 1.113911475397917350e+00
1.916666666666666785e+01 1.098015531138752721e+00
1.958333333333333215e+01 1.080197930158770747e+00
2.000000000000000000e+01 1.060339212404833642e+00
2.041666666666666785e+01 1.038742851428619884e+00
2.083333333333333215e+01 1.015764683235459209e+00
2.125000000000000000e+01 9.916564482010730153e-01
2.166666666666666785e+01 9.659460073796934942e-01
2.208333333333333215e+01 9.381487558535011040e-01
2.250000000000000000e+01 9.082745525149661381e-01
2.291666666666666785e+01 8.770775017253175099e-01
2.333333333333333215e+01 8.459042228403486074e-01
2.375000000000000000e+01 8.172506093808027394e-01
2.416666666666666785e+01 7.973182790674366860e-01
2.458333333333333215e+01 7.858152301164628151e-01
2.500000000000000000e+01 7.096617621861704972e-01
2.541666666666666785e+01 6.440485130271648151e-01
2.583333333333333215e+01 6.143435108792040245e-01
2.625000000000000000e+01 5.924332624552339777e-01
2.666666666666666785e+01 5.686304205668029077e-01
2.708333333333333215e+01 5.414014741441969258e-01
2.750000000000000000e+01 5.114715471386859225e-01
2.791666666666666785e+01 4.791638491295874269e-01
2.833333333333333215e+01 4.455132520146431463e-01
2.875000000000000000e+01 4.154416185427410313e-01
2.916666666666666785e+01 3.977450757811500370e-01
2.958333333333333215e+01 3.904657178366242043e-01
3.000000000000000000e+01 3.272162326335761318e-01
3.041666666666666785e+01 2.793935445574057264e-01
3.083333333333333215e+01 2.549701626198882520e-01
3.125000000000000000e+01 2.235450939364115319e-01
3.166666666666666785e+01 1.807587460760903264e-01
3.208333333333333570e+01 1.482872826276980804e-01
3.250000000000000000e+01 5.627804123029889194e-02
3.291666666666666430e+01 5.276649608019379212e-02
3.333333333333333570e+01 4.926479122076066197e-02
3.375000000000000000e+01 4.576694662363456345e-02
3.416666666666666430e+01 4.228637539151447466e-02
3.458333333333333570e+01 3.880025406237730401e-02
3.500000000000000000e+01 3.530516605039157874e-02
3.541666666666666430e+01 3.181091106840505667e-02
3.583333333333333570e+01 2.829900801592521997e-02
3.625000000000000000e+01 2.478368214258186430e-02
3.666666666666666430e+01 2.125866558376254822e-02
3.708333333333333570e+01 1.773136097547267642e-02
3.750000000000000000e+01 1.420519960099597689e-02
3.791666666666666430e+01 1.069259738687167172e-02
3.833333333333333570e+01 7.196914519691510748e-03
3.875000000000000000e+01 3.681934220119864598e-03
3.916666666666666430e+01 1.567585724052689145e-04
3.958333333333333570e+01 -3.386648626304555876e-03
4.000000000000000000e+01 8.557359591765401063e-05
