0.000000000000000000e+00 6.845651739284549508e-01
4.166666666666666852e-01 7.106008093569373685e-01
8.333333333333333703e-01 7.349943337866244875e-01
1.250000000000000000e+00 7.545298373101207989e-01
1.666666666666666741e+00 7.717035234085273254e-01
2.083333333333333481e+00 7.871112000591273805e-01
2.500000000000000000e+00 7.998537140906225584e-01
2.916666666666666519e+00 8.088844061666666807e-01
3.333333333333333481e+00 8.131369787391171666e-01
3.750000000000000000e+00 8.126096742096768910e-01
4.166666666666666963e+00 8.091746646504016649e-01
4.583333333333333037e+00 8.042094701031449189e-01
5.000000000000000000e+00 7.971001963303413484e-01
5.416666666666666963e+00 7.869287839838696730e-01
5.833333333333333037e+00 7.730964111907141501e-01
6.250000000000000000e+00 7.541985338449431753e-01
6.666666666666666963e+00 7.294395886241112903e-01
7.083333333333333037e+00 4.326715134310782362e-01
7.500000000000000000e+00 5.877114238129315105e-01
7.916666666666666963e+00 6.482134686125359258e-01
8.333333333333333925e+00 7.529524641409507391e-01
8.750000000000000000e+00 8.400114976730284067e-01
9.166666666666666075e+00 8.522148290038830121e-01
9.583333333333333925e+00 8.126017030131343910e-01
1.000000000000000000e+01 7.576946024585459183e-01
1.041666666666666607e+01 7.118988577126064143e-01
1.083333333333333393e+01 6.653186412677329908e-01
1.125000000000000000e+01 6.243875616227779757e-01
1.166666666666666607e+01 5.779928917611886208e-01
1.208333333333333393e+01 5.366640646735212350e-01
1.250000000000000000e+01 5.252182972373047321e-01
1.291666666666666607e+01 5.255027147930956266e-01
1.333333333333333393e+01 5.359449676007131957e-01
1.375000000000000000e+01 5.432738023979464259e-01
1.416666666666666607e+01 5.442427005767833670e-01
1.458333333333333393e+01 5.199340412807382794e-01
1.500000000000000000e+01 4.655730159517486033e-01
1.541666666666666607e+01 5.789611546594730651e-01
1.583333333333333393e+01 6.794695859400075033e-01
1.625000000000000000e+01 6.916651452435251812e-01
1.666666666666666785e+01 6.767595340275233129e-01
1.708333333333333215e+01 6.560966119266538055e-01
1.750000000000000000e+01 6.347830438312853651e-01
1.791666666666666785e+01 6.141622761535940889e-01
1.833333333333333215e+01 5.933116666353235313e-01
1.875000000000000000e+01 5.699652431250280538e-01
1.916666666666666785e+01 5.447642000073622537e-01
1.958333333333333215e+01 5.217531450390415770e-01
2.000000000000000000e+01 5.014196352830481151e-01
2.041666666666666785e+01 4.806670439167854969e-01
2.083333333333333215e+01 4.575846494894940664e-01
2.125000000000000000e+01 4.319894286199318922e-01
2.166666666666666785e+01 4.061676702525884863e-01
2.208333333333333215e+01 3.825529870958343515e-01
2.250000000000000000e+01 3.626909612042076847e-01
2.291666666666666785e+01 3.456456333964704752e-01
2.333333333333333215e+01 3.249398737932251979e-01
2.375000000000000000e+01 2.811468511901953904e-01
2.416666666666666785e+01 2.115951582303832734e-01
2.458333333333333215e+01 2.243291795544473666e-01
2.500000000000000000e+01 1.005981042225156386e-01
2.541666666666666785e+01 9.750780500021249964e-02
2.583333333333333215e+01 9.441102402952283867e-02
2.625000000000000000e+01 9.129244715142753597e-02
2.666666666666666785e+01 8.818296082536819513e-02
2.708333333333333215e+01 8.511225666562688419e-02
2.750000000000000000e+01 8.204164359139115570e-02
2.791666666666666785e+01 7.900263389055095509e-02
2.833333333333333215e+01 7.592320046188527627e-02
2.875000000000000000e+01 7.280411029451844263e-02
2.916666666666666785e+01 6.968873606441133850e-02
2.958333333333333215e+01 6.662285717877919344e-02
3.000000000000000000e+01 6.358672273561638555e-02
3.041666666666666785e+01 6.055820197700007013e-02
3.083333333333333215e+01 5.751705970220155617e-02
3.125000000000000000e+01 5.450927405852229457e-02
3.166666666666666785e+01 5.151830108401306285e-02
3.208333333333333570e+01 4.852091174271666585e-02
3.250000000000000000e+01 4.552921841586765606e-02
3.291666666666666430e+01 4.254443054345413699e-02
3.333333333333333570e+01 3.953360152162332941e-02
3.375000000000000000e+01 3.650776989554060936e-02
3.416666666666666430e+01 3.346379845205771364e-02
3.458333333333333570e+01 3.044771074308649794e-02
3.500000000000000000e+01 2.746705295683415926e-02
3.541666666666666430e+01 2.451841442031099660e-02
3.583333333333333570e+01 2.162313580247476885e-02
3.625000000000000000e+01 1.875576820095303798e-02
3.666666666666666430e+01 1.590894076576576666e-02
3.708333333333333570e+01 1.305868611219562769e-02
3.750000000000000000e+01 1.018947280284188128e-02
3.791666666666666430e+01 7.285036130533439902e-03
3.833333333333333570e+01 4.353952785940196080e-03
3.875000000000000000e+01 1.459331301521982205e-03
3.916666666666666430e+01 -1.393242619052048603e-03
3.958333333333333570e+01 -4.190553726756141018e-03
4.000000000000000000e+01 -7.183315045339311311e-04
