0.000000000000000000e+00 5.736839162426282668e-01
4.166666666666666852e-01 5.759299469705824182e-01
8.333333333333333703e-01 5.787440489344626293e-01
1.250000000000000000e+00 5.897642536990362894e-01
1.666666666666666741e+00 6.043527495315759168e-01
2.083333333333333481e+00 6.181470675831046702e-01
2.500000000000000000e+00 6.299595955585036711e-01
2.916666666666666519e+00 6.410144453564694533e-01
3.333333333333333481e+00 6.518674017406093091e-01
3.750000000000000000e+00 6.622743930363682585e-01
4.166666666666666963e+00 6.720207971146052728e-01
4.583333333333333037e+00 6.808235827779496319e-01
5.000000000000000000e+00 6.887609724560191937e-01
5.416666666666666963e+00 6.967315629439295721e-01
5.833333333333333037e+00 7.048802044583515336e-01
6.250000000000000000e+00 7.139536826041789075e-01
6.666666666666666963e+00 7.349809587905560271e-01
7.083333333333333037e+00 7.567587097286624376e-01
7.500000000000000000e+00 7.575763666693047238e-01
7.916666666666666963e+00 7.570048722607727321e-01
8.333333333333333925e+00 7.628752683652383348e-01
8.750000000000000000e+00 7.686576780073407500e-01
9.166666666666666075e+00 7.729913342259100428e-01
9.583333333333333925e+00 7.759441831334515927e-01
1.000000000000000000e+01 7.778221230280883969e-01
1.041666666666666607e+01 7.785363488867143023e-01
1.083333333333333393e+01 7.781569706279918286e-01
1.125000000000000000e+01 7.768681760810380865e-01
1.166666666666666607e+01 7.749319903942691878e-01
1.208333333333333393e+01 7.725990543008834921e-01
1.250000000000000000e+01 7.700530144932387078e-01
1.291666666666666607e+01 7.674823480425920774e-01
1.333333333333333393e+01 7.648594599790945470e-01
1.375000000000000000e+01 7.594893268957813026e-01
1.416666666666666607e+01 7.389808677543412418e-01
1.458333333333333393e+01 7.181444009443919141e-01
1.500000000000000000e+01 7.000747761443930628e-01
1.541666666666666607e+01 6.643922488590250364e-01
1.583333333333333393e+01 6.959387760571967840e-01
1.625000000000000000e+01 7.245771430738268126e-01
1.666666666666666785e+01 7.251408126242523400e-01
1.708333333333333215e+01 7.146462722570627868e-01
1.750000000000000000e+01 7.004048093229279237e-01
1.791666666666666785e+01 6.843090709606348687e-01
1.833333333333333215e+01 6.666449339733849788e-01
1.875000000000000000e+01 6.476391399861244347e-01
1.916666666666666785e+01 6.274386012104685717e-01
1.958333333333333215e+01 6.060444282007148020e-01
2.000000000000000000e+01 5.835424490779893558e-01
2.041666666666666785e+01 5.601384107491789166e-01
2.083333333333333215e+01 5.358091281978357712e-01
2.125000000000000000e+01 5.101214289497129073e-01
2.166666666666666785e+01 4.824159265211569458e-01
2.208333333333333215e+01 4.515901544305448434e-01
2.250000000000000000e+01 4.117177026970179066e-01
2.291666666666666785e+01 3.782530438249275817e-01
2.333333333333333215e+01 3.503249161192288907e-01
2.375000000000000000e+01 3.096638753897338892e-01
2.416666666666666785e+01 2.708375875893539453e-01
2.458333333333333215e+01 2.224070650185994702e-01
2.500000000000000000e+01 3.897272803804635033e-01
2.541666666666666785e+01 3.810765602320841383e-01
2.583333333333333215e+01 3.736568952350892148e-01
2.625000000000000000e+01 3.607428481636006934e-01
2.666666666666666785e+01 3.377610762893898944e-01
2.708333333333333215e+01 3.094950418295580041e-01
2.750000000000000000e+01 2.872592165004348441e-01
2.791666666666666785e+01 2.631750520573331031e-01
2.833333333333333215e+01 2.272468281553639557e-01
2.875000000000000000e+01 1.786572618237903809e-01
2.916666666666666785e+01 1.377732247477283511e-01
2.958333333333333215e+01 6.740873686595749703e-02
3.000000000000000000e+01 6.428680578730217032e-02
3.041666666666666785e+01 6.119113429759048817e-02
3.083333333333333215e+01 5.812891757169225126e-02
3.125000000000000000e+01 5.506546186178862268e-02
3.166666666666666785e+01 5.200259926015871059e-02
3.208333333333333570e+01 4.896334513625089091e-02
3.250000000000000000e+01 4.593592369602395031e-02
3.291666666666666430e+01 4.291375911165373758e-02
3.333333333333333570e+01 3.991574958018362373e-02
3.375000000000000000e+01 3.693310723599740886e-02
3.416666666666666430e+01 3.397731770555989517e-02
3.458333333333333570e+01 3.102644958592160052e-02
3.500000000000000000e+01 2.807773030756033350e-02
3.541666666666666430e+01 2.514089602580460436e-02
3.583333333333333570e+01 2.219804023982585583e-02
3.625000000000000000e+01 1.926211516121811851e-02
3.666666666666666430e+01 1.632569786197368700e-02
3.708333333333333570e+01 1.339424837754443764e-02
3.750000000000000000e+01 1.046933503860747461e-02
3.791666666666666430e+01 7.561895622748671109e-03
3.833333333333333570e+01 4.675837923127867946e-03
3.875000000000000000e+01 1.778130894390717032e-03
3.916666666666666430e+01 -1.120997880302954108e-03
3.958333333333333570e+01 -4.029061420814494809e-03
4.000000000000000000e+01 -5.568391985922849230e-04
