0.000000000000000000e+00 9.910675404554287748e-01
4.166666666666666852e-01 9.890929837874566921e-01
8.333333333333333703e-01 9.851232640279130592e-01
1.250000000000000000e+00 9.898220019671450931e-01
1.666666666666666741e+00 9.983094333442170676e-01
2.083333333333333481e+00 1.007949540323184179e+00
2.500000000000000000e+00 1.016971242468600156e+00
2.916666666666666519e+00 1.025354588664261435e+00
3.333333333333333481e+00 1.033763705094435270e+00
3.750000000000000000e+00 1.043212603584999121e+00
4.166666666666666963e+00 1.054961928757669254e+00
4.583333333333333037e+00 1.067653663465698122e+00
5.000000000000000000e+00 1.079978959963282970e+00
5.416666666666666963e+00 1.091229700093689026e+00
5.833333333333333037e+00 1.101048650356923009e+00
6.250000000000000000e+00 1.109468845891358635e+00
6.666666666666666963e+00 1.116584230648880904e+00
7.083333333333333037e+00 1.123283044306308431e+00
7.500000000000000000e+00 1.132590291596919929e+00
7.916666666666666963e+00 1.139840103314632147e+00
8.333333333333333925e+00 1.140894317463327035e+00
8.750000000000000000e+00 1.140371489891285783e+00
9.166666666666666075e+00 1.141465996385378379e+00
9.583333333333333925e+00 1.142248949846053296e+00
1.000000000000000000e+01 1.142273153955944087e+00
1.041666666666666607e+01 1.141388712985690335e+00
1.083333333333333393e+01 1.139797740935509784e+00
1.125000000000000000e+01 1.137585380628891585e+00
1.166666666666666607e+01 1.134521133813551685e+00
1.208333333333333393e+01 1.130356307521512171e+00
1.250000000000000000e+01 1.125091721480415474e+00
1.291666666666666607e+01 1.119025125537105980e+00
1.333333333333333393e+01 1.112515884957229639e+00
1.375000000000000000e+01 1.105508417069234195e+00
1.416666666666666607e+01 1.097298240593079566e+00
1.458333333333333393e+01 1.085414275906937398e+00
1.500000000000000000e+01 1.068330147888766790e+00
1.541666666666666607e+01 1.068088760830037565e+00
1.583333333333333393e+01 1.063910418497457044e+00
1.625000000000000000e+01 1.047757191258707810e+00
1.666666666666666785e+01 1.027571701035138174e+00
1.708333333333333215e+01 1.006905849262422104e+00
1.750000000000000000e+01 9.874179982127111455e-01
1.791666666666666785e+01 9.692972838550447667e-01
1.833333333333333215e+01 9.509280379257081250e-01
1.875000000000000000e+01 9.318272245779317675e-01
1.916666666666666785e+01 9.130300536755966423e-01
1.958333333333333215e+01 8.947455639581238795e-01
2.000000000000000000e+01 8.763308369013725896e-01
2.041666666666666785e+01 8.572033545591343229e-01
2.083333333333333215e+01 8.377610988176921181e-01
2.125000000000000000e+01 8.178814574577247809e-01
2.166666666666666785e+01 7.978607685424006224e-01
2.208333333333333215e+01 7.768067650800811741e-01
2.250000000000000000e+01 7.542492242822931292e-01
2.291666666666666785e+01 7.302608362394329422e-01
2.333333333333333215e+01 7.050535871981213898e-01
2.375000000000000000e+01 6.777375461788170963e-01
2.416666666666666785e+01 6.438497693599058991e-01
2.458333333333333215e+01 6.032855726504825489e-01
2.500000000000000000e+01 6.020236823166514872e-01
2.541666666666666785e+01 5.941179741415283377e-01
2.583333333333333215e+01 5.643834572342900646e-01
2.625000000000000000e+01 5.298812942438653195e-01
2.666666666666666785e+01 4.958548205182335966e-01
2.708333333333333215e+01 4.636246709893545592e-01
2.750000000000000000e+01 4.337716288806527376e-01
2.791666666666666785e+01 4.060015649334355325e-01
2.833333333333333215e+01 3.782529375453944076e-01
2.875000000000000000e+01 3.485602197863128526e-01
2.916666666666666785e+01 3.145477498943279326e-01
2.958333333333333215e+01 2.765854857783389686e-01
3.000000000000000000e+01 2.737960140970531198e-01
3.041666666666666785e+01 2.672548574935477150e-01
3.083333333333333215e+01 2.426753317603637106e-01
3.125000000000000000e+01 2.132974479603417794e-01
3.166666666666666785e+01 1.833300113250411201e-01
3.208333333333333570e+01 1.468425799995496384e-01
3.250000000000000000e+01 1.138676949118346826e-01
3.291666666666666430e+01 5.173808938340163088e-02
3.333333333333333570e+01 4.825363105786606432e-02
3.375000000000000000e+01 4.477339381457989820e-02
3.416666666666666430e+01 4.128566137609424036e-02
3.458333333333333570e+01 3.780788977747207014e-02
3.500000000000000000e+01 3.433992356663140288e-02
3.541666666666666430e+01 3.087091380628870230e-02
3.583333333333333570e+01 2.741617638226823139e-02
3.625000000000000000e+01 2.396343725896488142e-02
3.666666666666666430e+01 2.052002061684798928e-02
3.708333333333333570e+01 1.708170925850427402e-02
3.750000000000000000e+01 1.364816594863127452e-02
3.791666666666666430e+01 1.020957090287410995e-02
3.833333333333333570e+01 6.760000689617906566e-03
3.875000000000000000e+01 3.325805903755196802e-03
3.916666666666666430e+01 -1.056850925066354918e-04
3.958333333333333570e+01 -3.528643703217482219e-03
4.000000000000000000e+01 -5.642148099527233285e-05
