0.000000000000000000e+00 1.093845293472960334e+00
4.166666666666666852e-01 1.106774552607174833e+00
8.333333333333333703e-01 1.119945460771008428e+00
1.250000000000000000e+00 1.131541658142092288e+00
1.666666666666666741e+00 1.142248174641157021e+00
2.083333333333333481e+00 1.152755790170620021e+00
2.500000000000000000e+00 1.163414453243367896e+00
2.916666666666666519e+00 1.174027836286902549e+00
3.333333333333333481e+00 1.184447639845880973e+00
3.750000000000000000e+00 1.194649002541118055e+00
4.166666666666666963e+00 1.204588381915501216e+00
4.583333333333333037e+00 1.214212011930378754e+00
5.000000000000000000e+00 1.223584828679396441e+00
5.416666666666666963e+00 1.232674432890721539e+00
5.833333333333333037e+00 1.241127177902442424e+00
6.250000000000000000e+00 1.248299603444365635e+00
6.666666666666666963e+00 1.252813879901198080e+00
7.083333333333333037e+00 1.257133148114992327e+00
7.500000000000000000e+00 1.263589060390072127e+00
7.916666666666666963e+00 1.269249403166750723e+00
8.333333333333333925e+00 1.272747644280813883e+00
8.750000000000000000e+00 1.275192067771932170e+00
9.166666666666666075e+00 1.276900771218631769e+00
9.583333333333333925e+00 1.277858169496104424e+00
1.000000000000000000e+01 1.277919519745763566e+00
1.041666666666666607e+01 1.277031772032549473e+00
1.083333333333333393e+01 1.275235630476590609e+00
1.125000000000000000e+01 1.272545572439572670e+00
1.166666666666666607e+01 1.268873248625073780e+00
1.208333333333333393e+01 1.264161952751536644e+00
1.250000000000000000e+01 1.258326551376486968e+00
1.291666666666666607e+01 1.251315675890429358e+00
1.333333333333333393e+01 1.243072458254874002e+00
1.375000000000000000e+01 1.233544326225665566e+00
1.416666666666666607e+01 1.222835735607525454e+00
1.458333333333333393e+01 1.211041509516811221e+00
1.500000000000000000e+01 1.198553185871837679e+00
1.541666666666666607e+01 1.186920597373450459e+00
1.583333333333333393e+01 1.176432761211593903e+00
1.625000000000000000e+01 1.151424259314683063e+00
1.666666666666666785e+01 1.126578592266747281e+00
1.708333333333333215e+01 1.108563617005938529e+00
1.750000000000000000e+01 1.091805575644380522e+00
1.791666666666666785e+01 1.073651220735257539e+00
1.833333333333333215e+01 1.053464286343853029e+00
1.875000000000000000e+01 1.031138926197870509e+00
1.916666666666666785e+01 1.007055250165314497e+00
1.958333333333333215e+01 9.817537017052643256e-01
2.000000000000000000e+01 9.558570721944863458e-01
2.041666666666666785e+01 9.294079358246910560e-01
2.083333333333333215e+01 9.025641756397351223e-01
2.125000000000000000e+01 8.748284101182329797e-01
2.166666666666666785e+01 8.463414196044261040e-01
2.208333333333333215e+01 8.179720302444231095e-01
2.250000000000000000e+01 7.913062367383836282e-01
2.291666666666666785e+01 7.658220748067910977e-01
2.333333333333333215e+01 7.393335145498933780e-01
2.375000000000000000e+01 7.111113339336174732e-01
2.416666666666666785e+01 6.850050294558522879e-01
2.458333333333333215e+01 6.640619061569671411e-01
2.500000000000000000e+01 6.227322786966007495e-01
2.541666666666666785e+01 5.894197382812249586e-01
2.583333333333333215e+01 5.673108010117791089e-01
2.625000000000000000e+01 5.437312578387949458e-01
2.666666666666666785e+01 5.162348804606885500e-01
2.708333333333333215e+01 4.867316532768877213e-01
2.750000000000000000e+01 4.573304517379749856e-01
2.791666666666666785e+01 4.285252483028432202e-01
2.833333333333333215e+01 3.988576524038067173e-01
2.875000000000000000e+01 3.685545532822074311e-01
2.916666666666666785e+01 3.416741447485304173e-01
2.958333333333333215e+01 3.185012975261628521e-01
3.000000000000000000e+01 2.498736934469130144e-01
3.041666666666666785e+01 1.931740700235510255e-01
3.083333333333333215e+01 8.518415806663148793e-02
3.125000000000000000e+01 8.038739368256186957e-02
3.166666666666666785e+01 7.559442745763944593e-02
3.208333333333333570e+01 7.080600243071422106e-02
3.250000000000000000e+01 6.604898413645832189e-02
3.291666666666666430e+01 6.134360447267328542e-02
3.333333333333333570e+01 5.668700071869225976e-02
3.375000000000000000e+01 5.209536508717260705e-02
3.416666666666666430e+01 4.756328875440130055e-02
3.458333333333333570e+01 4.310972255179990054e-02
3.500000000000000000e+01 3.873729305003603685e-02
3.541666666666666430e+01 3.443909061216132717e-02
3.583333333333333570e+01 3.023164108244247306e-02
3.625000000000000000e+01 2.610645501436503757e-02
3.666666666666666430e+01 2.207283419920802459e-02
3.708333333333333570e+01 1.812948540718772872e-02
3.750000000000000000e+01 1.427885964022035381e-02
3.791666666666666430e+01 1.051426749639494673e-02
3.833333333333333570e+01 6.830259430686491662e-03
3.875000000000000000e+01 3.248853614851721083e-03
3.916666666666666430e+01 -2.427516176977118079e-04
3.958333333333333570e+01 -3.639298415834990585e-03
4.000000000000000000e+01 -1.670761936127806990e-04
