0.000000000000000000e+00 1.105980406201460209e+00
4.166666666666666852e-01 1.153316698643828797e+00
8.333333333333333703e-01 1.203442711329324899e+00
1.250000000000000000e+00 1.220856072015236826e+00
1.666666666666666741e+00 1.221166078085564433e+00
2.083333333333333481e+00 1.222209373316559766e+00
2.500000000000000000e+00 1.229764741284922192e+00
2.916666666666666519e+00 1.238598716740721972e+00
3.333333333333333481e+00 1.246345466561969317e+00
3.750000000000000000e+00 1.254830795210642558e+00
4.166666666666666963e+00 1.265093395564787837e+00
4.583333333333333037e+00 1.274249448757669656e+00
5.000000000000000000e+00 1.278245181752667214e+00
5.416666666666666963e+00 1.281805314368326787e+00
5.833333333333333037e+00 1.289885694797291205e+00
6.250000000000000000e+00 1.298449193368466537e+00
6.666666666666666963e+00 1.304516477803888908e+00
7.083333333333333037e+00 1.307251332284514289e+00
7.500000000000000000e+00 1.306827131297735978e+00
7.916666666666666963e+00 1.304737136908916684e+00
8.333333333333333925e+00 1.301415700262721131e+00
8.750000000000000000e+00 1.297346109904823797e+00
9.166666666666666075e+00 1.292772219747159834e+00
9.583333333333333925e+00 1.286590146757333741e+00
1.000000000000000000e+01 1.280107622787591826e+00
1.041666666666666607e+01 1.273964635628348940e+00
1.083333333333333393e+01 1.267659296687490000e+00
1.125000000000000000e+01 1.261276798111649944e+00
1.166666666666666607e+01 1.254344118454099988e+00
1.208333333333333393e+01 1.246730992631704726e+00
1.250000000000000000e+01 1.237970304477351791e+00
1.291666666666666607e+01 1.226823925335335685e+00
1.333333333333333393e+01 1.213919561642709199e+00
1.375000000000000000e+01 1.199856615879671740e+00
1.416666666666666607e+01 1.181991207741678318e+00
1.458333333333333393e+01 1.160135739666704469e+00
1.500000000000000000e+01 1.137346837789516174e+00
1.541666666666666607e+01 1.115461709695398929e+00
1.583333333333333393e+01 1.095642082605793544e+00
1.625000000000000000e+01 1.077337073861325933e+00
1.666666666666666785e+01 1.058746899903657335e+00
1.708333333333333215e+01 1.040078332699746477e+00
1.750000000000000000e+01 1.023523349244179759e+00
1.791666666666666785e+01 1.008897885358040147e+00
1.833333333333333215e+01 9.941975505474855979e-01
1.875000000000000000e+01 9.793678393911913194e-01
1.916666666666666785e+01 9.657065045655708335e-01
1.958333333333333215e+01 9.535273380796842613e-01
2.000000000000000000e+01 9.409244287019367103e-01
2.041666666666666785e+01 9.258761515626063865e-01
2.083333333333333215e+01 9.071981333659897562e-01
2.125000000000000000e+01 8.850916779658397626e-01
2.166666666666666785e+01 8.596682200095286941e-01
2.208333333333333215e+01 8.252626648711715029e-01
2.250000000000000000e+01 7.932144958072208096e-01
2.291666666666666785e+01 7.537160362732148178e-01
2.333333333333333215e+01 7.166009010626495090e-01
2.375000000000000000e+01 6.195599643696594327e-01
2.416666666666666785e+01 8.356056774808658938e-01
2.458333333333333215e+01 8.054309734001712240e-01
2.500000000000000000e+01 7.650494209465301676e-01
2.541666666666666785e+01 7.276348345658412153e-01
2.583333333333333215e+01 6.928774298337587734e-01
2.625000000000000000e+01 6.591872396270692658e-01
2.666666666666666785e+01 6.248047002490542123e-01
2.708333333333333215e+01 5.898171367463811432e-01
2.750000000000000000e+01 5.531810614285052052e-01
2.791666666666666785e+01 5.137731787814598938e-01
2.833333333333333215e+01 4.817209122073427552e-01
2.875000000000000000e+01 4.895864916934612454e-01
2.916666666666666785e+01 5.317989872837829424e-01
2.958333333333333215e+01 3.575919185152976465e-01
3.000000000000000000e+01 2.029764590264210855e-01
3.041666666666666785e+01 1.649641408405788656e-01
3.083333333333333215e+01 7.754346707456138965e-02
3.125000000000000000e+01 7.411534480484072152e-02
3.166666666666666785e+01 7.068563364098690016e-02
3.208333333333333570e+01 6.726036021077852478e-02
3.250000000000000000e+01 6.381437045364601879e-02
3.291666666666666430e+01 6.033597284479597089e-02
3.333333333333333570e+01 5.684957988080185931e-02
3.375000000000000000e+01 5.334063529051447095e-02
3.416666666666666430e+01 4.981195145007355496e-02
3.458333333333333570e+01 4.622046692166281723e-02
3.500000000000000000e+01 4.255962947100777605e-02
3.541666666666666430e+01 3.883122831557428434e-02
3.583333333333333570e+01 3.501044131617414568e-02
3.625000000000000000e+01 3.111530842756682347e-02
3.666666666666666430e+01 2.714493486253022336e-02
3.708333333333333570e+01 2.311485097496024377e-02
3.750000000000000000e+01 1.903426847685196766e-02
3.791666666666666430e+01 1.491649587983834291e-02
3.833333333333333570e+01 1.075490990070571140e-02
3.875000000000000000e+01 6.492403567960658428e-03
3.916666666666666430e+01 2.126678918591973222e-03
3.958333333333333570e+01 -2.355033717848287189e-03
4.000000000000000000e+01 1.117188504373922697e-03
