0.000000000000000000e+00 1.031365396468076456e+00
4.166666666666666852e-01 1.191755009659532849e+00
8.333333333333333703e-01 1.197010374625696816e+00
1.250000000000000000e+00 1.214346011170828410e+00
1.666666666666666741e+00 1.233086965043330707e+00
2.083333333333333481e+00 1.243967816184011976e+00
2.500000000000000000e+00 1.257794642770321492e+00
2.916666666666666519e+00 1.270307754273185985e+00
3.333333333333333481e+00 1.280706044765291818e+00
3.750000000000000000e+00 1.289769631906662051e+00
4.166666666666666963e+00 1.298743524673727334e+00
4.583333333333333037e+00 1.309290599964561430e+00
5.000000000000000000e+00 1.320331257367735933e+00
5.416666666666666963e+00 1.327670946631547277e+00
5.833333333333333037e+00 1.334306561155693682e+00
6.250000000000000000e+00 1.349103892680358685e+00
6.666666666666666963e+00 1.370556585807111816e+00
7.083333333333333037e+00 1.389533001826894765e+00
7.500000000000000000e+00 1.390869614531874188e+00
7.916666666666666963e+00 1.329820477691071812e+00
8.333333333333333925e+00 1.272306673695505097e+00
8.750000000000000000e+00 1.302712424571029093e+00
9.166666666666666075e+00 1.337450719335718574e+00
9.583333333333333925e+00 1.340618777817252250e+00
1.000000000000000000e+01 1.328227492265485310e+00
1.041666666666666607e+01 1.319799538871444300e+00
1.083333333333333393e+01 1.319779769911459510e+00
1.125000000000000000e+01 1.305791344484623195e+00
1.166666666666666607e+01 1.297189873556437778e+00
1.208333333333333393e+01 1.286791268941728017e+00
1.250000000000000000e+01 1.283753883748669944e+00
1.291666666666666607e+01 1.282054238592026607e+00
1.333333333333333393e+01 1.258876463146650693e+00
1.375000000000000000e+01 1.231465173339777230e+00
1.416666666666666607e+01 1.098385243291046587e+00
1.458333333333333393e+01 1.466689527828789918e+00
1.500000000000000000e+01 1.435977811554997707e+00
1.541666666666666607e+01 1.385064238416003235e+00
1.583333333333333393e+01 1.344035883377859175e+00
1.625000000000000000e+01 1.314295489082716983e+00
1.666666666666666785e+01 1.292196555418672954e+00
1.708333333333333215e+01 1.273718741172852331e+00
1.750000000000000000e+01 1.256091742294900948e+00
1.791666666666666785e+01 1.237831231842543955e+00
1.833333333333333215e+01 1.219023324862554825e+00
1.875000000000000000e+01 1.200751399349206716e+00
1.916666666666666785e+01 1.181614895295805212e+00
1.958333333333333215e+01 1.158833789986088991e+00
2.000000000000000000e+01 1.134201116662693076e+00
2.041666666666666785e+01 1.110093698802836482e+00
2.083333333333333215e+01 1.086035605851841890e+00
2.125000000000000000e+01 1.062125137295160338e+00
2.166666666666666785e+01 1.038020479862072909e+00
2.208333333333333215e+01 1.012325600471072562e+00
2.250000000000000000e+01 9.839763806115160438e-01
2.291666666666666785e+01 9.561990169728731281e-01
2.333333333333333215e+01 9.374446731455837734e-01
2.375000000000000000e+01 9.416857597404104663e-01
2.416666666666666785e+01 9.653069401744842626e-01
2.458333333333333215e+01 8.679331719549983060e-01
2.500000000000000000e+01 7.810596468948000082e-01
2.541666666666666785e+01 7.584160055217714635e-01
2.583333333333333215e+01 7.476802358183390895e-01
2.625000000000000000e+01 7.291977819415417228e-01
2.666666666666666785e+01 7.018970318022029753e-01
2.708333333333333215e+01 6.692826107938794067e-01
2.750000000000000000e+01 6.334740027329327505e-01
2.791666666666666785e+01 5.951321281139192454e-01
2.833333333333333215e+01 5.562498032343730081e-01
2.875000000000000000e+01 5.245387006465982438e-01
2.916666666666666785e+01 5.157766901790817871e-01
2.958333333333333215e+01 5.261368993792508997e-01
3.000000000000000000e+01 4.144920405477263703e-01
3.041666666666666785e+01 3.252152356878774686e-01
3.083333333333333215e+01 2.912574177936751996e-01
3.125000000000000000e+01 2.632131314286983992e-01
3.166666666666666785e+01 2.226233843097408238e-01
3.208333333333333570e+01 1.939634140519753691e-01
3.250000000000000000e+01 4.689344715265464369e-02
3.291666666666666430e+01 4.367760412364607436e-02
3.333333333333333570e+01 4.050715286953121552e-02
3.375000000000000000e+01 3.737485705272347580e-02
3.416666666666666430e+01 3.429033020338179139e-02
3.458333333333333570e+01 3.121741109232212263e-02
3.500000000000000000e+01 2.815502786120027690e-02
3.541666666666666430e+01 2.510917434394910330e-02
3.583333333333333570e+01 2.205847056276499796e-02
3.625000000000000000e+01 1.902287635267629895e-02
3.666666666666666430e+01 1.600300439580526479e-02
3.708333333333333570e+01 1.301557803710573502e-02
3.750000000000000000e+01 1.007140118616556279e-02
3.791666666666666430e+01 7.186125918754449060e-03
3.833333333333333570e+01 4.356785916194816366e-03
3.875000000000000000e+01 1.530975407129653298e-03
3.916666666666666430e+01 -1.290377550741794721e-03
3.958333333333333570e+01 -4.118256262821806679e-03
4.000000000000000000e+01 -6.460340405995967927e-04
