0.000000000000000000e+00 1.274476756304776526e-02
4.166666666666666852e-01 9.906122546653239880e-03
8.333333333333333703e-01 1.199865152260826129e-02
1.250000000000000000e+00 3.527788391315889172e-02
1.666666666666666741e+00 5.776529317638923189e-02
2.083333333333333481e+00 7.393414580552271076e-02
2.500000000000000000e+00 8.631683074029761205e-02
2.916666666666666519e+00 9.701099295811055345e-02
3.333333333333333481e+00 1.080138660559306629e-01
3.750000000000000000e+00 1.098966684705474095e-01
4.166666666666666963e+00 9.973961547773085856e-02
4.583333333333333037e+00 9.740720616882608818e-02
5.000000000000000000e+00 1.332950216947130229e-01
5.416666666666666963e+00 2.586946772601951827e-01
5.833333333333333037e+00 4.015046935625268820e-01
6.250000000000000000e+00 4.018156519518505942e-01
6.666666666666666963e+00 3.796049818237194895e-01
7.083333333333333037e+00 3.918263867137251610e-01
7.500000000000000000e+00 4.250609459350858099e-01
7.916666666666666963e+00 4.301451770836758337e-01
8.333333333333333925e+00 4.381389296332640626e-01
8.750000000000000000e+00 4.430048457616866386e-01
9.166666666666666075e+00 4.506767892344210047e-01
9.583333333333333925e+00 4.539380035853760598e-01
1.000000000000000000e+01 4.511844008013468077e-01
1.041666666666666607e+01 4.410702944219173638e-01
1.083333333333333393e+01 4.250318738350635783e-01
1.125000000000000000e+01 4.135044887139963654e-01
1.166666666666666607e+01 4.090787466913076709e-01
1.208333333333333393e+01 3.978480884709585386e-01
1.250000000000000000e+01 4.008245830808180310e-01
1.291666666666666607e+01 4.208711402157845338e-01
1.333333333333333393e+01 4.363903088270730812e-01
1.375000000000000000e+01 4.520774553768833748e-01
1.416666666666666607e+01 4.449045942406880116e-01
1.458333333333333393e+01 4.507617537684211473e-01
1.500000000000000000e+01 4.369281190798500747e-01
1.541666666666666607e+01 4.322285891427895543e-01
1.583333333333333393e+01 4.059871310584552973e-01
1.625000000000000000e+01 3.707995847218655272e-01
1.666666666666666785e+01 2.593251726331396445e-01
1.708333333333333215e+01 2.571584120108038052e-01
1.750000000000000000e+01 5.889919161549478366e-01
1.791666666666666785e+01 5.600716125904128262e-01
1.833333333333333215e+01 5.184841327169712466e-01
1.875000000000000000e+01 4.859425685627788982e-01
1.916666666666666785e+01 4.610908687014500518e-01
1.958333333333333215e+01 4.396595891631859820e-01
2.000000000000000000e+01 4.195910935639040051e-01
2.041666666666666785e+01 4.021025447508171924e-01
2.083333333333333215e+01 3.876456675494285853e-01
2.125000000000000000e+01 3.787459031738130699e-01
2.166666666666666785e+01 3.791953847086790841e-01
2.208333333333333215e+01 3.920419169284951044e-01
2.250000000000000000e+01 4.164063730596224144e-01
2.291666666666666785e+01 4.404888433059633290e-01
2.333333333333333215e+01 4.266274434962951112e-01
2.375000000000000000e+01 3.900829927389382057e-01
2.416666666666666785e+01 1.327745702234265912e-01
2.458333333333333215e+01 1.311187898602951818e-01
2.500000000000000000e+01 1.294518858847206189e-01
2.541666666666666785e+01 5.685023527311293678e-01
2.583333333333333215e+01 4.700763401735748581e-01
2.625000000000000000e+01 3.591433472227811841e-01
2.666666666666666785e+01 2.617830987641645013e-01
2.708333333333333215e+01 1.804339863879672601e-01
2.750000000000000000e+01 5.805964506483402010e-02
2.791666666666666785e+01 5.624666166882219542e-02
2.833333333333333215e+01 5.438874185418313134e-02
2.875000000000000000e+01 5.248940581039684972e-02
2.916666666666666785e+01 5.059472064725645257e-02
2.958333333333333215e+01 4.875115863323897791e-02
3.000000000000000000e+01 4.693578521949204330e-02
3.041666666666666785e+01 4.512074880506067309e-02
3.083333333333333215e+01 4.327915269350002259e-02
3.125000000000000000e+01 4.145092971990615993e-02
3.166666666666666785e+01 3.961252682593929819e-02
3.208333333333333570e+01 3.773394958619358253e-02
3.250000000000000000e+01 3.582214063934596737e-02
3.291666666666666430e+01 3.387421526949785378e-02
3.333333333333333570e+01 3.185393606957620527e-02
3.375000000000000000e+01 2.977095773452564931e-02
3.416666666666666430e+01 2.762167798091685889e-02
3.458333333333333570e+01 2.545234256365358494e-02
3.500000000000000000e+01 2.326907378009068772e-02
3.541666666666666430e+01 2.106512913881153359e-02
3.583333333333333570e+01 1.885713759687013269e-02
3.625000000000000000e+01 1.661310623823375465e-02
3.666666666666666430e+01 1.431902094442460971e-02
3.708333333333333570e+01 1.194490312335372284e-02
3.750000000000000000e+01 9.471086666710260005e-03
3.791666666666666430e+01 6.879663164483185156e-03
3.833333333333333570e+01 4.180553695167454897e-03
3.875000000000000000e+01 1.440498863515382588e-03
3.916666666666666430e+01 -1.332209599465894456e-03
3.958333333333333570e+01 -4.123013343622528026e-03
4.000000000000000000e+01 -6.507911214003181399e-04
