0.000000000000000000e+00 1.492002742278329741e+00
4.166666666666666852e-01 1.585315775465713006e+00
8.333333333333333703e-01 1.663905158033095466e+00
1.250000000000000000e+00 1.677746740394095326e+00
1.666666666666666741e+00 1.679964042398872204e+00
2.083333333333333481e+00 1.693155221731199145e+00
2.500000000000000000e+00 1.714900760392809698e+00
2.916666666666666519e+00 1.735434993422828143e+00
3.333333333333333481e+00 1.747034156891794421e+00
3.750000000000000000e+00 1.758872899790670186e+00
4.166666666666666963e+00 1.777395372822418995e+00
4.583333333333333037e+00 1.785296606540641040e+00
5.000000000000000000e+00 1.774190162576271046e+00
5.416666666666666963e+00 1.755232547586689007e+00
5.833333333333333037e+00 1.735526007110891999e+00
6.250000000000000000e+00 1.719656785558154155e+00
6.666666666666666963e+00 1.713400501545848442e+00
7.083333333333333037e+00 1.720981689843795515e+00
7.500000000000000000e+00 1.735510221200321057e+00
7.916666666666666963e+00 1.718881137603338383e+00
8.333333333333333925e+00 1.571782453413674840e+00
8.750000000000000000e+00 1.432872145899078520e+00
9.166666666666666075e+00 1.484939165114679938e+00
9.583333333333333925e+00 1.532487080533060597e+00
1.000000000000000000e+01 1.504134173301708843e+00
1.041666666666666607e+01 1.460413027161251209e+00
1.083333333333333393e+01 1.409664587623905119e+00
1.125000000000000000e+01 1.364968417139800216e+00
1.166666666666666607e+01 1.342265835702111554e+00
1.208333333333333393e+01 1.381169160334533963e+00
1.250000000000000000e+01 1.486910983543157982e+00
1.291666666666666607e+01 1.264747200017650508e+00
1.333333333333333393e+01 1.061531358615822596e+00
1.375000000000000000e+01 1.044085765270613475e+00
1.416666666666666607e+01 1.077478158665422292e+00
1.458333333333333393e+01 1.107686171745008163e+00
1.500000000000000000e+01 1.127920176168006439e+00
1.541666666666666607e+01 1.139499936452693651e+00
1.583333333333333393e+01 1.143476018363815294e+00
1.625000000000000000e+01 1.141067424470506797e+00
1.666666666666666785e+01 1.132780101466432932e+00
1.708333333333333215e+01 1.117751824100313929e+00
1.750000000000000000e+01 1.091793895467832343e+00
1.791666666666666785e+01 1.073613052407737856e+00
1.833333333333333215e+01 1.053158243072681133e+00
1.875000000000000000e+01 1.016552186636246802e+00
1.916666666666666785e+01 9.928293650320573205e-01
1.958333333333333215e+01 9.561282010692420119e-01
2.000000000000000000e+01 9.237760284114107101e-01
2.041666666666666785e+01 9.012042859257902716e-01
2.083333333333333215e+01 8.682522085040980109e-01
2.125000000000000000e+01 8.340497163253812740e-01
2.166666666666666785e+01 7.847551095158726842e-01
2.208333333333333215e+01 7.316844149139200004e-01
2.250000000000000000e+01 6.748520940608847551e-01
2.291666666666666785e+01 6.383409305507753428e-01
2.333333333333333215e+01 6.797520794390879972e-01
2.375000000000000000e+01 8.015216466988770438e-01
2.416666666666666785e+01 4.652304187242052302e-01
2.458333333333333215e+01 1.565042824712691849e-01
2.500000000000000000e+01 8.795896089441102017e-02
2.541666666666666785e+01 9.514419431209736322e-02
2.583333333333333215e+01 9.192553688247445676e-02
2.625000000000000000e+01 8.877097844352416223e-02
2.666666666666666785e+01 8.564181469871084973e-02
2.708333333333333215e+01 8.250072092836047144e-02
2.750000000000000000e+01 7.937899634536027538e-02
2.791666666666666785e+01 7.623937630240479324e-02
2.833333333333333215e+01 7.314933114733046526e-02
2.875000000000000000e+01 7.010646276439591595e-02
2.916666666666666785e+01 6.706857111035141594e-02
2.958333333333333215e+01 6.399262814683948086e-02
3.000000000000000000e+01 6.090134803349045445e-02
3.041666666666666785e+01 5.782012597037683443e-02
3.083333333333333215e+01 5.477291330933675706e-02
3.125000000000000000e+01 5.171804440578597895e-02
3.166666666666666785e+01 4.867563047323791858e-02
3.208333333333333570e+01 4.567186863289818266e-02
3.250000000000000000e+01 4.269736558960063322e-02
3.291666666666666430e+01 3.975295506475690077e-02
3.333333333333333570e+01 3.687278646461272791e-02
3.375000000000000000e+01 3.404681808488979611e-02
3.416666666666666430e+01 3.127866093939873915e-02
3.458333333333333570e+01 2.852234531855696309e-02
3.500000000000000000e+01 2.576901655935692759e-02
3.541666666666666430e+01 2.301945514994957476e-02
3.583333333333333570e+01 2.024873651049285961e-02
3.625000000000000000e+01 1.747759601553755537e-02
3.666666666666666430e+01 1.470842873622801861e-02
3.708333333333333570e+01 1.196032578825334536e-02
3.750000000000000000e+01 9.244679918015585862e-03
3.791666666666666430e+01 6.574717668730412079e-03
3.833333333333333570e+01 3.940279019033599006e-03
3.875000000000000000e+01 1.277928310188358729e-03
3.916666666666666430e+01 -1.418420981108781120e-03
3.958333333333333570e+01 -4.162739406568194411e-03
4.000000000000000000e+01 -6.905171843459845249e-04
