0.000000000000000000e+00 1.193887729334603742e+00
4.166666666666666852e-01 1.208437466325345211e+00
8.333333333333333703e-01 1.223987681699039820e+00
1.250000000000000000e+00 1.233926098141466809e+00
1.666666666666666741e+00 1.239223922410553680e+00
2.083333333333333481e+00 1.242709638283708173e+00
2.500000000000000000e+00 1.247677984077981916e+00
2.916666666666666519e+00 1.254586240644032236e+00
3.333333333333333481e+00 1.263069275875086328e+00
3.750000000000000000e+00 1.272797413609293882e+00
4.166666666666666963e+00 1.283095136071864095e+00
4.583333333333333037e+00 1.292433983117213803e+00
5.000000000000000000e+00 1.300202789794881575e+00
5.416666666666666963e+00 1.306655935465644847e+00
5.833333333333333037e+00 1.312063449686101002e+00
6.250000000000000000e+00 1.316982354921292009e+00
6.666666666666666963e+00 1.321213237829897524e+00
7.083333333333333037e+00 1.324155307993717168e+00
7.500000000000000000e+00 1.323732204307210392e+00
7.916666666666666963e+00 1.323243412789813167e+00
8.333333333333333925e+00 1.326558931441286227e+00
8.750000000000000000e+00 1.329638879420499631e+00
9.166666666666666075e+00 1.330795571117957543e+00
9.583333333333333925e+00 1.331377282287806718e+00
1.000000000000000000e+01 1.331717186821625987e+00
1.041666666666666607e+01 1.331618564100545576e+00
1.083333333333333393e+01 1.330906858929181258e+00
1.125000000000000000e+01 1.329387673627525412e+00
1.166666666666666607e+01 1.327093553149407468e+00
1.208333333333333393e+01 1.323906057002829595e+00
1.250000000000000000e+01 1.319721819932868412e+00
1.291666666666666607e+01 1.314431158444819836e+00
1.333333333333333393e+01 1.307943304002851193e+00
1.375000000000000000e+01 1.300370726670101895e+00
1.416666666666666607e+01 1.291917069742042568e+00
1.458333333333333393e+01 1.283892630997926387e+00
1.500000000000000000e+01 1.276891810034278318e+00
1.541666666666666607e+01 1.259244419472624221e+00
1.583333333333333393e+01 1.240504199599777646e+00
1.625000000000000000e+01 1.225639662663384977e+00
1.666666666666666785e+01 1.210796633327441363e+00
1.708333333333333215e+01 1.194324360393176132e+00
1.750000000000000000e+01 1.175169178384859014e+00
1.791666666666666785e+01 1.153361625424095482e+00
1.833333333333333215e+01 1.131130537353214116e+00
1.875000000000000000e+01 1.110247569982721449e+00
1.916666666666666785e+01 1.089935886256120590e+00
1.958333333333333215e+01 1.069051070167845063e+00
2.000000000000000000e+01 1.046727353646174530e+00
2.041666666666666785e+01 1.023134631670378880e+00
2.083333333333333215e+01 9.991437902970008444e-01
2.125000000000000000e+01 9.750980882106922154e-01
2.166666666666666785e+01 9.506546886289279907e-01
2.208333333333333215e+01 9.250462516275610447e-01
2.250000000000000000e+01 8.979941092160964589e-01
2.291666666666666785e+01 8.691977044641212569e-01
2.333333333333333215e+01 8.386058280833120770e-01
2.375000000000000000e+01 8.079319723041069601e-01
2.416666666666666785e+01 7.822220621943171137e-01
2.458333333333333215e+01 7.616959194115078269e-01
2.500000000000000000e+01 7.074947041114003632e-01
2.541666666666666785e+01 6.587908764833165787e-01
2.583333333333333215e+01 6.287420118473087127e-01
2.625000000000000000e+01 6.017583205908807464e-01
2.666666666666666785e+01 5.728083910844428139e-01
2.708333333333333215e+01 5.425678922617516164e-01
2.750000000000000000e+01 5.135173582110472701e-01
2.791666666666666785e+01 4.861654402741472092e-01
2.833333333333333215e+01 4.577159337520966820e-01
2.875000000000000000e+01 4.274892382577193395e-01
2.916666666666666785e+01 4.027010362856000003e-01
2.958333333333333215e+01 3.896229408312934517e-01
3.000000000000000000e+01 3.256552064961713011e-01
3.041666666666666785e+01 2.664801395127759376e-01
3.083333333333333215e+01 2.353780305774582082e-01
3.125000000000000000e+01 2.132853191723075303e-01
3.166666666666666785e+01 1.800770719883304505e-01
3.208333333333333570e+01 1.511735852193555329e-01
3.250000000000000000e+01 5.511754917036737478e-02
3.291666666666666430e+01 5.164770063161805425e-02
3.333333333333333570e+01 4.820222384942551841e-02
3.375000000000000000e+01 4.476956843165003086e-02
3.416666666666666430e+01 4.135897298287438684e-02
3.458333333333333570e+01 3.795017631896402399e-02
3.500000000000000000e+01 3.454058731806963767e-02
3.541666666666666430e+01 3.113836291686777891e-02
3.583333333333333570e+01 2.772531412726919609e-02
3.625000000000000000e+01 2.431104187231258873e-02
3.666666666666666430e+01 2.088550081436646444e-02
3.708333333333333570e+01 1.745036180238890289e-02
3.750000000000000000e+01 1.400356295373295090e-02
3.791666666666666430e+01 1.055273949341062334e-02
3.833333333333333570e+01 7.101685717659012020e-03
3.875000000000000000e+01 3.621895494772875423e-03
3.916666666666666430e+01 1.245253801167578445e-04
3.958333333333333570e+01 -3.397379416160473120e-03
4.000000000000000000e+01 7.484280606173676631e-05
