0.000000000000000000e+00 2.385416988199119404e-01
4.166666666666666852e-01 2.044669840162458563e-01
8.333333333333333703e-01 1.824653688732629231e-01
1.250000000000000000e+00 2.039517979665056435e-01
1.666666666666666741e+00 2.308508415247969570e-01
2.083333333333333481e+00 2.521001716053252739e-01
2.500000000000000000e+00 2.740926708016371283e-01
2.916666666666666519e+00 2.960511284018293443e-01
3.333333333333333481e+00 3.127469443252651748e-01
3.750000000000000000e+00 3.214507959248343871e-01
4.166666666666666963e+00 3.295073638771676139e-01
4.583333333333333037e+00 3.341374898659378312e-01
5.000000000000000000e+00 3.245720747188693966e-01
5.416666666666666963e+00 3.070354675700793790e-01
5.833333333333333037e+00 2.960776572472296753e-01
6.250000000000000000e+00 3.006217234877567313e-01
6.666666666666666963e+00 3.195289124184643725e-01
7.083333333333333037e+00 3.423874713584578178e-01
7.500000000000000000e+00 3.654218103331511869e-01
7.916666666666666963e+00 3.925855053824185426e-01
8.333333333333333925e+00 4.171217870710799969e-01
8.750000000000000000e+00 4.381611508958332402e-01
9.166666666666666075e+00 4.602861404646110266e-01
9.583333333333333925e+00 4.790882721708674130e-01
1.000000000000000000e+01 4.922543992209695296e-01
1.041666666666666607e+01 5.034173510084263281e-01
1.083333333333333393e+01 5.125750517720421007e-01
1.125000000000000000e+01 5.162788893118449574e-01
1.166666666666666607e+01 5.164167942569841685e-01
1.208333333333333393e+01 5.137867536720516215e-01
1.250000000000000000e+01 5.092096181001136701e-01
1.291666666666666607e+01 5.013399990707133602e-01
1.333333333333333393e+01 4.896305517482349989e-01
1.375000000000000000e+01 4.825362858706869762e-01
1.416666666666666607e+01 4.758393742321590514e-01
1.458333333333333393e+01 4.514070188067860756e-01
1.500000000000000000e+01 4.129773846589593345e-01
1.541666666666666607e+01 3.787113686468032148e-01
1.583333333333333393e+01 3.424160082905197133e-01
1.625000000000000000e+01 2.920589429740449994e-01
1.666666666666666785e+01 2.335242747200914348e-01
1.708333333333333215e+01 1.701903750471232546e-01
1.750000000000000000e+01 9.873229806586364399e-02
1.791666666666666785e+01 3.120395935240422025e-02
1.833333333333333215e+01 -1.917994207357109904e-02
1.875000000000000000e+01 -5.999131875648172629e-02
1.916666666666666785e+01 -8.401974034886244835e-02
1.958333333333333215e+01 -9.247200508882036374e-02
2.000000000000000000e+01 -1.035919270305958872e-01
2.041666666666666785e+01 -1.144836047271510782e-01
2.083333333333333215e+01 -1.074835114467779240e-01
2.125000000000000000e+01 -8.463268477408897317e-02
2.166666666666666785e+01 -5.358423406876328121e-02
2.208333333333333215e+01 -5.561160489262362283e-03
2.250000000000000000e+01 4.612019897031977012e-02
2.291666666666666785e+01 5.135240458823786547e-02
2.333333333333333215e+01 -1.039194995529640897e-02
2.375000000000000000e+01 -1.089058506921128378e-01
2.416666666666666785e+01 -1.124792100227676728e-01
2.458333333333333215e+01 -3.092557956232500072e-02
2.500000000000000000e+01 -1.969536522030628789e-01
2.541666666666666785e+01 -3.150322014598001541e-01
2.583333333333333215e+01 -3.443129025685887634e-01
2.625000000000000000e+01 -2.951796118041882244e-01
2.666666666666666785e+01 -2.015806809322805426e-01
2.708333333333333215e+01 -1.014989903309891361e-01
2.750000000000000000e+01 -1.634694798305291741e-02
2.791666666666666785e+01 2.831813813179329120e-02
2.833333333333333215e+01 -3.065501989390506665e-02
2.875000000000000000e+01 3.808381229399970813e-03
2.916666666666666785e+01 1.972513186922486561e-04
2.958333333333333215e+01 -3.332232963613956933e-03
3.000000000000000000e+01 3.941638463829580386e-01
3.041666666666666785e+01 2.135980022362318764e-01
3.083333333333333215e+01 7.543260488102199179e-02
3.125000000000000000e+01 9.717637360354913767e-03
3.166666666666666785e+01 -3.667123913983105776e-03
3.208333333333333570e+01 1.028882699140626356e-02
3.250000000000000000e+01 3.158004017209886660e-02
3.291666666666666430e+01 3.115446819164657821e-02
3.333333333333333570e+01 -6.898922825228759326e-02
3.375000000000000000e+01 1.749680252287322269e-02
3.416666666666666430e+01 1.348916892688356572e-01
3.458333333333333570e+01 -5.324151639303820183e-02
3.500000000000000000e+01 2.349537977006133094e-02
3.541666666666666430e+01 2.030149274010195626e-02
3.583333333333333570e+01 1.730254619701387941e-02
3.625000000000000000e+01 1.446403874998747341e-02
3.666666666666666430e+01 1.176447637954669556e-02
3.708333333333333570e+01 9.163464224423711890e-03
3.750000000000000000e+01 6.630611108822126454e-03
3.791666666666666430e+01 4.138869398960909329e-03
3.833333333333333570e+01 1.692172353746634883e-03
3.875000000000000000e+01 -6.455051544800305408e-04
3.916666666666666430e+01 -2.868133870500111371e-03
3.958333333333333570e+01 -4.962992808252075783e-03
4.000000000000000000e+01 -1.490770586029643852e-03
