0.000000000000000000e+00 7.791074485274087635e-01
4.166666666666666852e-01 7.838140433803677531e-01
8.333333333333333703e-01 7.884359950598716082e-01
1.250000000000000000e+00 7.984463644447206132e-01
1.666666666666666741e+00 8.109254519020880903e-01
2.083333333333333481e+00 8.228766990631140033e-01
2.500000000000000000e+00 8.336453311048744874e-01
2.916666666666666519e+00 8.438901403408003432e-01
3.333333333333333481e+00 8.537321255945024001e-01
3.750000000000000000e+00 8.632848943428284016e-01
4.166666666666666963e+00 8.722866495462490155e-01
4.583333333333333037e+00 8.802842493564996262e-01
5.000000000000000000e+00 8.875002438700175800e-01
5.416666666666666963e+00 8.947049832751641230e-01
5.833333333333333037e+00 9.011555185315573979e-01
6.250000000000000000e+00 9.052970198108053479e-01
6.666666666666666963e+00 9.102999381082057528e-01
7.083333333333333037e+00 9.264133905175726547e-01
7.500000000000000000e+00 9.432336528835121303e-01
7.916666666666666963e+00 9.438944058426796957e-01
8.333333333333333925e+00 9.434375010377590298e-01
8.750000000000000000e+00 9.473503342137337135e-01
9.166666666666666075e+00 9.508725578861759731e-01
9.583333333333333925e+00 9.532415198351769092e-01
1.000000000000000000e+01 9.544278790903477638e-01
1.041666666666666607e+01 9.543648652293852397e-01
1.083333333333333393e+01 9.530504524306721015e-01
1.125000000000000000e+01 9.506622076513663311e-01
1.166666666666666607e+01 9.473388211945310555e-01
1.208333333333333393e+01 9.432386067647340333e-01
1.250000000000000000e+01 9.384331974478110627e-01
1.291666666666666607e+01 9.329897018404962328e-01
1.333333333333333393e+01 9.268057666614861745e-01
1.375000000000000000e+01 9.191196857756139815e-01
1.416666666666666607e+01 9.082425196543135737e-01
1.458333333333333393e+01 8.903933538893854527e-01
1.500000000000000000e+01 8.652695650732642463e-01
1.541666666666666607e+01 8.687522698683074474e-01
1.583333333333333393e+01 8.725613060936474596e-01
1.625000000000000000e+01 8.621817340127851947e-01
1.666666666666666785e+01 8.480229254533699912e-01
1.708333333333333215e+01 8.322623484525490944e-01
1.750000000000000000e+01 8.156867774435716534e-01
1.791666666666666785e+01 7.980926988071967987e-01
1.833333333333333215e+01 7.791208687929427334e-01
1.875000000000000000e+01 7.586641502060993414e-01
1.916666666666666785e+01 7.373250918280865873e-01
1.958333333333333215e+01 7.162928134851207496e-01
2.000000000000000000e+01 6.964420232443299108e-01
2.041666666666666785e+01 6.779508331762844620e-01
2.083333333333333215e+01 6.606441194181156273e-01
2.125000000000000000e+01 6.432304940296658113e-01
2.166666666666666785e+01 6.161864418925964149e-01
2.208333333333333215e+01 5.934399358319075724e-01
2.250000000000000000e+01 5.638526023616645677e-01
2.291666666666666785e+01 5.161068837923720176e-01
2.333333333333333215e+01 4.756674346062987335e-01
2.375000000000000000e+01 4.358811759317239853e-01
2.416666666666666785e+01 3.969583217034712841e-01
2.458333333333333215e+01 3.589493563878373150e-01
2.500000000000000000e+01 3.912523212078450330e-01
2.541666666666666785e+01 4.164713512147396601e-01
2.583333333333333215e+01 4.062842230411123357e-01
2.625000000000000000e+01 3.795021552693752520e-01
2.666666666666666785e+01 3.436053513870861442e-01
2.708333333333333215e+01 3.161738428012138002e-01
2.750000000000000000e+01 2.958795339376783518e-01
2.791666666666666785e+01 2.651656915111721968e-01
2.833333333333333215e+01 2.174036676737259310e-01
2.875000000000000000e+01 1.776049290738067610e-01
2.916666666666666785e+01 8.507781327142416306e-02
2.958333333333333215e+01 8.151437022119045750e-02
3.000000000000000000e+01 7.794240674166685867e-02
3.041666666666666785e+01 7.436398595430793179e-02
3.083333333333333215e+01 7.077392022603246069e-02
3.125000000000000000e+01 6.720778983564923426e-02
3.166666666666666785e+01 6.366432833789426038e-02
3.208333333333333570e+01 6.012072941459656317e-02
3.250000000000000000e+01 5.658811291313992076e-02
3.291666666666666430e+01 5.307184485972338273e-02
3.333333333333333570e+01 4.955149909617084791e-02
3.375000000000000000e+01 4.603370705296949694e-02
3.416666666666666430e+01 4.250452839817420170e-02
3.458333333333333570e+01 3.898298630593255432e-02
3.500000000000000000e+01 3.546909592583880055e-02
3.541666666666666430e+01 3.195065472555569386e-02
3.583333333333333570e+01 2.844320832321844961e-02
3.625000000000000000e+01 2.493196961023280700e-02
3.666666666666666430e+01 2.142273541460537611e-02
3.708333333333333570e+01 1.790877787140465749e-02
3.750000000000000000e+01 1.438747697639641832e-02
3.791666666666666430e+01 1.084700982177400075e-02
3.833333333333333570e+01 7.282478937104985839e-03
3.875000000000000000e+01 3.725700761333827771e-03
3.916666666666666430e+01 1.657447977992942967e-04
3.958333333333333570e+01 -3.390324292522173266e-03
4.000000000000000000e+01 8.189792970003662020e-05
