0.000000000000000000e+00 6.713375071738290067e-01
4.166666666666666852e-01 6.769053895794722164e-01
8.333333333333333703e-01 6.820638578825755083e-01
1.250000000000000000e+00 6.910508339501668651e-01
1.666666666666666741e+00 7.017845028226834536e-01
2.083333333333333481e+00 7.119753781525310909e-01
2.500000000000000000e+00 7.211101561939171622e-01
2.916666666666666519e+00 7.302324959222891154e-01
3.333333333333333481e+00 7.400272709264175131e-01
3.750000000000000000e+00 7.507580657731404150e-01
4.166666666666666963e+00 7.629054817465062976e-01
4.583333333333333037e+00 7.772125089543169274e-01
5.000000000000000000e+00 7.948408271663861546e-01
5.416666666666666963e+00 8.179280782487822199e-01
5.833333333333333037e+00 8.497885272619073449e-01
6.250000000000000000e+00 8.952540421824985994e-01
6.666666666666666963e+00 9.606545802816642832e-01
7.083333333333333037e+00 1.027175363381310547e+00
7.500000000000000000e+00 1.037013475764165360e+00
7.916666666666666963e+00 1.032018383708249054e+00
8.333333333333333925e+00 1.017701989640578564e+00
8.750000000000000000e+00 1.001585368716552349e+00
9.166666666666666075e+00 9.887894623641309000e-01
9.583333333333333925e+00 9.790600223914625033e-01
1.000000000000000000e+01 9.712414354756782053e-01
1.041666666666666607e+01 9.645915109974947388e-01
1.083333333333333393e+01 9.585514828221295414e-01
1.125000000000000000e+01 9.527796815437036271e-01
1.166666666666666607e+01 9.469697798511582665e-01
1.208333333333333393e+01 9.409368033584877278e-01
1.250000000000000000e+01 9.345511260199474979e-01
1.291666666666666607e+01 9.277314456320677749e-01
1.333333333333333393e+01 9.205221503583348452e-01
1.375000000000000000e+01 9.128831041434245508e-01
1.416666666666666607e+01 9.043828703456058271e-01
1.458333333333333393e+01 8.938000077805066113e-01
1.500000000000000000e+01 8.784852239100900961e-01
1.541666666666666607e+01 8.583835666226410366e-01
1.583333333333333393e+01 8.602689651234722845e-01
1.625000000000000000e+01 8.594517633386051791e-01
1.666666666666666785e+01 8.451261199312388728e-01
1.708333333333333215e+01 8.265788660891707496e-01
1.750000000000000000e+01 8.071533524407794591e-01
1.791666666666666785e+01 7.873676228000007216e-01
1.833333333333333215e+01 7.671213204071551939e-01
1.875000000000000000e+01 7.461461449839897897e-01
1.916666666666666785e+01 7.242135787675191283e-01
1.958333333333333215e+01 7.011293666660461943e-01
2.000000000000000000e+01 6.767359258362400931e-01
2.041666666666666785e+01 6.509739609975156993e-01
2.083333333333333215e+01 6.236943425073129266e-01
2.125000000000000000e+01 5.943616384453948021e-01
2.166666666666666785e+01 5.623859337414081061e-01
2.208333333333333215e+01 5.271770050226134430e-01
2.250000000000000000e+01 4.888903128016784949e-01
2.291666666666666785e+01 4.487810335790293759e-01
2.333333333333333215e+01 4.085887217052093234e-01
2.375000000000000000e+01 3.675122744040049128e-01
2.416666666666666785e+01 3.310352847833366030e-01
2.458333333333333215e+01 3.027760919270648388e-01
2.500000000000000000e+01 5.032304343105886701e-01
2.541666666666666785e+01 4.922738834624514337e-01
2.583333333333333215e+01 4.652694372122652133e-01
2.625000000000000000e+01 4.319212462712700429e-01
2.666666666666666785e+01 3.970341823466280728e-01
2.708333333333333215e+01 3.656030619421656858e-01
2.750000000000000000e+01 3.349306863566665071e-01
2.791666666666666785e+01 2.943288546649309723e-01
2.833333333333333215e+01 2.552983149834514021e-01
2.875000000000000000e+01 2.115320818533983349e-01
2.916666666666666785e+01 1.731049434985594271e-01
2.958333333333333215e+01 1.008616122254853975e-01
3.000000000000000000e+01 9.599559840021498758e-02
3.041666666666666785e+01 9.116758592878182466e-02
3.083333333333333215e+01 8.639212885212288473e-02
3.125000000000000000e+01 8.166872326752216971e-02
3.166666666666666785e+01 7.701101386345154953e-02
3.208333333333333570e+01 7.239749225195724058e-02
3.250000000000000000e+01 6.783768271466694699e-02
3.291666666666666430e+01 6.333766192760592606e-02
3.333333333333333570e+01 5.888121594063033815e-02
3.375000000000000000e+01 5.447508763257979947e-02
3.416666666666666430e+01 5.010536804313703296e-02
3.458333333333333570e+01 4.578640058124117118e-02
3.500000000000000000e+01 4.151558753791673162e-02
3.541666666666666430e+01 3.728027081421247946e-02
3.583333333333333570e+01 3.309356115354211703e-02
3.625000000000000000e+01 2.894193608217299207e-02
3.666666666666666430e+01 2.483126763616483323e-02
3.708333333333333570e+01 2.075636751752374387e-02
3.750000000000000000e+01 1.671610056672012679e-02
3.791666666666666430e+01 1.270010411366429004e-02
3.833333333333333570e+01 8.701360362079135768e-03
3.875000000000000000e+01 4.744061899114804248e-03
3.916666666666666430e+01 8.147514022474044992e-04
3.958333333333333570e+01 -3.081289350116755976e-03
4.000000000000000000e+01 3.909328721054539102e-04
