0.000000000000000000e+00 2.985955248601763756e-01
4.166666666666666852e-01 2.840324946241186144e-01
8.333333333333333703e-01 2.683874028093549136e-01
1.250000000000000000e+00 2.787696389140061903e-01
1.666666666666666741e+00 3.029188664785245066e-01
2.083333333333333481e+00 3.263629206030177476e-01
2.500000000000000000e+00 3.432858254452257896e-01
2.916666666666666519e+00 3.573127872569326069e-01
3.333333333333333481e+00 3.696363275147523941e-01
3.750000000000000000e+00 3.789532136031370513e-01
4.166666666666666963e+00 3.849863106510625910e-01
4.583333333333333037e+00 3.855188573654348971e-01
5.000000000000000000e+00 3.790801077999041979e-01
5.416666666666666963e+00 3.709028403502211413e-01
5.833333333333333037e+00 3.754316238657749993e-01
6.250000000000000000e+00 4.162841279502356162e-01
6.666666666666666963e+00 4.343465516504759760e-01
7.083333333333333037e+00 4.106431336460838466e-01
7.500000000000000000e+00 3.858214210211402539e-01
7.916666666666666963e+00 4.054845483390273619e-01
8.333333333333333925e+00 4.304331717521348022e-01
8.750000000000000000e+00 4.550165661442888698e-01
9.166666666666666075e+00 4.710179965792683499e-01
9.583333333333333925e+00 4.834632445231470399e-01
1.000000000000000000e+01 4.938548713066189810e-01
1.041666666666666607e+01 5.025536614183265804e-01
1.083333333333333393e+01 5.085795802126416021e-01
1.125000000000000000e+01 5.117242987574988078e-01
1.166666666666666607e+01 5.123981679093535524e-01
1.208333333333333393e+01 5.113174289149226004e-01
1.250000000000000000e+01 5.095383603401077988e-01
1.291666666666666607e+01 5.081351638450622987e-01
1.333333333333333393e+01 5.091888772129185003e-01
1.375000000000000000e+01 5.146841522258575052e-01
1.416666666666666607e+01 5.216111722390452954e-01
1.458333333333333393e+01 5.130020060163192896e-01
1.500000000000000000e+01 5.070447219969084207e-01
1.541666666666666607e+01 4.996001085654837581e-01
1.583333333333333393e+01 4.773792731853337967e-01
1.625000000000000000e+01 4.469211678370478280e-01
1.666666666666666785e+01 3.666963376062011282e-01
1.708333333333333215e+01 4.631257987893276917e-01
1.750000000000000000e+01 5.314159479024188615e-01
1.791666666666666785e+01 5.112455366280759250e-01
1.833333333333333215e+01 4.767100383597175917e-01
1.875000000000000000e+01 4.478278063209889526e-01
1.916666666666666785e+01 4.255051691173790118e-01
1.958333333333333215e+01 4.067347492392598962e-01
2.000000000000000000e+01 3.889418842422267542e-01
2.041666666666666785e+01 3.709789008276601630e-01
2.083333333333333215e+01 3.523963242260285122e-01
2.125000000000000000e+01 3.325257985808818262e-01
2.166666666666666785e+01 3.103978466487806731e-01
2.208333333333333215e+01 2.851831759844528635e-01
2.250000000000000000e+01 2.571222294955883836e-01
2.291666666666666785e+01 2.291571673545970689e-01
2.333333333333333215e+01 2.074794607472402186e-01
2.375000000000000000e+01 1.952585462844189101e-01
2.416666666666666785e+01 1.841374688198550436e-01
2.458333333333333215e+01 1.427061771008144575e-01
2.500000000000000000e+01 6.931652714045688501e-02
2.541666666666666785e+01 2.195088731722010800e-01
2.583333333333333215e+01 3.316025920556849305e-01
2.625000000000000000e+01 3.278255631334417997e-01
2.666666666666666785e+01 3.024466517342354055e-01
2.708333333333333215e+01 2.743631255195175811e-01
2.750000000000000000e+01 2.476086468122809525e-01
2.791666666666666785e+01 2.321755427346338108e-01
2.833333333333333215e+01 2.142292428620723999e-01
2.875000000000000000e+01 1.720329813441729971e-01
2.916666666666666785e+01 1.256501252045453265e-01
2.958333333333333215e+01 3.532929171845899941e-02
3.000000000000000000e+01 3.395178123330111486e-02
3.041666666666666785e+01 3.254723811831039537e-02
3.083333333333333215e+01 3.110841646856310483e-02
3.125000000000000000e+01 2.966950020747827210e-02
3.166666666666666785e+01 2.822705880852727223e-02
3.208333333333333570e+01 2.675564364985283383e-02
3.250000000000000000e+01 2.526452999219896967e-02
3.291666666666666430e+01 2.375766276806812183e-02
3.333333333333333570e+01 2.221338287223761920e-02
3.375000000000000000e+01 2.063810469489046895e-02
3.416666666666666430e+01 1.901818933734988892e-02
3.458333333333333570e+01 1.737391621990547197e-02
3.500000000000000000e+01 1.570637933109131357e-02
3.541666666666666430e+01 1.400405609707411347e-02
3.583333333333333570e+01 1.228318019751417634e-02
3.625000000000000000e+01 1.052884604073389685e-02
3.666666666666666430e+01 8.746583233712135197e-03
3.708333333333333570e+01 6.928972015588730216e-03
3.750000000000000000e+01 5.072584714919670112e-03
3.791666666666666430e+01 3.164799253693506564e-03
3.833333333333333570e+01 1.200497091217056500e-03
3.875000000000000000e+01 -7.878879351896905803e-04
3.916666666666666430e+01 -2.811294530155716842e-03
3.958333333333333570e+01 -4.862762779070273211e-03
4.000000000000000000e+01 -1.390540556848063325e-03
