0.000000000000000000e+00 -3.604682765088229601e-02
4.166666666666666852e-01 -8.063007251728926406e-03
8.333333333333333703e-01 1.838660378952816643e-02
1.250000000000000000e+00 4.106324089950774692e-02
1.666666666666666741e+00 5.681598718781089019e-02
2.083333333333333481e+00 6.079757120315854024e-02
2.500000000000000000e+00 7.501586124921466592e-02
2.916666666666666519e+00 8.808192161963290800e-02
3.333333333333333481e+00 1.076944134626316441e-01
3.750000000000000000e+00 1.323132067303447457e-01
4.166666666666666963e+00 1.589347319972027606e-01
4.583333333333333037e+00 1.841629518466874060e-01
5.000000000000000000e+00 2.072895640543990226e-01
5.416666666666666963e+00 2.299072751371902257e-01
5.833333333333333037e+00 2.497385691432931765e-01
6.250000000000000000e+00 2.684570963481327510e-01
6.666666666666666963e+00 2.982031920299732519e-01
7.083333333333333037e+00 3.709961515412629751e-01
7.500000000000000000e+00 4.509677723533194182e-01
7.916666666666666963e+00 4.633511283454048169e-01
8.333333333333333925e+00 4.663931708426183320e-01
8.750000000000000000e+00 4.916012409450551957e-01
9.166666666666666075e+00 5.209124199492336516e-01
9.583333333333333925e+00 5.490757713309122323e-01
1.000000000000000000e+01 5.744393704113122112e-01
1.041666666666666607e+01 5.971838973979615162e-01
1.083333333333333393e+01 6.174174252558977116e-01
1.125000000000000000e+01 6.357854318027342799e-01
1.166666666666666607e+01 6.532027532351207810e-01
1.208333333333333393e+01 6.695115084011504791e-01
1.250000000000000000e+01 6.828565685421033038e-01
1.291666666666666607e+01 6.922812594093876726e-01
1.333333333333333393e+01 6.980091589900894178e-01
1.375000000000000000e+01 7.047720461893547395e-01
1.416666666666666607e+01 7.314040387018003742e-01
1.458333333333333393e+01 8.314825659724363049e-01
1.500000000000000000e+01 9.349087451760560441e-01
1.541666666666666607e+01 9.241548581089169545e-01
1.583333333333333393e+01 9.048373307944288513e-01
1.625000000000000000e+01 9.212570072192836079e-01
1.666666666666666785e+01 9.447909545559038946e-01
1.708333333333333215e+01 9.720592758767843122e-01
1.750000000000000000e+01 1.004622455388077817e+00
1.791666666666666785e+01 1.046699375928173303e+00
1.833333333333333215e+01 1.101167350569052239e+00
1.875000000000000000e+01 1.159019889621188515e+00
1.916666666666666785e+01 1.191226098906283948e+00
1.958333333333333215e+01 1.174253980925149765e+00
2.000000000000000000e+01 1.121258681725925799e+00
2.041666666666666785e+01 1.065717332311716614e+00
2.083333333333333215e+01 1.025040167343206576e+00
2.125000000000000000e+01 9.978525528599155869e-01
2.166666666666666785e+01 9.796349708194918016e-01
2.208333333333333215e+01 9.673474502306071976e-01
2.250000000000000000e+01 9.591491799077895841e-01
2.291666666666666785e+01 9.540790820446893861e-01
2.333333333333333215e+01 9.500063084951628767e-01
2.375000000000000000e+01 9.390262134957433338e-01
2.416666666666666785e+01 8.988203409166639624e-01
2.458333333333333215e+01 8.225848101205421870e-01
2.500000000000000000e+01 9.222857948589613386e-01
2.541666666666666785e+01 1.010075887079636914e+00
2.583333333333333215e+01 1.002363741986769696e+00
2.625000000000000000e+01 9.684611748694358369e-01
2.666666666666666785e+01 9.315039858817897311e-01
2.708333333333333215e+01 8.977366500535097771e-01
2.750000000000000000e+01 8.675392420555638751e-01
2.791666666666666785e+01 8.397983223924860852e-01
2.833333333333333215e+01 8.132457299691537855e-01
2.875000000000000000e+01 7.873294629393114974e-01
2.916666666666666785e+01 7.615497553148919962e-01
2.958333333333333215e+01 7.358483135962146093e-01
3.000000000000000000e+01 7.107021316775501418e-01
3.041666666666666785e+01 6.861146773976862789e-01
3.083333333333333215e+01 6.619647251585902836e-01
3.125000000000000000e+01 6.371032513171748235e-01
3.166666666666666785e+01 6.058716182695214059e-01
3.208333333333333570e+01 5.523668659616198795e-01
3.250000000000000000e+01 4.775697137850407614e-01
3.291666666666666430e+01 5.419541961999279067e-01
3.333333333333333570e+01 5.918833299615755550e-01
3.375000000000000000e+01 5.669694967991141255e-01
3.416666666666666430e+01 5.262545661885376092e-01
3.458333333333333570e+01 4.870495063943778291e-01
3.500000000000000000e+01 4.516967843218324674e-01
3.541666666666666430e+01 4.205491029261523295e-01
3.583333333333333570e+01 3.934111833868598751e-01
3.625000000000000000e+01 3.669248134425586727e-01
3.666666666666666430e+01 3.355132320284788250e-01
3.708333333333333570e+01 2.923366884612157435e-01
3.750000000000000000e+01 2.376758206026643450e-01
3.791666666666666430e+01 2.588963110885309504e-01
3.833333333333333570e+01 2.829971435328459961e-01
3.875000000000000000e+01 2.594649031698601505e-01
3.916666666666666430e+01 1.900978612044883498e-01
3.958333333333333570e+01 6.606409280874236956e-02
4.000000000000000000e+01 6.606409280874236956e-02
