0.000000000000000000e+00 9.105652823742005353e-01
4.166666666666666852e-01 9.065729983484003274e-01
8.333333333333333703e-01 9.008894580227753135e-01
1.250000000000000000e+00 9.064867484372942652e-01
1.666666666666666741e+00 9.175375162972490006e-01
2.083333333333333481e+00 9.300130050556874028e-01
2.500000000000000000e+00 9.413770541543495796e-01
2.916666666666666519e+00 9.515067462527935227e-01
3.333333333333333481e+00 9.610754659221860674e-01
3.750000000000000000e+00 9.707230764780334642e-01
4.166666666666666963e+00 9.810282720566896320e-01
4.583333333333333037e+00 9.925907925445462965e-01
5.000000000000000000e+00 1.006142585308863469e+00
5.416666666666666963e+00 1.022584307582190988e+00
5.833333333333333037e+00 1.042986460843355445e+00
6.250000000000000000e+00 1.068890053215239888e+00
6.666666666666666963e+00 1.103820044253430055e+00
7.083333333333333037e+00 1.154500772172506018e+00
7.500000000000000000e+00 1.207668861516012271e+00
7.916666666666666963e+00 1.215059741989041653e+00
8.333333333333333925e+00 1.210151886600155491e+00
8.750000000000000000e+00 1.198646792965790908e+00
9.166666666666666075e+00 1.187128197129114326e+00
9.583333333333333925e+00 1.178125515082795394e+00
1.000000000000000000e+01 1.170672991744900582e+00
1.041666666666666607e+01 1.164310289368834184e+00
1.083333333333333393e+01 1.159006283298771089e+00
1.125000000000000000e+01 1.154449234880241537e+00
1.166666666666666607e+01 1.149920955597052430e+00
1.208333333333333393e+01 1.144721617139879299e+00
1.250000000000000000e+01 1.138284012231975728e+00
1.291666666666666607e+01 1.130252331754242556e+00
1.333333333333333393e+01 1.120630200015771516e+00
1.375000000000000000e+01 1.109908301095138938e+00
1.416666666666666607e+01 1.099068897289612767e+00
1.458333333333333393e+01 1.088446412838371069e+00
1.500000000000000000e+01 1.073703536024098737e+00
1.541666666666666607e+01 1.051687925148077962e+00
1.583333333333333393e+01 1.065786954133086217e+00
1.625000000000000000e+01 1.080559358177275664e+00
1.666666666666666785e+01 1.078150683614413019e+00
1.708333333333333215e+01 1.069310640431865522e+00
1.750000000000000000e+01 1.057011996724692038e+00
1.791666666666666785e+01 1.041082919513617311e+00
1.833333333333333215e+01 1.021216895917181011e+00
1.875000000000000000e+01 9.986210655274199155e-01
1.916666666666666785e+01 9.752819530086516142e-01
1.958333333333333215e+01 9.513338157280029073e-01
2.000000000000000000e+01 9.260361930419988008e-01
2.041666666666666785e+01 8.984423533661242134e-01
2.083333333333333215e+01 8.692781423400721685e-01
2.125000000000000000e+01 8.402583551357462044e-01
2.166666666666666785e+01 8.138435688239011867e-01
2.208333333333333215e+01 7.910402556193520951e-01
2.250000000000000000e+01 7.710736901919048591e-01
2.291666666666666785e+01 7.515092682632830146e-01
2.333333333333333215e+01 7.298815293277696181e-01
2.375000000000000000e+01 7.040581708493965918e-01
2.416666666666666785e+01 6.697809813556938607e-01
2.458333333333333215e+01 6.277785891380133210e-01
2.500000000000000000e+01 6.361811646008673771e-01
2.541666666666666785e+01 6.346216668772302061e-01
2.583333333333333215e+01 6.042187948064807745e-01
2.625000000000000000e+01 5.662819580120133089e-01
2.666666666666666785e+01 5.290158773895645705e-01
2.708333333333333215e+01 4.943567202073113620e-01
2.750000000000000000e+01 4.626561541900116037e-01
2.791666666666666785e+01 4.353238102237491081e-01
2.833333333333333215e+01 4.142577076667420255e-01
2.875000000000000000e+01 3.939451802758678900e-01
2.916666666666666785e+01 3.517919202502399201e-01
2.958333333333333215e+01 3.054296660118889228e-01
3.000000000000000000e+01 1.930266645362224143e-01
3.041666666666666785e+01 3.806324755137540095e-01
3.083333333333333215e+01 3.445536575081339370e-01
3.125000000000000000e+01 3.023088619379479258e-01
3.166666666666666785e+01 2.554641650653650675e-01
3.208333333333333570e+01 2.018963727973410727e-01
3.250000000000000000e+01 1.599737840132003930e-01
3.291666666666666430e+01 7.776428385750189243e-02
3.333333333333333570e+01 7.260565150105602328e-02
3.375000000000000000e+01 6.746208299283518173e-02
3.416666666666666430e+01 6.235054580560317472e-02
3.458333333333333570e+01 5.725228207867250063e-02
3.500000000000000000e+01 5.216732916104160900e-02
3.541666666666666430e+01 4.710813321317564029e-02
3.583333333333333570e+01 4.205851347300060272e-02
3.625000000000000000e+01 3.703385568762329605e-02
3.666666666666666430e+01 3.202864870563193467e-02
3.708333333333333570e+01 2.705043363506498544e-02
3.750000000000000000e+01 2.210254952654655547e-02
3.791666666666666430e+01 1.719728450131874364e-02
3.833333333333333570e+01 1.233846032725505193e-02
3.875000000000000000e+01 7.491156571867052527e-03
3.916666666666666430e+01 2.665030476609708820e-03
3.958333333333333570e+01 -2.147640119999127961e-03
4.000000000000000000e+01 1.324582102223081925e-03
