0.000000000000000000e+00 -6.410944054280981463e-01
4.166666666666666852e-01 -6.180172474569128882e-01
8.333333333333333703e-01 -5.866177747182698132e-01
1.250000000000000000e+00 -5.491908662599614965e-01
1.666666666666666741e+00 -5.147730897700336650e-01
2.083333333333333481e+00 -4.836270229477622751e-01
2.500000000000000000e+00 -4.548364707545781704e-01
2.916666666666666519e+00 -4.291168703105034399e-01
3.333333333333333481e+00 -4.064949787132421943e-01
3.750000000000000000e+00 -3.800702668850215460e-01
4.166666666666666963e+00 -3.223144021544665505e-01
4.583333333333333037e+00 -2.192539291109185662e-01
5.000000000000000000e+00 -1.319136701199224715e-01
5.416666666666666963e+00 -2.216979011920716669e-01
5.833333333333333037e+00 -2.390750263593607039e-01
6.250000000000000000e+00 -2.315636255828164014e-01
6.666666666666666963e+00 -2.211087072177975732e-01
7.083333333333333037e+00 -2.122340975111936257e-01
7.500000000000000000e+00 -2.049107980347207592e-01
7.916666666666666963e+00 -1.985498043051023287e-01
8.333333333333333925e+00 -1.927877450597159648e-01
8.750000000000000000e+00 -1.875349923025242393e-01
9.166666666666666075e+00 -1.828006953233257958e-01
9.583333333333333925e+00 -1.785868437954380994e-01
1.000000000000000000e+01 -1.748784131948080134e-01
1.041666666666666607e+01 -1.716486508705795666e-01
1.083333333333333393e+01 -1.688622133213480980e-01
1.125000000000000000e+01 -1.664726206934998842e-01
1.166666666666666607e+01 -1.644230875353242805e-01
1.208333333333333393e+01 -1.626651009877503884e-01
1.250000000000000000e+01 -1.611718410417914693e-01
1.291666666666666607e+01 -1.599025080940032206e-01
1.333333333333333393e+01 -1.587493863929547722e-01
1.375000000000000000e+01 -1.573541610929647117e-01
1.416666666666666607e+01 -1.558427380162560882e-01
1.458333333333333393e+01 -1.544162500378560288e-01
1.500000000000000000e+01 -1.526586063778885005e-01
1.541666666666666607e+01 -1.483520164118305174e-01
1.583333333333333393e+01 -1.480576280938958600e-01
1.625000000000000000e+01 -1.491140997081457920e-01
1.666666666666666785e+01 -1.505017470313306238e-01
1.708333333333333215e+01 -1.522180099375091133e-01
1.750000000000000000e+01 -1.541773069847649780e-01
1.791666666666666785e+01 -1.563159047726193907e-01
1.833333333333333215e+01 -1.586050401572540181e-01
1.875000000000000000e+01 -1.610330300413198579e-01
1.916666666666666785e+01 -1.635908021740910823e-01
1.958333333333333215e+01 -1.662673137138253876e-01
2.000000000000000000e+01 -1.690502537574195274e-01
2.041666666666666785e+01 -1.719265172235505679e-01
2.083333333333333215e+01 -1.748811753393527124e-01
2.125000000000000000e+01 -1.778986905415566311e-01
2.166666666666666785e+01 -1.809739062208949589e-01
2.208333333333333215e+01 -1.841427822207519771e-01
2.250000000000000000e+01 -1.875367104861662970e-01
2.291666666666666785e+01 -1.914181625689372890e-01
2.333333333333333215e+01 -1.959352005978945710e-01
2.375000000000000000e+01 -1.998084340707958484e-01
2.416666666666666785e+01 -1.964204026856590513e-01
2.458333333333333215e+01 -1.668717236607688004e-01
2.500000000000000000e+01 -1.671543984457367071e-01
2.541666666666666785e+01 -1.755484950190853988e-01
2.583333333333333215e+01 -1.839867722372479086e-01
2.625000000000000000e+01 -1.877115253285137897e-01
2.666666666666666785e+01 -1.900125987856312870e-01
2.708333333333333215e+01 -1.915256722230813391e-01
2.750000000000000000e+01 -1.926276845016947348e-01
2.791666666666666785e+01 -1.934862933153104203e-01
2.833333333333333215e+01 -1.941833417221006386e-01
2.875000000000000000e+01 -1.946881654380753224e-01
2.916666666666666785e+01 -1.947682033021913839e-01
2.958333333333333215e+01 -1.941850766346147061e-01
3.000000000000000000e+01 -1.930059929076948233e-01
3.041666666666666785e+01 -1.914990234961315707e-01
3.083333333333333215e+01 -1.897964381801503786e-01
3.125000000000000000e+01 -1.878861492651091869e-01
3.166666666666666785e+01 -1.858305348506411325e-01
3.208333333333333570e+01 -1.839281011812252953e-01
3.250000000000000000e+01 -1.828932748510331829e-01
3.291666666666666430e+01 -1.838663456727706313e-01
3.333333333333333570e+01 -1.872249831724787372e-01
3.375000000000000000e+01 -1.877177558720443118e-01
3.416666666666666430e+01 -1.637105457700057665e-01
3.458333333333333570e+01 -5.179455073491150141e-02
3.500000000000000000e+01 -1.098898225231686836e-02
3.541666666666666430e+01 -6.316932384192703621e-03
3.583333333333333570e+01 -1.442886781559106144e-02
3.625000000000000000e+01 -5.425959747054449715e-03
3.666666666666666430e+01 5.295074157675514447e-03
3.708333333333333570e+01 1.524435695051042788e-02
3.750000000000000000e+01 2.412896195681532574e-02
3.791666666666666430e+01 3.164006515192727131e-02
3.833333333333333570e+01 3.640087902156970839e-02
3.875000000000000000e+01 3.971410434729602534e-02
3.916666666666666430e+01 4.540992904859959128e-02
3.958333333333333570e+01 1.140019626340260800e-01
4.000000000000000000e+01 1.105297404118038146e-01
