0.000000000000000000e+00 -5.907841718220805394e-01
4.166666666666666852e-01 -5.701815315733421707e-01
8.333333333333333703e-01 -5.421661223983016420e-01
1.250000000000000000e+00 -5.095136686580122864e-01
1.666666666666666741e+00 -4.799394705342125977e-01
2.083333333333333481e+00 -4.534870111891060596e-01
2.500000000000000000e+00 -4.293842159057922325e-01
2.916666666666666519e+00 -4.081794539167958868e-01
3.333333333333333481e+00 -3.897165595681601480e-01
3.750000000000000000e+00 -3.677508049425711745e-01
4.166666666666666963e+00 -3.177344508708305759e-01
4.583333333333333037e+00 -2.152937158836698839e-01
5.000000000000000000e+00 -1.403274152848195400e-01
5.416666666666666963e+00 -2.078589293230304058e-01
5.833333333333333037e+00 -2.262159922802451650e-01
6.250000000000000000e+00 -2.216912492095972353e-01
6.666666666666666963e+00 -2.135150996956486913e-01
7.083333333333333037e+00 -2.060958336601659557e-01
7.500000000000000000e+00 -1.998378241529789046e-01
7.916666666666666963e+00 -1.945422689396422156e-01
8.333333333333333925e+00 -1.899058821082389159e-01
8.750000000000000000e+00 -1.857150710657613224e-01
9.166666666666666075e+00 -1.819333990191997485e-01
9.583333333333333925e+00 -1.785826273882411275e-01
1.000000000000000000e+01 -1.756644097546967709e-01
1.041666666666666607e+01 -1.731608898382382133e-01
1.083333333333333393e+01 -1.710440259390032802e-01
1.125000000000000000e+01 -1.692820580878052761e-01
1.166666666666666607e+01 -1.678433103092019929e-01
1.208333333333333393e+01 -1.666981667247814103e-01
1.250000000000000000e+01 -1.658127964603773319e-01
1.291666666666666607e+01 -1.651240064628475834e-01
1.333333333333333393e+01 -1.645251031184357948e-01
1.375000000000000000e+01 -1.636924996092511408e-01
1.416666666666666607e+01 -1.627294960448009697e-01
1.458333333333333393e+01 -1.617306736737433859e-01
1.500000000000000000e+01 -1.603336524691789944e-01
1.541666666666666607e+01 -1.568451585867086384e-01
1.583333333333333393e+01 -1.573755126587630393e-01
1.625000000000000000e+01 -1.588720368624356172e-01
1.666666666666666785e+01 -1.604302364321444352e-01
1.708333333333333215e+01 -1.621837375678947535e-01
1.750000000000000000e+01 -1.641098374089917933e-01
1.791666666666666785e+01 -1.661714166917732938e-01
1.833333333333333215e+01 -1.683452192057070806e-01
1.875000000000000000e+01 -1.706187619258190402e-01
1.916666666666666785e+01 -1.729824398940758290e-01
1.958333333333333215e+01 -1.754253976663219805e-01
2.000000000000000000e+01 -1.779342603607482198e-01
2.041666666666666785e+01 -1.804940543537758568e-01
2.083333333333333215e+01 -1.830934848255722502e-01
2.125000000000000000e+01 -1.857395984285029333e-01
2.166666666666666785e+01 -1.884857692322583766e-01
2.208333333333333215e+01 -1.914628577877423299e-01
2.250000000000000000e+01 -1.948372101853201588e-01
2.291666666666666785e+01 -1.987354606112229916e-01
2.333333333333333215e+01 -2.031669792485733816e-01
2.375000000000000000e+01 -2.069039091935440666e-01
2.416666666666666785e+01 -2.028328939459658198e-01
2.458333333333333215e+01 -1.693790365042798229e-01
2.500000000000000000e+01 -1.662374880179008085e-01
2.541666666666666785e+01 -1.714024983574350125e-01
2.583333333333333215e+01 -1.789612665776734168e-01
2.625000000000000000e+01 -1.808336868342115267e-01
2.666666666666666785e+01 -1.809476856760199870e-01
2.708333333333333215e+01 -1.803263741865773484e-01
2.750000000000000000e+01 -1.795179122804196892e-01
2.791666666666666785e+01 -1.786594667144679183e-01
2.833333333333333215e+01 -1.777101545329776711e-01
2.875000000000000000e+01 -1.765820468216439953e-01
2.916666666666666785e+01 -1.752009728930313259e-01
2.958333333333333215e+01 -1.735223083759130369e-01
3.000000000000000000e+01 -1.715172438715324432e-01
3.041666666666666785e+01 -1.691616527356394895e-01
3.083333333333333215e+01 -1.664455207374093693e-01
3.125000000000000000e+01 -1.634031524108674194e-01
3.166666666666666785e+01 -1.601679471249305153e-01
3.208333333333333570e+01 -1.570209687073818305e-01
3.250000000000000000e+01 -1.545032057149868798e-01
3.291666666666666430e+01 -1.537668670290696926e-01
3.333333333333333570e+01 -1.562331201910650280e-01
3.375000000000000000e+01 -1.595689115987550255e-01
3.416666666666666430e+01 -1.449157668659365739e-01
3.458333333333333570e+01 -4.454138679879518503e-02
3.500000000000000000e+01 -1.100973729570221653e-02
3.541666666666666430e+01 -5.578978360322032690e-03
3.583333333333333570e+01 -1.427086247288975561e-02
3.625000000000000000e+01 -5.155123125027701904e-03
3.666666666666666430e+01 5.724771146294842586e-03
3.708333333333333570e+01 1.575428490882421068e-02
3.750000000000000000e+01 2.466874851720646245e-02
3.791666666666666430e+01 3.219701611300288674e-02
3.833333333333333570e+01 3.661580158870399171e-02
3.875000000000000000e+01 3.942665722114051946e-02
3.916666666666666430e+01 4.521415566247350554e-02
3.958333333333333570e+01 1.146412075331478958e-01
4.000000000000000000e+01 1.111689853109256304e-01
