0.000000000000000000e+00 5.280827590459262755e-01
4.166666666666666852e-01 5.017958918060122508e-01
8.333333333333333703e-01 4.763709418429189490e-01
1.250000000000000000e+00 4.869745068365822771e-01
1.666666666666666741e+00 5.136394391546282856e-01
2.083333333333333481e+00 5.362576894800881178e-01
2.500000000000000000e+00 5.515088910635415065e-01
2.916666666666666519e+00 5.648071904688654055e-01
3.333333333333333481e+00 5.751120048704492227e-01
3.750000000000000000e+00 5.798084568783378190e-01
4.166666666666666963e+00 5.753675386370621370e-01
4.583333333333333037e+00 5.589193819366101712e-01
5.000000000000000000e+00 5.319085781264126789e-01
5.416666666666666963e+00 4.974936178570097400e-01
5.833333333333333037e+00 4.502423778267864440e-01
6.250000000000000000e+00 3.949906205356287225e-01
6.666666666666666963e+00 3.127067962327692019e-01
7.083333333333333037e+00 3.156038769740279193e-01
7.500000000000000000e+00 3.401106148303766341e-01
7.916666666666666963e+00 3.733169972905279188e-01
8.333333333333333925e+00 4.056203460460988675e-01
8.750000000000000000e+00 4.304834543262405222e-01
9.166666666666666075e+00 4.498111965116477484e-01
9.583333333333333925e+00 4.640542060702996796e-01
1.000000000000000000e+01 4.742802715334206720e-01
1.041666666666666607e+01 4.820821270040642759e-01
1.083333333333333393e+01 4.883973554617273560e-01
1.125000000000000000e+01 4.940109866414382211e-01
1.166666666666666607e+01 4.988682297894724282e-01
1.208333333333333393e+01 5.023513043019294244e-01
1.250000000000000000e+01 5.040899347283317455e-01
1.291666666666666607e+01 5.034578588500997487e-01
1.333333333333333393e+01 5.007793529604903648e-01
1.375000000000000000e+01 4.968543669079555913e-01
1.416666666666666607e+01 4.925197967340672056e-01
1.458333333333333393e+01 4.876691698665625019e-01
1.500000000000000000e+01 4.733381494400236145e-01
1.541666666666666607e+01 4.232023651465011138e-01
1.583333333333333393e+01 3.347818789044775811e-01
1.625000000000000000e+01 4.869671515392985373e-01
1.666666666666666785e+01 6.234270006338865633e-01
1.708333333333333215e+01 6.410617909099605161e-01
1.750000000000000000e+01 6.263081265253016561e-01
1.791666666666666785e+01 6.035822941103528017e-01
1.833333333333333215e+01 5.782273824939651030e-01
1.875000000000000000e+01 5.537720087506455835e-01
1.916666666666666785e+01 5.303481976965075395e-01
1.958333333333333215e+01 5.066851126809824857e-01
2.000000000000000000e+01 4.821024318346572857e-01
2.041666666666666785e+01 4.562895548615986119e-01
2.083333333333333215e+01 4.315012559230723133e-01
2.125000000000000000e+01 4.105271949285296818e-01
2.166666666666666785e+01 3.915922597936221661e-01
2.208333333333333215e+01 3.715540717787007008e-01
2.250000000000000000e+01 3.535856015535207009e-01
2.291666666666666785e+01 3.413104056300620970e-01
2.333333333333333215e+01 3.278988085568612099e-01
2.375000000000000000e+01 2.934490598891600355e-01
2.416666666666666785e+01 2.347546381465021592e-01
2.458333333333333215e+01 1.715070977169041444e-01
2.500000000000000000e+01 4.263744063502135639e-01
2.541666666666666785e+01 3.732473588596558201e-01
2.583333333333333215e+01 3.209446046825371046e-01
2.625000000000000000e+01 2.843820275719143864e-01
2.666666666666666785e+01 2.636814205472410300e-01
2.708333333333333215e+01 2.539927950155957959e-01
2.750000000000000000e+01 2.465856369808321347e-01
2.791666666666666785e+01 2.406404140231584998e-01
2.833333333333333215e+01 2.329057114292908404e-01
2.875000000000000000e+01 2.319344792844339476e-01
2.916666666666666785e+01 2.059152688675753851e-01
2.958333333333333215e+01 1.502861391575323058e-01
3.000000000000000000e+01 4.628696942717080987e-02
3.041666666666666785e+01 4.411890488989989034e-02
3.083333333333333215e+01 4.197954419341176635e-02
3.125000000000000000e+01 3.982703121267849866e-02
3.166666666666666785e+01 3.766837242364595717e-02
3.208333333333333570e+01 3.551325991461706799e-02
3.250000000000000000e+01 3.334733364273556599e-02
3.291666666666666430e+01 3.116788120934443906e-02
3.333333333333333570e+01 2.899964998677062589e-02
3.375000000000000000e+01 2.683646011635154593e-02
3.416666666666666430e+01 2.469040743598915899e-02
3.458333333333333570e+01 2.253295255114695639e-02
3.500000000000000000e+01 2.035623121035945449e-02
3.541666666666666430e+01 1.816787721402435274e-02
3.583333333333333570e+01 1.594715612498665003e-02
3.625000000000000000e+01 1.371009545505585958e-02
3.666666666666666430e+01 1.145244785738186444e-02
3.708333333333333570e+01 9.184943255290844988e-03
3.750000000000000000e+01 6.913668221572133454e-03
3.791666666666666430e+01 4.652148375705156269e-03
3.833333333333333570e+01 2.400436554735763117e-03
3.875000000000000000e+01 1.141220388192198953e-04
3.916666666666666430e+01 -2.201600490262300980e-03
3.958333333333333570e+01 -4.556247983095618181e-03
4.000000000000000000e+01 -1.084025760873408295e-03
