0.000000000000000000e+00 1.259527288434835635e+00
4.166666666666666852e-01 1.329712628162004862e+00
8.333333333333333703e-01 1.396910537041050393e+00
1.250000000000000000e+00 1.410425881733057274e+00
1.666666666666666741e+00 1.404787326688108795e+00
2.083333333333333481e+00 1.405811886892812224e+00
2.500000000000000000e+00 1.414150354304231527e+00
2.916666666666666519e+00 1.422341718101097108e+00
3.333333333333333481e+00 1.433801652485977352e+00
3.750000000000000000e+00 1.447926782771525422e+00
4.166666666666666963e+00 1.455287907107176704e+00
4.583333333333333037e+00 1.458256150963408881e+00
5.000000000000000000e+00 1.469772369691948910e+00
5.416666666666666963e+00 1.486029124467173279e+00
5.833333333333333037e+00 1.494527036421699151e+00
6.250000000000000000e+00 1.493970179284036970e+00
6.666666666666666963e+00 1.488062380793131689e+00
7.083333333333333037e+00 1.479351668267889552e+00
7.500000000000000000e+00 1.469460279455308216e+00
7.916666666666666963e+00 1.459840596950620295e+00
8.333333333333333925e+00 1.450496491503128649e+00
8.750000000000000000e+00 1.441961488024604776e+00
9.166666666666666075e+00 1.435050082524866433e+00
9.583333333333333925e+00 1.429371547052028735e+00
1.000000000000000000e+01 1.424039097076194249e+00
1.041666666666666607e+01 1.417979324997917789e+00
1.083333333333333393e+01 1.411330382603512845e+00
1.125000000000000000e+01 1.403072323008237587e+00
1.166666666666666607e+01 1.394055883006149132e+00
1.208333333333333393e+01 1.387149190659078490e+00
1.250000000000000000e+01 1.380118605435968870e+00
1.291666666666666607e+01 1.370076014763530248e+00
1.333333333333333393e+01 1.357712645697789933e+00
1.375000000000000000e+01 1.342646959205199719e+00
1.416666666666666607e+01 1.324715946753267426e+00
1.458333333333333393e+01 1.304997282069522591e+00
1.500000000000000000e+01 1.285061674238955343e+00
1.541666666666666607e+01 1.266336967309971140e+00
1.583333333333333393e+01 1.248936241648701984e+00
1.625000000000000000e+01 1.232740989366549522e+00
1.666666666666666785e+01 1.218212829807914899e+00
1.708333333333333215e+01 1.205858644284344416e+00
1.750000000000000000e+01 1.196251619071376782e+00
1.791666666666666785e+01 1.189419418854367638e+00
1.833333333333333215e+01 1.184854921388728721e+00
1.875000000000000000e+01 1.180773808006974512e+00
1.916666666666666785e+01 1.176532141630652673e+00
1.958333333333333215e+01 1.172992436840543995e+00
2.000000000000000000e+01 1.171600767943264509e+00
2.041666666666666785e+01 1.169040686892761194e+00
2.083333333333333215e+01 1.151040257709623038e+00
2.125000000000000000e+01 1.104929914027287685e+00
2.166666666666666785e+01 1.029234404560397387e+00
2.208333333333333215e+01 9.590074592673976106e-01
2.250000000000000000e+01 9.038327366208649405e-01
2.291666666666666785e+01 8.925967859399051019e-01
2.333333333333333215e+01 9.454359243384080624e-01
2.375000000000000000e+01 6.604235833241846043e-01
2.416666666666666785e+01 4.419173460005488829e-01
2.458333333333333215e+01 4.107145454290953013e-01
2.500000000000000000e+01 4.192704092715415221e-01
2.541666666666666785e+01 4.203829253052135950e-01
2.583333333333333215e+01 4.056028813304009550e-01
2.625000000000000000e+01 3.781635041031088940e-01
2.666666666666666785e+01 3.471242322843873795e-01
2.708333333333333215e+01 3.169892251731670219e-01
2.750000000000000000e+01 2.853926834477806262e-01
2.791666666666666785e+01 2.497641374642973755e-01
2.833333333333333215e+01 2.051639351096049002e-01
2.875000000000000000e+01 1.806020135019607009e-01
2.916666666666666785e+01 9.355337679150488306e-02
2.958333333333333215e+01 8.994106920659722393e-02
3.000000000000000000e+01 8.630122174308707539e-02
3.041666666666666785e+01 8.265374753784571205e-02
3.083333333333333215e+01 7.901627029277080716e-02
3.125000000000000000e+01 7.534121200277527075e-02
3.166666666666666785e+01 7.164151099847970716e-02
3.208333333333333570e+01 6.793610853166209829e-02
3.250000000000000000e+01 6.420971941707642738e-02
3.291666666666666430e+01 6.045839979904238382e-02
3.333333333333333570e+01 5.671273688223998910e-02
3.375000000000000000e+01 5.296183775316481990e-02
3.416666666666666430e+01 4.921061789168934553e-02
3.458333333333333570e+01 4.541667507800273285e-02
3.500000000000000000e+01 4.157486554174727456e-02
3.541666666666666430e+01 3.768947895385021951e-02
3.583333333333333570e+01 3.373906831411599416e-02
3.625000000000000000e+01 2.974681583841032317e-02
3.666666666666666430e+01 2.571757328155155342e-02
3.708333333333333570e+01 2.167297169568394022e-02
3.750000000000000000e+01 1.762773697491115676e-02
3.791666666666666430e+01 1.359951573872253405e-02
3.833333333333333570e+01 9.584073744640875248e-03
3.875000000000000000e+01 5.524867717702663938e-03
3.916666666666666430e+01 1.420787358973329972e-03
3.958333333333333570e+01 -2.739259945842231758e-03
4.000000000000000000e+01 7.329622763799781282e-04
