0.000000000000000000e+00 3.586263611505703386e-01
4.166666666666666852e-01 3.549911396764718896e-01
8.333333333333333703e-01 3.472245811882219146e-01
1.250000000000000000e+00 3.364302943374140598e-01
1.666666666666666741e+00 3.234579373878468389e-01
2.083333333333333481e+00 3.089354776458940188e-01
2.500000000000000000e+00 2.933337194470796994e-01
2.916666666666666519e+00 2.770286758579786346e-01
3.333333333333333481e+00 2.603270922921553931e-01
3.750000000000000000e+00 2.434819276332128579e-01
4.166666666666666963e+00 2.267024709466517185e-01
4.583333333333333037e+00 2.101615429197780660e-01
5.000000000000000000e+00 1.940009339691442514e-01
5.416666666666666963e+00 1.783357026078593865e-01
5.833333333333333037e+00 1.632576967389516021e-01
6.250000000000000000e+00 1.488385187575380908e-01
6.666666666666666963e+00 1.351320757804998496e-01
7.083333333333333037e+00 1.221768090494317893e-01
7.500000000000000000e+00 1.099976656169467659e-01
7.916666666666666963e+00 9.860785715023324960e-02
8.333333333333333925e+00 8.801043844073500044e-02
8.750000000000000000e+00 7.819972937930010082e-02
9.166666666666666075e+00 6.916259971578268828e-02
9.583333333333333925e+00 6.087963115605146691e-02
1.000000000000000000e+01 5.332616894371879079e-02
1.041666666666666607e+01 4.647327371834641258e-02
1.083333333333333393e+01 4.028858178446190208e-02
1.125000000000000000e+01 3.473708282107749318e-02
1.166666666666666607e+01 2.978182041881924022e-02
1.208333333333333393e+01 2.538452333709721731e-02
1.250000000000000000e+01 2.150617215301742560e-02
1.291666666666666607e+01 1.810750718224486341e-02
1.333333333333333393e+01 1.514948248513691212e-02
1.375000000000000000e+01 1.259367008482230148e-02
1.416666666666666607e+01 1.040261974139958939e-02
1.458333333333333393e+01 8.540176392362130650e-03
1.500000000000000000e+01 6.971761336778021199e-03
1.541666666666666607e+01 5.664618032034439074e-03
1.583333333333333393e+01 4.588027997731440599e-03
1.625000000000000000e+01 3.713497494740666035e-03
1.666666666666666785e+01 3.014919917780860444e-03
1.708333333333333215e+01 2.468714453811073246e-03
1.750000000000000000e+01 2.053943995631622201e-03
1.791666666666666785e+01 1.752414592960708194e-03
1.833333333333333215e+01 1.548757216976805445e-03
1.875000000000000000e+01 1.430494381425085563e-03
1.916666666666666785e+01 1.388091786566004755e-03
1.958333333333333215e+01 1.414997053234175401e-03
2.000000000000000000e+01 1.507665235900430096e-03
2.041666666666666785e+01 1.665572737089690211e-03
2.083333333333333215e+01 1.891218632981296567e-03
2.125000000000000000e+01 2.190114987385121531e-03
2.166666666666666785e+01 2.570764450411232305e-03
2.208333333333333215e+01 3.044625570850726520e-03
2.250000000000000000e+01 3.626065042922096363e-03
2.291666666666666785e+01 4.332295902084237933e-03
2.333333333333333215e+01 5.183300144607195202e-03
2.375000000000000000e+01 6.201735177498608580e-03
2.416666666666666785e+01 7.412821595368686636e-03
2.458333333333333215e+01 8.844211047395343986e-03
2.500000000000000000e+01 1.052583174928107407e-02
2.541666666666666785e+01 1.248970955839258726e-02
2.583333333333333215e+01 1.476976145322225591e-02
2.625000000000000000e+01 1.740155948658154636e-02
2.666666666666666785e+01 2.042206126296552265e-02
2.708333333333333215e+01 2.386930427506333413e-02
2.750000000000000000e+01 2.778205976912586500e-02
2.791666666666666785e+01 3.219944320692537387e-02
2.833333333333333215e+01 3.716047633132159300e-02
2.875000000000000000e+01 4.270359676724359843e-02
2.916666666666666785e+01 4.886611038225772280e-02
2.958333333333333215e+01 5.568358108221784647e-02
3.000000000000000000e+01 6.318915231755899142e-02
3.041666666666666785e+01 7.141279440368297760e-02
3.083333333333333215e+01 8.038047108784990291e-02
3.125000000000000000e+01 9.011321691946734547e-02
3.166666666666666785e+01 1.006261184938963132e-01
3.208333333333333570e+01 1.119271888395015763e-01
3.250000000000000000e+01 1.240161241448799745e-01
3.291666666666666430e+01 1.368829294808480701e-01
3.333333333333333570e+01 1.505063974504603774e-01
3.375000000000000000e+01 1.648524188422820502e-01
3.416666666666666430e+01 1.798720985346898837e-01
3.458333333333333570e+01 1.954996399626503234e-01
3.500000000000000000e+01 2.116499470739965083e-01
3.541666666666666430e+01 2.282158675314379936e-01
3.583333333333333570e+01 2.450649629283647990e-01
3.625000000000000000e+01 2.620356221673847963e-01
3.666666666666666430e+01 2.789322174586715275e-01
3.708333333333333570e+01 2.955187841422737827e-01
3.750000000000000000e+01 3.115102768597482474e-01
3.791666666666666430e+01 3.265595161815822434e-01
3.833333333333333570e+01 3.402359501090735372e-01
3.875000000000000000e+01 3.519830207684099266e-01
3.916666666666666430e+01 3.610322974758237158e-01
3.958333333333333570e+01 3.669704262108282600e-01
4.000000000000000000e+01 3.669704262108282600e-01
