0.000000000000000000e+00 5.738007832263154473e-01
4.166666666666666852e-01 5.529807314618242486e-01
8.333333333333333703e-01 5.394538171341898281e-01
1.250000000000000000e+00 5.630549335284406043e-01
1.666666666666666741e+00 5.894858364888819757e-01
2.083333333333333481e+00 6.080973476078380680e-01
2.500000000000000000e+00 6.221349821740634889e-01
2.916666666666666519e+00 6.290617301962952990e-01
3.333333333333333481e+00 6.379713079396193143e-01
3.750000000000000000e+00 6.595151913411781974e-01
4.166666666666666963e+00 6.871642616849829022e-01
4.583333333333333037e+00 7.132077549239221881e-01
5.000000000000000000e+00 7.552482841527605739e-01
5.416666666666666963e+00 8.260791940067354622e-01
5.833333333333333037e+00 9.087428606684903043e-01
6.250000000000000000e+00 2.694237522012609132e-01
6.666666666666666963e+00 5.063879348330164731e-01
7.083333333333333037e+00 5.238208432200935905e-01
7.500000000000000000e+00 5.294820049645200255e-01
7.916666666666666963e+00 5.266452951683339156e-01
8.333333333333333925e+00 5.124188331289865062e-01
8.750000000000000000e+00 5.081375378961384692e-01
9.166666666666666075e+00 5.109811672919386538e-01
9.583333333333333925e+00 5.153225092522746298e-01
1.000000000000000000e+01 5.192687131104880560e-01
1.041666666666666607e+01 5.250501435133845263e-01
1.083333333333333393e+01 5.328635466932841735e-01
1.125000000000000000e+01 5.493293729659491920e-01
1.166666666666666607e+01 5.900909771693655381e-01
1.208333333333333393e+01 6.616464214576109892e-01
1.250000000000000000e+01 7.449203165858477860e-01
1.291666666666666607e+01 7.752483769310508643e-01
1.333333333333333393e+01 7.835634031196414551e-01
1.375000000000000000e+01 3.390136635920958375e-01
1.416666666666666607e+01 3.360065224082353641e-01
1.458333333333333393e+01 3.329399114269063764e-01
1.500000000000000000e+01 3.298280158898946324e-01
1.541666666666666607e+01 3.266472642736102383e-01
1.583333333333333393e+01 3.234251427811750679e-01
1.625000000000000000e+01 3.201505657335241839e-01
1.666666666666666785e+01 3.168263482031146161e-01
1.708333333333333215e+01 3.134535828544319225e-01
1.750000000000000000e+01 7.502661359916528161e-01
1.791666666666666785e+01 6.984695963058683565e-01
1.833333333333333215e+01 6.131481035503295596e-01
1.875000000000000000e+01 5.290261827109065118e-01
1.916666666666666785e+01 4.730867909010824102e-01
1.958333333333333215e+01 4.509562322616686991e-01
2.000000000000000000e+01 4.442687713798088023e-01
2.041666666666666785e+01 4.468119457850309173e-01
2.083333333333333215e+01 4.582034424283610852e-01
2.125000000000000000e+01 4.719075910125131168e-01
2.166666666666666785e+01 4.823727167258086146e-01
2.208333333333333215e+01 4.938444105411823326e-01
2.250000000000000000e+01 5.098476632881362436e-01
2.291666666666666785e+01 5.277163429283886487e-01
2.333333333333333215e+01 5.331282560473011856e-01
2.375000000000000000e+01 4.801735027156835978e-01
2.416666666666666785e+01 3.754399356659053333e-01
2.458333333333333215e+01 1.905411468100571826e-01
2.500000000000000000e+01 1.872205604080684482e-01
2.541666666666666785e+01 4.984599109673690243e-01
2.583333333333333215e+01 3.019007093195607005e-01
2.625000000000000000e+01 1.518783657264018983e-01
2.666666666666666785e+01 1.118304264773079537e-01
2.708333333333333215e+01 1.917127580214110227e-01
2.750000000000000000e+01 3.614997981740736832e-01
2.791666666666666785e+01 5.635845588735939327e-01
2.833333333333333215e+01 6.805459725629110501e-01
2.875000000000000000e+01 6.684680067627322142e-01
2.916666666666666785e+01 5.568659526159830397e-02
2.958333333333333215e+01 5.244744048383109813e-02
3.000000000000000000e+01 4.925559318151062627e-02
3.041666666666666785e+01 4.613863982028121313e-02
3.083333333333333215e+01 4.312491872900081624e-02
3.125000000000000000e+01 4.017278968443482867e-02
3.166666666666666785e+01 3.730213323114650592e-02
3.208333333333333570e+01 3.453714169727695182e-02
3.250000000000000000e+01 3.186276111496066932e-02
3.291666666666666430e+01 2.927227006403532172e-02
3.333333333333333570e+01 2.679151533926049655e-02
3.375000000000000000e+01 2.439966821630279448e-02
3.416666666666666430e+01 2.208937105216313146e-02
3.458333333333333570e+01 1.980415044377215050e-02
3.500000000000000000e+01 1.752982750801168610e-02
3.541666666666666430e+01 1.526748476149142331e-02
3.583333333333333570e+01 1.299689460408892661e-02
3.625000000000000000e+01 1.074854624033350081e-02
3.666666666666666430e+01 8.535904385413628503e-03
3.708333333333333570e+01 6.388709745454912436e-03
3.750000000000000000e+01 4.325850492910787715e-03
3.791666666666666430e+01 2.363476058517721690e-03
3.833333333333333570e+01 4.886474661758288818e-04
3.875000000000000000e+01 -1.369224430544213611e-03
3.916666666666666430e+01 -3.221357917444489516e-03
3.958333333333333570e+01 -5.083960331767389818e-03
4.000000000000000000e+01 -1.611738109545068909e-03
