0.000000000000000000e+00 1.122501957954423979e+00
4.166666666666666852e-01 1.126184663535899633e+00
8.333333333333333703e-01 1.128600010462102121e+00
1.250000000000000000e+00 1.138930043793866531e+00
1.666666666666666741e+00 1.154757032762040447e+00
2.083333333333333481e+00 1.171882300882059358e+00
2.500000000000000000e+00 1.187181351040207389e+00
2.916666666666666519e+00 1.201234159647365018e+00
3.333333333333333481e+00 1.214897294967328234e+00
3.750000000000000000e+00 1.227558280077718278e+00
4.166666666666666963e+00 1.238016897076103628e+00
4.583333333333333037e+00 1.245463154725562127e+00
5.000000000000000000e+00 1.248424661760926924e+00
5.416666666666666963e+00 1.244443063486424084e+00
5.833333333333333037e+00 1.231432118308136037e+00
6.250000000000000000e+00 1.208206424719591610e+00
6.666666666666666963e+00 1.174129771330003846e+00
7.083333333333333037e+00 1.132069744527606225e+00
7.500000000000000000e+00 9.229856377662577493e-01
7.916666666666666963e+00 9.538893567611819169e-01
8.333333333333333925e+00 9.727414674592165245e-01
8.750000000000000000e+00 1.001516476312952930e+00
9.166666666666666075e+00 1.029355972563648525e+00
9.583333333333333925e+00 1.046620737705044490e+00
1.000000000000000000e+01 1.056977587090732751e+00
1.041666666666666607e+01 1.062556117376045606e+00
1.083333333333333393e+01 1.064963588358808222e+00
1.125000000000000000e+01 1.065111846442326815e+00
1.166666666666666607e+01 1.063559675289072803e+00
1.208333333333333393e+01 1.060595053690190470e+00
1.250000000000000000e+01 1.055999274004613797e+00
1.291666666666666607e+01 1.049899078428023991e+00
1.333333333333333393e+01 1.042817400837392494e+00
1.375000000000000000e+01 1.035713304027354287e+00
1.416666666666666607e+01 1.029287527953749892e+00
1.458333333333333393e+01 1.020722364517181013e+00
1.500000000000000000e+01 9.994492745003016321e-01
1.541666666666666607e+01 9.623314063292136566e-01
1.583333333333333393e+01 9.894316786633832184e-01
1.625000000000000000e+01 1.012078645293006840e+00
1.666666666666666785e+01 9.975584594248008141e-01
1.708333333333333215e+01 9.705683416272627984e-01
1.750000000000000000e+01 9.415271350183491705e-01
1.791666666666666785e+01 9.133897041383483018e-01
1.833333333333333215e+01 8.868511142424857496e-01
1.875000000000000000e+01 8.606162059251329932e-01
1.916666666666666785e+01 8.337063159466601148e-01
1.958333333333333215e+01 8.069912149437643567e-01
2.000000000000000000e+01 7.802281444101325514e-01
2.041666666666666785e+01 7.535493332523361953e-01
2.083333333333333215e+01 7.264066718871768913e-01
2.125000000000000000e+01 6.994442657661756879e-01
2.166666666666666785e+01 6.725028670933461683e-01
2.208333333333333215e+01 6.465124309766390187e-01
2.250000000000000000e+01 6.233132356351138714e-01
2.291666666666666785e+01 6.037782572635133072e-01
2.333333333333333215e+01 5.863524212665643942e-01
2.375000000000000000e+01 5.645587245952558009e-01
2.416666666666666785e+01 5.268564694866735287e-01
2.458333333333333215e+01 4.728794106831282207e-01
2.500000000000000000e+01 5.254301263070038086e-01
2.541666666666666785e+01 5.580050749304090729e-01
2.583333333333333215e+01 5.277255607000310711e-01
2.625000000000000000e+01 4.822485930400041143e-01
2.666666666666666785e+01 4.431121278931495766e-01
2.708333333333333215e+01 4.116771121126786004e-01
2.750000000000000000e+01 3.826405187479618997e-01
2.791666666666666785e+01 3.551693594352519634e-01
2.833333333333333215e+01 3.320230659090396275e-01
2.875000000000000000e+01 3.103923905076778622e-01
2.916666666666666785e+01 2.736506451978537591e-01
2.958333333333333215e+01 2.194150903705184286e-01
3.000000000000000000e+01 2.468802092294799522e-01
3.041666666666666785e+01 2.576931259487441617e-01
3.083333333333333215e+01 2.178097485098083874e-01
3.125000000000000000e+01 1.760839542718368733e-01
3.166666666666666785e+01 5.536560863491224449e-02
3.208333333333333570e+01 5.228531257394319898e-02
3.250000000000000000e+01 4.923099678946063484e-02
3.291666666666666430e+01 4.618551361405620614e-02
3.333333333333333570e+01 4.315446685215229561e-02
3.375000000000000000e+01 4.012360916488744156e-02
3.416666666666666430e+01 3.710030014698117995e-02
3.458333333333333570e+01 3.406674226925088256e-02
3.500000000000000000e+01 3.102157806361482972e-02
3.541666666666666430e+01 2.797288763726013539e-02
3.583333333333333570e+01 2.490438178120568669e-02
3.625000000000000000e+01 2.182473635850390448e-02
3.666666666666666430e+01 1.872400730878942543e-02
3.708333333333333570e+01 1.560260094180720980e-02
3.750000000000000000e+01 1.245688282878609776e-02
3.791666666666666430e+01 9.292341529737457861e-03
3.833333333333333570e+01 6.112867672811050923e-03
3.875000000000000000e+01 2.894274355644710361e-03
3.916666666666666430e+01 -3.517194687893132610e-04
3.958333333333333570e+01 -3.631143797183877808e-03
4.000000000000000000e+01 -1.589215749616679219e-04
