0.000000000000000000e+00 7.356459214892960841e-01
4.166666666666666852e-01 7.994189876644350878e-01
8.333333333333333703e-01 8.585027076066954477e-01
1.250000000000000000e+00 8.718451441541184010e-01
1.666666666666666741e+00 8.725384312210070492e-01
2.083333333333333481e+00 8.800107134032808531e-01
2.500000000000000000e+00 8.940644710777478910e-01
2.916666666666666519e+00 9.138867990175110201e-01
3.333333333333333481e+00 9.367511077167582911e-01
3.750000000000000000e+00 9.543276590533977810e-01
4.166666666666666963e+00 9.698772231540619959e-01
4.583333333333333037e+00 9.933915704094706811e-01
5.000000000000000000e+00 1.015206875991614632e+00
5.416666666666666963e+00 1.021654734062002579e+00
5.833333333333333037e+00 1.013015286095478862e+00
6.250000000000000000e+00 9.956699103904742554e-01
6.666666666666666963e+00 9.754008399875304658e-01
7.083333333333333037e+00 9.552974176407258433e-01
7.500000000000000000e+00 9.367065223684529762e-01
7.916666666666666963e+00 9.207113472564147916e-01
8.333333333333333925e+00 9.090401704817601125e-01
8.750000000000000000e+00 9.015757684155252250e-01
9.166666666666666075e+00 8.964238520217957529e-01
9.583333333333333925e+00 8.917165514941209903e-01
1.000000000000000000e+01 8.858219437441783306e-01
1.041666666666666607e+01 8.773417306566655416e-01
1.083333333333333393e+01 8.689140768696856920e-01
1.125000000000000000e+01 8.630393599374139857e-01
1.166666666666666607e+01 8.559461074476690801e-01
1.208333333333333393e+01 8.459627436071353035e-01
1.250000000000000000e+01 8.338870947413965506e-01
1.291666666666666607e+01 8.195196820364385459e-01
1.333333333333333393e+01 8.035350048620817365e-01
1.375000000000000000e+01 7.863428342158435003e-01
1.416666666666666607e+01 7.693742406512795728e-01
1.458333333333333393e+01 7.527050854115435730e-01
1.500000000000000000e+01 7.357724556160344376e-01
1.541666666666666607e+01 7.213146244617723024e-01
1.583333333333333393e+01 7.109277496228183502e-01
1.625000000000000000e+01 7.032097188569352841e-01
1.666666666666666785e+01 6.968072130951967758e-01
1.708333333333333215e+01 6.909104644047844301e-01
1.750000000000000000e+01 6.828693940091494774e-01
1.791666666666666785e+01 6.712675019436505908e-01
1.833333333333333215e+01 6.551124010119437902e-01
1.875000000000000000e+01 6.341759288039789944e-01
1.916666666666666785e+01 6.050844289859713676e-01
1.958333333333333215e+01 5.837001534021549753e-01
2.000000000000000000e+01 5.645249500952075339e-01
2.041666666666666785e+01 5.309472526723360009e-01
2.083333333333333215e+01 5.068613521145952650e-01
2.125000000000000000e+01 4.741235498365086176e-01
2.166666666666666785e+01 4.425038026544936276e-01
2.208333333333333215e+01 4.181063030658129787e-01
2.250000000000000000e+01 3.721474234122473246e-01
2.291666666666666785e+01 3.474985872921887986e-01
2.333333333333333215e+01 2.413881923580719069e-01
2.375000000000000000e+01 4.324560845146464549e-01
2.416666666666666785e+01 4.196599994136580025e-01
2.458333333333333215e+01 3.888418944547441525e-01
2.500000000000000000e+01 3.572368843485538292e-01
2.541666666666666785e+01 3.304869751253362575e-01
2.583333333333333215e+01 3.053441857894451661e-01
2.625000000000000000e+01 2.770352874592246772e-01
2.666666666666666785e+01 2.389742405137970649e-01
2.708333333333333215e+01 2.229065801363823152e-01
2.750000000000000000e+01 9.834074663402614380e-02
2.791666666666666785e+01 9.507558397230603253e-02
2.833333333333333215e+01 9.174940188357527671e-02
2.875000000000000000e+01 8.836037391330014978e-02
2.916666666666666785e+01 8.494663345231850959e-02
2.958333333333333215e+01 8.154859718531376478e-02
3.000000000000000000e+01 7.814358257313497313e-02
3.041666666666666785e+01 7.470841761271584947e-02
3.083333333333333215e+01 7.122290773660033825e-02
3.125000000000000000e+01 6.773326542200913680e-02
3.166666666666666785e+01 6.422539886668376941e-02
3.208333333333333570e+01 6.067982262478693878e-02
3.250000000000000000e+01 5.711240155681635011e-02
3.291666666666666430e+01 5.352845256930832685e-02
3.333333333333333570e+01 4.989941406454267980e-02
3.375000000000000000e+01 4.623943569688504507e-02
3.416666666666666430e+01 4.254768020868820999e-02
3.458333333333333570e+01 3.887140543244593793e-02
3.500000000000000000e+01 3.522026817580004021e-02
3.541666666666666430e+01 3.159394091822498307e-02
3.583333333333333570e+01 2.801735141565186993e-02
3.625000000000000000e+01 2.446982319431434405e-02
3.666666666666666430e+01 2.094857525176196944e-02
3.708333333333333570e+01 1.743368665526623396e-02
3.750000000000000000e+01 1.391218734762500464e-02
3.791666666666666430e+01 1.036844529918912183e-02
3.833333333333333570e+01 6.809253800644898824e-03
3.875000000000000000e+01 3.294074067233254688e-03
3.916666666666666430e+01 -1.740643024364940672e-04
3.958333333333333570e+01 -3.583175092976342846e-03
4.000000000000000000e+01 -1.109528707541329595e-04
