0.000000000000000000e+00 1.149256237029733008e+00
4.166666666666666852e-01 1.161158851480853960e+00
8.333333333333333703e-01 1.173537397978286378e+00
1.250000000000000000e+00 1.183764184077955806e+00
1.666666666666666741e+00 1.191171781942232499e+00
2.083333333333333481e+00 1.197373321813722580e+00
2.500000000000000000e+00 1.204158505204669938e+00
2.916666666666666519e+00 1.211368865609977474e+00
3.333333333333333481e+00 1.218772202025524054e+00
3.750000000000000000e+00 1.226272922277162891e+00
4.166666666666666963e+00 1.234282044428450353e+00
4.583333333333333037e+00 1.243079215346036159e+00
5.000000000000000000e+00 1.252623859682605811e+00
5.416666666666666963e+00 1.262115052782502911e+00
5.833333333333333037e+00 1.269813287386414524e+00
6.250000000000000000e+00 1.274672761004022270e+00
6.666666666666666963e+00 1.277041510344846476e+00
7.083333333333333037e+00 1.274947308598321394e+00
7.500000000000000000e+00 1.274648978504233643e+00
7.916666666666666963e+00 1.280534028877488684e+00
8.333333333333333925e+00 1.286356001467576338e+00
8.750000000000000000e+00 1.288924232995963148e+00
9.166666666666666075e+00 1.290643199289438048e+00
9.583333333333333925e+00 1.292024168847593524e+00
1.000000000000000000e+01 1.293078494276134194e+00
1.041666666666666607e+01 1.293512129771883679e+00
1.083333333333333393e+01 1.292970816530677691e+00
1.125000000000000000e+01 1.291331349568728415e+00
1.166666666666666607e+01 1.288650188807507924e+00
1.208333333333333393e+01 1.284818492978035520e+00
1.250000000000000000e+01 1.279731113576607182e+00
1.291666666666666607e+01 1.273318882907189309e+00
1.333333333333333393e+01 1.265423375383153637e+00
1.375000000000000000e+01 1.256039814046185699e+00
1.416666666666666607e+01 1.245240115843516016e+00
1.458333333333333393e+01 1.234038429225951639e+00
1.500000000000000000e+01 1.225884535495658234e+00
1.541666666666666607e+01 1.221724688567023431e+00
1.583333333333333393e+01 1.195478994206608636e+00
1.625000000000000000e+01 1.168750363604323272e+00
1.666666666666666785e+01 1.152353702770452459e+00
1.708333333333333215e+01 1.137284776881323900e+00
1.750000000000000000e+01 1.120164136853211811e+00
1.791666666666666785e+01 1.100892565430215519e+00
1.833333333333333215e+01 1.080332333525212407e+00
1.875000000000000000e+01 1.057962985788423405e+00
1.916666666666666785e+01 1.033347242243715547e+00
1.958333333333333215e+01 1.008070180581929431e+00
2.000000000000000000e+01 9.852207647051045569e-01
2.041666666666666785e+01 9.656445893746041786e-01
2.083333333333333215e+01 9.474077259926659833e-01
2.125000000000000000e+01 9.277970105652216803e-01
2.166666666666666785e+01 9.056065373197368373e-01
2.208333333333333215e+01 8.808735692923339577e-01
2.250000000000000000e+01 8.537981148069991866e-01
2.291666666666666785e+01 8.244388719598030324e-01
2.333333333333333215e+01 7.933440398869507915e-01
2.375000000000000000e+01 7.630487188951315947e-01
2.416666666666666785e+01 7.392476070285847189e-01
2.458333333333333215e+01 7.220576688480329075e-01
2.500000000000000000e+01 6.658004688549669092e-01
2.541666666666666785e+01 6.152428656196348156e-01
2.583333333333333215e+01 5.857579185140375788e-01
2.625000000000000000e+01 5.604156279007972419e-01
2.666666666666666785e+01 5.352524957950034468e-01
2.708333333333333215e+01 5.114537008217152625e-01
2.750000000000000000e+01 4.878466057478139661e-01
2.791666666666666785e+01 4.585889072740819139e-01
2.833333333333333215e+01 4.203743010276377867e-01
2.875000000000000000e+01 3.795052021060512093e-01
2.916666666666666785e+01 3.557989675946552355e-01
2.958333333333333215e+01 3.513817290930288939e-01
3.000000000000000000e+01 2.855330313439736756e-01
3.041666666666666785e+01 2.272068157839834956e-01
3.083333333333333215e+01 2.012506154189798169e-01
3.125000000000000000e+01 1.705443013864716972e-01
3.166666666666666785e+01 1.441722117218536825e-01
3.208333333333333570e+01 5.832116073100868103e-02
3.250000000000000000e+01 5.488280805902745474e-02
3.291666666666666430e+01 5.143698179758693367e-02
3.333333333333333570e+01 4.800051553468798193e-02
3.375000000000000000e+01 4.456479307311922433e-02
3.416666666666666430e+01 4.114178573495397284e-02
3.458333333333333570e+01 3.771329937100431628e-02
3.500000000000000000e+01 3.427905357743254999e-02
3.541666666666666430e+01 3.084982002579850224e-02
3.583333333333333570e+01 2.740983544491526480e-02
3.625000000000000000e+01 2.397163327411278022e-02
3.666666666666666430e+01 2.052797269223494148e-02
3.708333333333333570e+01 1.708348041899054870e-02
3.750000000000000000e+01 1.363895040469964570e-02
3.791666666666666430e+01 1.020470765085357279e-02
3.833333333333333570e+01 6.786551841818866393e-03
3.875000000000000000e+01 3.356968495166423594e-03
3.916666666666666430e+01 -7.169440221976852712e-05
3.958333333333333570e+01 -3.505610215094212556e-03
4.000000000000000000e+01 -3.338799287200266974e-05
