0.000000000000000000e+00 1.198637631122028147e+00
4.166666666666666852e-01 1.222617361465005326e+00
8.333333333333333703e-01 1.248792067992121169e+00
1.250000000000000000e+00 1.262863722893189822e+00
1.666666666666666741e+00 1.269602977605385652e+00
2.083333333333333481e+00 1.275357860895433237e+00
2.500000000000000000e+00 1.283556853804104003e+00
2.916666666666666519e+00 1.292713608645156054e+00
3.333333333333333481e+00 1.301743220328125616e+00
3.750000000000000000e+00 1.310585746477612501e+00
4.166666666666666963e+00 1.319272167254057049e+00
4.583333333333333037e+00 1.328155055798921236e+00
5.000000000000000000e+00 1.338146384773397646e+00
5.416666666666666963e+00 1.348891312648460294e+00
5.833333333333333037e+00 1.358053675239542901e+00
6.250000000000000000e+00 1.365504642529907331e+00
6.666666666666666963e+00 1.370022734156857602e+00
7.083333333333333037e+00 1.354143122717999415e+00
7.500000000000000000e+00 1.335024952290352118e+00
7.916666666666666963e+00 1.346328104501670397e+00
8.333333333333333925e+00 1.357247043329678604e+00
8.750000000000000000e+00 1.356199440166964587e+00
9.166666666666666075e+00 1.353336545635778654e+00
9.583333333333333925e+00 1.350854037078735637e+00
1.000000000000000000e+01 1.348886047929340082e+00
1.041666666666666607e+01 1.346692365276500825e+00
1.083333333333333393e+01 1.343795701867763759e+00
1.125000000000000000e+01 1.340321174994625775e+00
1.166666666666666607e+01 1.336095866826136680e+00
1.208333333333333393e+01 1.330621757193521493e+00
1.250000000000000000e+01 1.323353471136777593e+00
1.291666666666666607e+01 1.313617693362302274e+00
1.333333333333333393e+01 1.301045741205045125e+00
1.375000000000000000e+01 1.285886056814592449e+00
1.416666666666666607e+01 1.270527318180631138e+00
1.458333333333333393e+01 1.264710048534810394e+00
1.500000000000000000e+01 1.273463054575854514e+00
1.541666666666666607e+01 1.223598109551885527e+00
1.583333333333333393e+01 1.182192923663414996e+00
1.625000000000000000e+01 1.174278451507431598e+00
1.666666666666666785e+01 1.170995485186258733e+00
1.708333333333333215e+01 1.162393670930494949e+00
1.750000000000000000e+01 1.147332099495131708e+00
1.791666666666666785e+01 1.128039540766789806e+00
1.833333333333333215e+01 1.107035293319179159e+00
1.875000000000000000e+01 1.086605219198783834e+00
1.916666666666666785e+01 1.068170342468612422e+00
1.958333333333333215e+01 1.051869144761104158e+00
2.000000000000000000e+01 1.036326843090916272e+00
2.041666666666666785e+01 1.019156667833147623e+00
2.083333333333333215e+01 9.991622451969219831e-01
2.125000000000000000e+01 9.760855050506309638e-01
2.166666666666666785e+01 9.501964647629381755e-01
2.208333333333333215e+01 9.225303742794126460e-01
2.250000000000000000e+01 8.934181448591778096e-01
2.291666666666666785e+01 8.622112387165229430e-01
2.333333333333333215e+01 8.290422353798359012e-01
2.375000000000000000e+01 7.979571707910974032e-01
2.416666666666666785e+01 7.792816016621468833e-01
2.458333333333333215e+01 7.719151870032531226e-01
2.500000000000000000e+01 6.929413631633473125e-01
2.541666666666666785e+01 6.264033586777387752e-01
2.583333333333333215e+01 5.995290834274149550e-01
2.625000000000000000e+01 5.780067817789422691e-01
2.666666666666666785e+01 5.513985795165530224e-01
2.708333333333333215e+01 5.210314507365250147e-01
2.750000000000000000e+01 4.915160471604633763e-01
2.791666666666666785e+01 4.626368032967066446e-01
2.833333333333333215e+01 4.309026581078395091e-01
2.875000000000000000e+01 4.003766224332693247e-01
2.916666666666666785e+01 3.892285800534173168e-01
2.958333333333333215e+01 3.984599400282409221e-01
3.000000000000000000e+01 2.917420696493353560e-01
3.041666666666666785e+01 1.881988867120153452e-01
3.083333333333333215e+01 1.506032241678653127e-01
3.125000000000000000e+01 6.751292164653388550e-02
3.166666666666666785e+01 6.398942518449113326e-02
3.208333333333333570e+01 6.045519282178390963e-02
3.250000000000000000e+01 5.690089818547772182e-02
3.291666666666666430e+01 5.332756946436989498e-02
3.333333333333333570e+01 4.976156606588244546e-02
3.375000000000000000e+01 4.620023191492828030e-02
3.416666666666666430e+01 4.265979924924923061e-02
3.458333333333333570e+01 3.911887789026247120e-02
3.500000000000000000e+01 3.557502168737824988e-02
3.541666666666666430e+01 3.203863937867867939e-02
3.583333333333333570e+01 2.849104052195428061e-02
3.625000000000000000e+01 2.494631801713786956e-02
3.666666666666666430e+01 2.139755782147256813e-02
3.708333333333333570e+01 1.785141074332341482e-02
3.750000000000000000e+01 1.431026962688108917e-02
3.791666666666666430e+01 1.078524337194530780e-02
3.833333333333333570e+01 7.277695810479767324e-03
3.875000000000000000e+01 3.748691171217233276e-03
3.916666666666666430e+01 2.056794358757940699e-04
3.958333333333333570e+01 -3.360319071220030374e-03
4.000000000000000000e+01 1.119031510021795128e-04
