0.000000000000000000e+00 9.459563494177849474e-01
4.166666666666666852e-01 9.642489417657356121e-01
8.333333333333333703e-01 9.837000084124123411e-01
1.250000000000000000e+00 9.964453179849024345e-01
1.666666666666666741e+00 1.005166492330514805e+00
2.083333333333333481e+00 1.013187181234215029e+00
2.500000000000000000e+00 1.022441188471860274e+00
2.916666666666666519e+00 1.032388283174025867e+00
3.333333333333333481e+00 1.042288949793067632e+00
3.750000000000000000e+00 1.051992143410126923e+00
4.166666666666666963e+00 1.061480533133815740e+00
4.583333333333333037e+00 1.070750595078615586e+00
5.000000000000000000e+00 1.079767711354809867e+00
5.416666666666666963e+00 1.088367257550617140e+00
5.833333333333333037e+00 1.095790221146446752e+00
6.250000000000000000e+00 1.100635173319441495e+00
6.666666666666666963e+00 1.101310635270528415e+00
7.083333333333333037e+00 1.093188934230184373e+00
7.500000000000000000e+00 1.085286410648913513e+00
7.916666666666666963e+00 1.092156919901810186e+00
8.333333333333333925e+00 1.099249804737159275e+00
8.750000000000000000e+00 1.101630772637252509e+00
9.166666666666666075e+00 1.103000758213947829e+00
9.583333333333333925e+00 1.104245185488346603e+00
1.000000000000000000e+01 1.105363166907400885e+00
1.041666666666666607e+01 1.105993694922759119e+00
1.083333333333333393e+01 1.105700637956274601e+00
1.125000000000000000e+01 1.104407278102621737e+00
1.166666666666666607e+01 1.101994063006673796e+00
1.208333333333333393e+01 1.098386511104508134e+00
1.250000000000000000e+01 1.093510704559461866e+00
1.291666666666666607e+01 1.087134719729673238e+00
1.333333333333333393e+01 1.079073461948855783e+00
1.375000000000000000e+01 1.069123891404462956e+00
1.416666666666666607e+01 1.057286192809644643e+00
1.458333333333333393e+01 1.044908031275922911e+00
1.500000000000000000e+01 1.036245977408434271e+00
1.541666666666666607e+01 1.032294451861224482e+00
1.583333333333333393e+01 9.982193611603749073e-01
1.625000000000000000e+01 9.632532802115947312e-01
1.666666666666666785e+01 9.421266400372567684e-01
1.708333333333333215e+01 9.273233900630470927e-01
1.750000000000000000e+01 9.156772652857141370e-01
1.791666666666666785e+01 9.040607473093178470e-01
1.833333333333333215e+01 8.894709124573860759e-01
1.875000000000000000e+01 8.709648158077760716e-01
1.916666666666666785e+01 8.479169928996481698e-01
1.958333333333333215e+01 8.200318009061946523e-01
2.000000000000000000e+01 7.883886281157502784e-01
2.041666666666666785e+01 7.563403735847996634e-01
2.083333333333333215e+01 7.281799379264883854e-01
2.125000000000000000e+01 7.044432088501003664e-01
2.166666666666666785e+01 6.819729512313906783e-01
2.208333333333333215e+01 6.565848926672798180e-01
2.250000000000000000e+01 6.265137075557445367e-01
2.291666666666666785e+01 5.912486746734442189e-01
2.333333333333333215e+01 5.506753391364359596e-01
2.375000000000000000e+01 5.042819710409685019e-01
2.416666666666666785e+01 4.664855464122443784e-01
2.458333333333333215e+01 4.245238561115809439e-01
2.500000000000000000e+01 5.619649168749641932e-01
2.541666666666666785e+01 5.651811530324906130e-01
2.583333333333333215e+01 5.586358418132428838e-01
2.625000000000000000e+01 5.435660440710918806e-01
2.666666666666666785e+01 5.215016622420076686e-01
2.708333333333333215e+01 4.944806502774921619e-01
2.750000000000000000e+01 4.641221964711990666e-01
2.791666666666666785e+01 4.315877708443199290e-01
2.833333333333333215e+01 3.977804443429908132e-01
2.875000000000000000e+01 3.656306163134855347e-01
2.916666666666666785e+01 3.395945253006920073e-01
2.958333333333333215e+01 3.180399481020738106e-01
3.000000000000000000e+01 2.698062634375891777e-01
3.041666666666666785e+01 2.161961800288639823e-01
3.083333333333333215e+01 1.811984434875745231e-01
3.125000000000000000e+01 5.871031207874943814e-02
3.166666666666666785e+01 5.516029570162028772e-02
3.208333333333333570e+01 5.164469557673290190e-02
3.250000000000000000e+01 4.817282923608234846e-02
3.291666666666666430e+01 4.474957260169953877e-02
3.333333333333333570e+01 4.135604403675419150e-02
3.375000000000000000e+01 3.799986771559005216e-02
3.416666666666666430e+01 3.466861859024328307e-02
3.458333333333333570e+01 3.138149714860627437e-02
3.500000000000000000e+01 2.813998303265607959e-02
3.541666666666666430e+01 2.493463874770152078e-02
3.583333333333333570e+01 2.178339326492784167e-02
3.625000000000000000e+01 1.867552997688526339e-02
3.666666666666666430e+01 1.562054263308487734e-02
3.708333333333333570e+01 1.261585907869922085e-02
3.750000000000000000e+01 9.662693534515542915e-03
3.791666666666666430e+01 6.752564863608423451e-03
3.833333333333333570e+01 3.881927582137678634e-03
3.875000000000000000e+01 1.081250353547558163e-03
3.916666666666666430e+01 -1.660206904276040341e-03
3.958333333333333570e+01 -4.335226556401172715e-03
4.000000000000000000e+01 -8.630043341789628286e-04
