0.000000000000000000e+00 7.524963605894082752e-01
4.166666666666666852e-01 7.561474572430957330e-01
8.333333333333333703e-01 7.614505344140053422e-01
1.250000000000000000e+00 7.773183226224786857e-01
1.666666666666666741e+00 7.960965755558238044e-01
2.083333333333333481e+00 8.121890781833104311e-01
2.500000000000000000e+00 8.251810511433815831e-01
2.916666666666666519e+00 8.354763097152910767e-01
3.333333333333333481e+00 8.421063678405238395e-01
3.750000000000000000e+00 8.436388933349254771e-01
4.166666666666666963e+00 8.414552016645894250e-01
4.583333333333333037e+00 8.408219197180192284e-01
5.000000000000000000e+00 8.434933513547342443e-01
5.416666666666666963e+00 8.465958559440402986e-01
5.833333333333333037e+00 8.556066463508679165e-01
6.250000000000000000e+00 8.780499439278633966e-01
6.666666666666666963e+00 9.082940009608041487e-01
7.083333333333333037e+00 5.437353317813661269e-01
7.500000000000000000e+00 6.811282670702916153e-01
7.916666666666666963e+00 6.961429402739854888e-01
8.333333333333333925e+00 7.176804797787963430e-01
8.750000000000000000e+00 7.411480418101247247e-01
9.166666666666666075e+00 7.408327580348064156e-01
9.583333333333333925e+00 7.399611101840379845e-01
1.000000000000000000e+01 7.435749893154035561e-01
1.041666666666666607e+01 7.283351819364186630e-01
1.083333333333333393e+01 7.200973307871637585e-01
1.125000000000000000e+01 7.082695261976555967e-01
1.166666666666666607e+01 6.998829485158093444e-01
1.208333333333333393e+01 6.928452462885870133e-01
1.250000000000000000e+01 6.856008298793456746e-01
1.291666666666666607e+01 6.775311264458858673e-01
1.333333333333333393e+01 6.688931456186217872e-01
1.375000000000000000e+01 6.605636739217282116e-01
1.416666666666666607e+01 6.524210385138826673e-01
1.458333333333333393e+01 6.397647788713400896e-01
1.500000000000000000e+01 6.087771182815381321e-01
1.541666666666666607e+01 5.583616811733453922e-01
1.583333333333333393e+01 6.668463367483110638e-01
1.625000000000000000e+01 7.541528185597990985e-01
1.666666666666666785e+01 7.582698607111739708e-01
1.708333333333333215e+01 7.391097978414157277e-01
1.750000000000000000e+01 7.166605547470810134e-01
1.791666666666666785e+01 6.953979775863312618e-01
1.833333333333333215e+01 6.753777063148038717e-01
1.875000000000000000e+01 6.555884959851646654e-01
1.916666666666666785e+01 6.351584639971894486e-01
1.958333333333333215e+01 6.139721347228881410e-01
2.000000000000000000e+01 5.921002332865765716e-01
2.041666666666666785e+01 5.682726617829970683e-01
2.083333333333333215e+01 5.412155730936173414e-01
2.125000000000000000e+01 5.116136644344644324e-01
2.166666666666666785e+01 4.809294180018449105e-01
2.208333333333333215e+01 4.501001598247014179e-01
2.250000000000000000e+01 4.209356499741367386e-01
2.291666666666666785e+01 3.953947829432918892e-01
2.333333333333333215e+01 3.728695740563042760e-01
2.375000000000000000e+01 3.474850972554430206e-01
2.416666666666666785e+01 3.043736981624097782e-01
2.458333333333333215e+01 2.450808068763323244e-01
2.500000000000000000e+01 3.484618476706505819e-01
2.541666666666666785e+01 4.245099865417623075e-01
2.583333333333333215e+01 4.144617979987365031e-01
2.625000000000000000e+01 3.772945231396001575e-01
2.666666666666666785e+01 3.385409702510179253e-01
2.708333333333333215e+01 3.006880517587375845e-01
2.750000000000000000e+01 2.465479578324740184e-01
2.791666666666666785e+01 1.955808443054901646e-01
2.833333333333333215e+01 9.598632687914904205e-02
2.875000000000000000e+01 9.222133098650564520e-02
2.916666666666666785e+01 8.845243790100421055e-02
2.958333333333333215e+01 8.465075050166948056e-02
3.000000000000000000e+01 8.084681443404240220e-02
3.041666666666666785e+01 7.705698868499522014e-02
3.083333333333333215e+01 7.330298592258521762e-02
3.125000000000000000e+01 6.954242478614824918e-02
3.166666666666666785e+01 6.578211306687054005e-02
3.208333333333333570e+01 6.203208816158434225e-02
3.250000000000000000e+01 5.827921030807148295e-02
3.291666666666666430e+01 5.452210388100942051e-02
3.333333333333333570e+01 5.078672757084490286e-02
3.375000000000000000e+01 4.706898491708255694e-02
3.416666666666666430e+01 4.338353851934950711e-02
3.458333333333333570e+01 3.970542414205202597e-02
3.500000000000000000e+01 3.603003920837999363e-02
3.541666666666666430e+01 3.236763475056192441e-02
3.583333333333333570e+01 2.869986484537001559e-02
3.625000000000000000e+01 2.504405283753574629e-02
3.666666666666666430e+01 2.139697110624416698e-02
3.708333333333333570e+01 1.776992712690472764e-02
3.750000000000000000e+01 1.416960702736658195e-02
3.791666666666666430e+01 1.061038009701997797e-02
3.833333333333333570e+01 7.093976920265143704e-03
3.875000000000000000e+01 3.578525948950583846e-03
3.916666666666666430e+01 7.063719709421434345e-05
3.958333333333333570e+01 -3.438610900288963101e-03
4.000000000000000000e+01 3.361132193324678497e-05
