0.000000000000000000e+00 1.017193199611741816e+00
4.166666666666666852e-01 1.037501387397200103e+00
8.333333333333333703e-01 1.059250553767421277e+00
1.250000000000000000e+00 1.069760804727005965e+00
1.666666666666666741e+00 1.072111156763515538e+00
2.083333333333333481e+00 1.071349066239991821e+00
2.500000000000000000e+00 1.072379686995783121e+00
2.916666666666666519e+00 1.076108605802869711e+00
3.333333333333333481e+00 1.081806077543927325e+00
3.750000000000000000e+00 1.088593530457892422e+00
4.166666666666666963e+00 1.095626121322323954e+00
4.583333333333333037e+00 1.102436051129476180e+00
5.000000000000000000e+00 1.108539400395607277e+00
5.416666666666666963e+00 1.113701243405434971e+00
5.833333333333333037e+00 1.118208776205042998e+00
6.250000000000000000e+00 1.121320379301457670e+00
6.666666666666666963e+00 1.123404503793924647e+00
7.083333333333333037e+00 1.122708824818285045e+00
7.500000000000000000e+00 1.123123933446476652e+00
7.916666666666666963e+00 1.128755885424298055e+00
8.333333333333333925e+00 1.134495914132646499e+00
8.750000000000000000e+00 1.137478062136958012e+00
9.166666666666666075e+00 1.140664275314387188e+00
9.583333333333333925e+00 1.144838406116955865e+00
1.000000000000000000e+01 1.149181286213996733e+00
1.041666666666666607e+01 1.152287555270063768e+00
1.083333333333333393e+01 1.153495590245401603e+00
1.125000000000000000e+01 1.152997964716838242e+00
1.166666666666666607e+01 1.151004855482765210e+00
1.208333333333333393e+01 1.147611986192171196e+00
1.250000000000000000e+01 1.142968581243499759e+00
1.291666666666666607e+01 1.137124318038549964e+00
1.333333333333333393e+01 1.130184733980126977e+00
1.375000000000000000e+01 1.122607401702589547e+00
1.416666666666666607e+01 1.114838834773879128e+00
1.458333333333333393e+01 1.107282014859686692e+00
1.500000000000000000e+01 1.101587985923916602e+00
1.541666666666666607e+01 1.097198050342194531e+00
1.583333333333333393e+01 1.065304739888021324e+00
1.625000000000000000e+01 1.032393919810452587e+00
1.666666666666666785e+01 1.012074491870580406e+00
1.708333333333333215e+01 9.958922833396499641e-01
1.750000000000000000e+01 9.804225365159906502e-01
1.791666666666666785e+01 9.651272984606620309e-01
1.833333333333333215e+01 9.495047429990386423e-01
1.875000000000000000e+01 9.329147087588256504e-01
1.916666666666666785e+01 9.152790149847631618e-01
1.958333333333333215e+01 8.966269079178539325e-01
2.000000000000000000e+01 8.770804958823035236e-01
2.041666666666666785e+01 8.566562010767789781e-01
2.083333333333333215e+01 8.350923832841246064e-01
2.125000000000000000e+01 8.121744664819423587e-01
2.166666666666666785e+01 7.882813644996544689e-01
2.208333333333333215e+01 7.636763837879863015e-01
2.250000000000000000e+01 7.379337461377302176e-01
2.291666666666666785e+01 7.105856799486326425e-01
2.333333333333333215e+01 6.823530032931142131e-01
2.375000000000000000e+01 6.557576205599056074e-01
2.416666666666666785e+01 6.353925575234701251e-01
2.458333333333333215e+01 6.205450743869156405e-01
2.500000000000000000e+01 5.658267048743340633e-01
2.541666666666666785e+01 5.170764884586067645e-01
2.583333333333333215e+01 4.905238702297866071e-01
2.625000000000000000e+01 4.691323372549436321e-01
2.666666666666666785e+01 4.470415109733121284e-01
2.708333333333333215e+01 4.226137612364559426e-01
2.750000000000000000e+01 3.954834339696849943e-01
2.791666666666666785e+01 3.659888086364746496e-01
2.833333333333333215e+01 3.348604080231358249e-01
2.875000000000000000e+01 3.058500652467710523e-01
2.916666666666666785e+01 2.868381869358166414e-01
2.958333333333333215e+01 2.766011337872448239e-01
3.000000000000000000e+01 2.205842235636796822e-01
3.041666666666666785e+01 1.765502054803894660e-01
3.083333333333333215e+01 1.509950849473787882e-01
3.125000000000000000e+01 1.303125846181177883e-01
3.166666666666666785e+01 3.391327283921841129e-02
3.208333333333333570e+01 3.204303501722305381e-02
3.250000000000000000e+01 3.015732475586629935e-02
3.291666666666666430e+01 2.826804878487509942e-02
3.333333333333333570e+01 2.636433681919436722e-02
3.375000000000000000e+01 2.445517469858249360e-02
3.416666666666666430e+01 2.252759455515385145e-02
3.458333333333333570e+01 2.059368304845488051e-02
3.500000000000000000e+01 1.864871353426655887e-02
3.541666666666666430e+01 1.667831706788858170e-02
3.583333333333333570e+01 1.469271922034698363e-02
3.625000000000000000e+01 1.267727776868166067e-02
3.666666666666666430e+01 1.063650700504370494e-02
3.708333333333333570e+01 8.565071854010675168e-03
3.750000000000000000e+01 6.462328395605898557e-03
3.791666666666666430e+01 4.319161263705018072e-03
3.833333333333333570e+01 2.128879329489796746e-03
3.875000000000000000e+01 -8.620223337318932977e-05
3.916666666666666430e+01 -2.339324464139092008e-03
3.958333333333333570e+01 -4.625387395689739556e-03
4.000000000000000000e+01 -1.153165173467529669e-03
