0.000000000000000000e+00 6.700690198977907741e-01
4.166666666666666852e-01 6.565319602715236069e-01
8.333333333333333703e-01 6.403704790355730925e-01
1.250000000000000000e+00 6.471777521250545728e-01
1.666666666666666741e+00 6.672550917579185281e-01
2.083333333333333481e+00 6.879466628196352351e-01
2.500000000000000000e+00 7.028032642913235595e-01
2.916666666666666519e+00 7.154926156652141600e-01
3.333333333333333481e+00 7.283369605965117621e-01
3.750000000000000000e+00 7.405241517638090354e-01
4.166666666666666963e+00 7.518825778899163037e-01
4.583333333333333037e+00 7.628582173321116766e-01
5.000000000000000000e+00 7.721745239736735877e-01
5.416666666666666963e+00 7.795515760587041765e-01
5.833333333333333037e+00 7.872371609162227557e-01
6.250000000000000000e+00 7.961436830643161544e-01
6.666666666666666963e+00 4.650790878788788607e-01
7.083333333333333037e+00 5.601874391841920042e-01
7.500000000000000000e+00 5.742434752434741885e-01
7.916666666666666963e+00 5.915354486633327413e-01
8.333333333333333925e+00 6.080325764307016323e-01
8.750000000000000000e+00 6.159331785455512964e-01
9.166666666666666075e+00 6.220966228408746357e-01
9.583333333333333925e+00 6.265316533390032916e-01
1.000000000000000000e+01 6.296192782443118530e-01
1.041666666666666607e+01 6.320629968464586135e-01
1.083333333333333393e+01 6.341328134265731276e-01
1.125000000000000000e+01 6.348784575595045609e-01
1.166666666666666607e+01 6.338978361347098467e-01
1.208333333333333393e+01 6.313618158265101865e-01
1.250000000000000000e+01 6.275142703829614810e-01
1.291666666666666607e+01 6.228292201871057365e-01
1.333333333333333393e+01 6.176087763931457086e-01
1.375000000000000000e+01 6.124739884270318235e-01
1.416666666666666607e+01 6.083940454517735574e-01
1.458333333333333393e+01 6.045564138128389775e-01
1.500000000000000000e+01 5.950450644433165071e-01
1.541666666666666607e+01 5.632392439162492437e-01
1.583333333333333393e+01 5.208930750003468724e-01
1.625000000000000000e+01 4.315228809241773433e-01
1.666666666666666785e+01 7.727088238885652105e-01
1.708333333333333215e+01 7.526364044823735666e-01
1.750000000000000000e+01 7.147476157492769211e-01
1.791666666666666785e+01 6.801918490233914705e-01
1.833333333333333215e+01 6.492102504339184454e-01
1.875000000000000000e+01 6.228812152347522613e-01
1.916666666666666785e+01 6.025011603800968230e-01
1.958333333333333215e+01 5.861817844692275292e-01
2.000000000000000000e+01 5.715504806003207650e-01
2.041666666666666785e+01 5.547045997364923320e-01
2.083333333333333215e+01 5.338118476621186437e-01
2.125000000000000000e+01 5.085540564551505049e-01
2.166666666666666785e+01 4.781709890661287599e-01
2.208333333333333215e+01 4.419871814831968226e-01
2.250000000000000000e+01 4.026693470702387145e-01
2.291666666666666785e+01 3.674001993881460537e-01
2.333333333333333215e+01 3.389588005905044832e-01
2.375000000000000000e+01 3.165332644717104293e-01
2.416666666666666785e+01 2.920007180061092167e-01
2.458333333333333215e+01 2.513893214284538269e-01
2.500000000000000000e+01 2.376285077178783012e-01
2.541666666666666785e+01 4.976273665057740492e-01
2.583333333333333215e+01 4.576788245052141324e-01
2.625000000000000000e+01 4.113535582276331426e-01
2.666666666666666785e+01 3.668853701440300541e-01
2.708333333333333215e+01 3.182786543267927537e-01
2.750000000000000000e+01 2.602852374589852968e-01
2.791666666666666785e+01 2.058209074309766407e-01
2.833333333333333215e+01 1.737497167204841153e-01
2.875000000000000000e+01 1.661017203452611057e-01
2.916666666666666785e+01 1.438924230468762167e-01
2.958333333333333215e+01 1.190731334508997596e-01
3.000000000000000000e+01 1.147511695055893899e-01
3.041666666666666785e+01 3.273695942218095567e-01
3.083333333333333215e+01 2.521613685734143129e-01
3.125000000000000000e+01 1.725307767253493330e-01
3.166666666666666785e+01 6.623543397945064193e-02
3.208333333333333570e+01 6.200604704625556352e-02
3.250000000000000000e+01 5.780908297270193064e-02
3.291666666666666430e+01 5.364551589699440015e-02
3.333333333333333570e+01 4.954168136023551217e-02
3.375000000000000000e+01 4.549502188253207180e-02
3.416666666666666430e+01 4.152234944025601227e-02
3.458333333333333570e+01 3.760559564624899043e-02
3.500000000000000000e+01 3.374547815378647897e-02
3.541666666666666430e+01 2.995507317490420096e-02
3.583333333333333570e+01 2.621929035636594296e-02
3.625000000000000000e+01 2.255424259991933855e-02
3.666666666666666430e+01 1.895540477744017682e-02
3.708333333333333570e+01 1.543119442309315303e-02
3.750000000000000000e+01 1.198592114307694967e-02
3.791666666666666430e+01 8.632944936861730589e-03
3.833333333333333570e+01 5.377714453187021348e-03
3.875000000000000000e+01 2.187609116534150466e-03
3.916666666666666430e+01 -9.263785905763155526e-04
3.958333333333333570e+01 -3.971170877654750520e-03
4.000000000000000000e+01 -4.989486554325406331e-04
