0.000000000000000000e+00 1.090304723928400943e+00
4.166666666666666852e-01 1.099758419355365335e+00
8.333333333333333703e-01 1.099117994307013513e+00
1.250000000000000000e+00 1.097939949030189322e+00
1.666666666666666741e+00 1.088324701515488879e+00
2.083333333333333481e+00 1.080860158394091552e+00
2.500000000000000000e+00 1.080529795894574097e+00
2.916666666666666519e+00 1.083449591857066796e+00
3.333333333333333481e+00 1.087343478577915024e+00
3.750000000000000000e+00 1.092086371806257006e+00
4.166666666666666963e+00 1.096881743723826297e+00
4.583333333333333037e+00 1.101821872650240675e+00
5.000000000000000000e+00 1.108893922373297203e+00
5.416666666666666963e+00 1.117536965430066864e+00
5.833333333333333037e+00 1.124915662476344336e+00
6.250000000000000000e+00 1.131099036779154243e+00
6.666666666666666963e+00 1.142341558081387154e+00
7.083333333333333037e+00 1.157923219774194656e+00
7.500000000000000000e+00 1.161648359755195203e+00
7.916666666666666963e+00 1.122433903522782384e+00
8.333333333333333925e+00 1.081796422451998474e+00
8.750000000000000000e+00 1.098728869976590694e+00
9.166666666666666075e+00 1.115516236639384262e+00
9.583333333333333925e+00 1.111084567978018134e+00
1.000000000000000000e+01 1.103491077047292546e+00
1.041666666666666607e+01 1.095977496280427621e+00
1.083333333333333393e+01 1.089462759671191217e+00
1.125000000000000000e+01 1.083968158279542404e+00
1.166666666666666607e+01 1.080611155318941474e+00
1.208333333333333393e+01 1.081334061996031881e+00
1.250000000000000000e+01 1.087365004095914411e+00
1.291666666666666607e+01 1.094433543310029844e+00
1.333333333333333393e+01 1.079112069712263144e+00
1.375000000000000000e+01 1.054863987572661976e+00
1.416666666666666607e+01 9.235780430440663213e-01
1.458333333333333393e+01 1.289123686549924930e+00
1.500000000000000000e+01 1.261460223242212741e+00
1.541666666666666607e+01 1.208680392926992031e+00
1.583333333333333393e+01 1.164637689073363180e+00
1.625000000000000000e+01 1.133149624222033580e+00
1.666666666666666785e+01 1.110334257929219248e+00
1.708333333333333215e+01 1.092322364808547386e+00
1.750000000000000000e+01 1.077043674470766543e+00
1.791666666666666785e+01 1.062723569278483549e+00
1.833333333333333215e+01 1.047932461477860899e+00
1.875000000000000000e+01 1.031748299498023158e+00
1.916666666666666785e+01 1.014736310001080000e+00
1.958333333333333215e+01 9.988221846252158809e-01
2.000000000000000000e+01 9.843636517533076447e-01
2.041666666666666785e+01 9.686306605227397171e-01
2.083333333333333215e+01 9.492818688123627613e-01
2.125000000000000000e+01 9.264724725273305594e-01
2.166666666666666785e+01 9.027835758581499448e-01
2.208333333333333215e+01 8.812615433489980887e-01
2.250000000000000000e+01 8.643067026947999221e-01
2.291666666666666785e+01 8.511573533254500612e-01
2.333333333333333215e+01 8.342437352860920807e-01
2.375000000000000000e+01 7.925065784392797408e-01
2.416666666666666785e+01 7.504650676399071685e-01
2.458333333333333215e+01 6.208223145038062052e-01
2.500000000000000000e+01 9.242183450637837527e-01
2.541666666666666785e+01 8.795350120285880813e-01
2.583333333333333215e+01 8.182657338514167655e-01
2.625000000000000000e+01 7.632189486686271618e-01
2.666666666666666785e+01 7.156697705559260658e-01
2.708333333333333215e+01 6.752733115674618425e-01
2.750000000000000000e+01 6.379888654147148896e-01
2.791666666666666785e+01 6.003453572564436680e-01
2.833333333333333215e+01 5.630406952378874674e-01
2.875000000000000000e+01 5.320748355038158461e-01
2.916666666666666785e+01 5.224429596163799872e-01
2.958333333333333215e+01 5.319090826980861220e-01
3.000000000000000000e+01 4.195292702291942843e-01
3.041666666666666785e+01 3.299304079870539752e-01
3.083333333333333215e+01 3.099539316519857035e-01
3.125000000000000000e+01 3.029514433682636287e-01
3.166666666666666785e+01 2.829917019940438871e-01
3.208333333333333570e+01 2.476035462714868407e-01
3.250000000000000000e+01 2.096510511229721097e-01
3.291666666666666430e+01 1.660069186071208014e-01
3.333333333333333570e+01 1.357786282652975185e-01
3.375000000000000000e+01 4.595722579929129026e-02
3.416666666666666430e+01 4.245811265678556268e-02
3.458333333333333570e+01 3.894757846235885612e-02
3.500000000000000000e+01 3.542564288553617935e-02
3.541666666666666430e+01 3.189884376795903975e-02
3.583333333333333570e+01 2.834611430478251037e-02
3.625000000000000000e+01 2.478657230669834011e-02
3.666666666666666430e+01 2.121978227726384336e-02
3.708333333333333570e+01 1.766119758878892387e-02
3.750000000000000000e+01 1.412077923833654491e-02
3.791666666666666430e+01 1.061411101220566255e-02
3.833333333333333570e+01 7.139555461817548299e-03
3.875000000000000000e+01 3.647301200983221747e-03
3.916666666666666430e+01 1.398051103129738237e-04
3.958333333333333570e+01 -3.393292041124706948e-03
4.000000000000000000e+01 7.893018109739191601e-05
