0.000000000000000000e+00 1.212058810814580223e+00
4.166666666666666852e-01 1.228740607853528344e+00
8.333333333333333703e-01 1.245845613454599432e+00
1.250000000000000000e+00 1.257477183999631265e+00
1.666666666666666741e+00 1.266153670881635218e+00
2.083333333333333481e+00 1.274750182781386965e+00
2.500000000000000000e+00 1.284376704834674143e+00
2.916666666666666519e+00 1.294241445165154936e+00
3.333333333333333481e+00 1.303804642391386270e+00
3.750000000000000000e+00 1.313080083246032981e+00
4.166666666666666963e+00 1.322114140443374719e+00
4.583333333333333037e+00 1.331063549994678574e+00
5.000000000000000000e+00 1.340100666842568788e+00
5.416666666666666963e+00 1.348902010090400783e+00
5.833333333333333037e+00 1.356972085798658911e+00
6.250000000000000000e+00 1.364813524901741904e+00
6.666666666666666963e+00 1.371612042702896161e+00
7.083333333333333037e+00 1.368538643386596920e+00
7.500000000000000000e+00 1.362570071336897337e+00
7.916666666666666963e+00 1.369820267600339037e+00
8.333333333333333925e+00 1.376435407370395492e+00
8.750000000000000000e+00 1.377601391152220689e+00
9.166666666666666075e+00 1.377638876375278487e+00
9.583333333333333925e+00 1.377189268797121668e+00
1.000000000000000000e+01 1.376156290216881128e+00
1.041666666666666607e+01 1.374447714260381703e+00
1.083333333333333393e+01 1.372060955418602068e+00
1.125000000000000000e+01 1.368855534851618039e+00
1.166666666666666607e+01 1.364697498113886631e+00
1.208333333333333393e+01 1.359355642590778679e+00
1.250000000000000000e+01 1.352612206727808575e+00
1.291666666666666607e+01 1.344256498497311103e+00
1.333333333333333393e+01 1.333973094270536563e+00
1.375000000000000000e+01 1.322054567928123703e+00
1.416666666666666607e+01 1.310519588368874722e+00
1.458333333333333393e+01 1.303877842469481907e+00
1.500000000000000000e+01 1.302898132980976564e+00
1.541666666666666607e+01 1.269162385227171619e+00
1.583333333333333393e+01 1.236162813109229264e+00
1.625000000000000000e+01 1.220096246817913954e+00
1.666666666666666785e+01 1.208656523038755148e+00
1.708333333333333215e+01 1.196134478186205996e+00
1.750000000000000000e+01 1.181065289176310262e+00
1.791666666666666785e+01 1.163599010733433303e+00
1.833333333333333215e+01 1.144145621015355108e+00
1.875000000000000000e+01 1.123152380611140977e+00
1.916666666666666785e+01 1.100934599545090098e+00
1.958333333333333215e+01 1.077154613144008177e+00
2.000000000000000000e+01 1.051416770866319128e+00
2.041666666666666785e+01 1.024150256222672084e+00
2.083333333333333215e+01 9.959692543101212880e-01
2.125000000000000000e+01 9.666077644270333336e-01
2.166666666666666785e+01 9.355766753983737472e-01
2.208333333333333215e+01 9.034339309252541472e-01
2.250000000000000000e+01 8.709561820206739302e-01
2.291666666666666785e+01 8.379165702390095616e-01
2.333333333333333215e+01 8.048700734501723630e-01
2.375000000000000000e+01 7.753233141233328851e-01
2.416666666666666785e+01 7.552054496398729055e-01
2.458333333333333215e+01 7.415503460647755452e-01
2.500000000000000000e+01 6.810685128761289064e-01
2.541666666666666785e+01 6.233433333624287531e-01
2.583333333333333215e+01 5.907889115016664583e-01
2.625000000000000000e+01 5.634564755051195695e-01
2.666666666666666785e+01 5.328542257568176232e-01
2.708333333333333215e+01 5.071351164534190215e-01
2.750000000000000000e+01 4.803489079101507797e-01
2.791666666666666785e+01 4.439380023380550822e-01
2.833333333333333215e+01 4.060906063491384610e-01
2.875000000000000000e+01 3.667455326283667327e-01
2.916666666666666785e+01 3.449501243589465638e-01
2.958333333333333215e+01 3.521400164537226152e-01
3.000000000000000000e+01 8.179243769011812493e-02
3.041666666666666785e+01 7.767224038302766864e-02
3.083333333333333215e+01 7.363276567331622502e-02
3.125000000000000000e+01 6.966169866796600996e-02
3.166666666666666785e+01 6.573392284823476039e-02
3.208333333333333570e+01 6.186059168659197027e-02
3.250000000000000000e+01 5.802344198070019665e-02
3.291666666666666430e+01 5.420900362117631044e-02
3.333333333333333570e+01 5.042720080912910241e-02
3.375000000000000000e+01 4.666633360568750444e-02
3.416666666666666430e+01 4.293638077956352106e-02
3.458333333333333570e+01 3.922027078153023094e-02
3.500000000000000000e+01 3.551858551486497539e-02
3.541666666666666430e+01 3.184257284402680632e-02
3.583333333333333570e+01 2.817844867470575831e-02
3.625000000000000000e+01 2.453933746419700856e-02
3.666666666666666430e+01 2.091940853795459798e-02
3.708333333333333570e+01 1.732404681895671761e-02
3.750000000000000000e+01 1.375471344715695210e-02
3.791666666666666430e+01 1.022211660041549841e-02
3.833333333333333570e+01 6.733766458861811799e-03
3.875000000000000000e+01 3.266185924275855079e-03
3.916666666666666430e+01 -1.668579719233953540e-04
3.958333333333333570e+01 -3.570484287097386300e-03
4.000000000000000000e+01 -9.826206487517641364e-05
