0.000000000000000000e+00 1.351933724039032558e+00
4.166666666666666852e-01 1.381737610153458640e+00
8.333333333333333703e-01 1.414507880323733202e+00
1.250000000000000000e+00 1.429879048716357737e+00
1.666666666666666741e+00 1.434462896731414361e+00
2.083333333333333481e+00 1.437651222177448895e+00
2.500000000000000000e+00 1.444814108056470481e+00
2.916666666666666519e+00 1.453386055639259933e+00
3.333333333333333481e+00 1.461666861037071330e+00
3.750000000000000000e+00 1.470078942340578010e+00
4.166666666666666963e+00 1.478493886360300547e+00
4.583333333333333037e+00 1.486830500333903071e+00
5.000000000000000000e+00 1.496184908962732818e+00
5.416666666666666963e+00 1.505919888206454171e+00
5.833333333333333037e+00 1.513107052358731330e+00
6.250000000000000000e+00 1.516648268184900950e+00
6.666666666666666963e+00 1.519427279889527860e+00
7.083333333333333037e+00 1.517137681022783458e+00
7.500000000000000000e+00 1.484763493919328159e+00
7.916666666666666963e+00 1.448566994834456390e+00
8.333333333333333925e+00 1.459392345481452136e+00
8.750000000000000000e+00 1.471179821378103325e+00
9.166666666666666075e+00 1.469109855303170509e+00
9.583333333333333925e+00 1.466192995498662555e+00
1.000000000000000000e+01 1.465023595144979263e+00
1.041666666666666607e+01 1.465280195316814194e+00
1.083333333333333393e+01 1.465763939138998051e+00
1.125000000000000000e+01 1.465458930160513873e+00
1.166666666666666607e+01 1.463699573322590153e+00
1.208333333333333393e+01 1.460088520972871340e+00
1.250000000000000000e+01 1.454366371028018579e+00
1.291666666666666607e+01 1.446099045585926390e+00
1.333333333333333393e+01 1.434935860539478636e+00
1.375000000000000000e+01 1.421672651240587726e+00
1.416666666666666607e+01 1.409486644326212623e+00
1.458333333333333393e+01 1.408292438580005079e+00
1.500000000000000000e+01 1.422128609070016036e+00
1.541666666666666607e+01 1.365440529651618773e+00
1.583333333333333393e+01 1.311580107462813727e+00
1.625000000000000000e+01 1.295860225437395208e+00
1.666666666666666785e+01 1.289324444922681945e+00
1.708333333333333215e+01 1.281019799291826411e+00
1.750000000000000000e+01 1.268112619154138532e+00
1.791666666666666785e+01 1.250733670602770076e+00
1.833333333333333215e+01 1.230862393806126942e+00
1.875000000000000000e+01 1.210523451189637445e+00
1.916666666666666785e+01 1.189790288354627856e+00
1.958333333333333215e+01 1.168118370270093020e+00
2.000000000000000000e+01 1.145537231933622113e+00
2.041666666666666785e+01 1.122060466058354189e+00
2.083333333333333215e+01 1.097759253427838644e+00
2.125000000000000000e+01 1.072199477641388787e+00
2.166666666666666785e+01 1.044675671306890541e+00
2.208333333333333215e+01 1.014971896416009045e+00
2.250000000000000000e+01 9.836944130167047939e-01
2.291666666666666785e+01 9.513190578390989804e-01
2.333333333333333215e+01 9.184315546030081823e-01
2.375000000000000000e+01 8.880986643423696147e-01
2.416666666666666785e+01 8.720551156404181548e-01
2.458333333333333215e+01 8.713882685377746240e-01
2.500000000000000000e+01 7.680071998429782720e-01
2.541666666666666785e+01 6.814550921860118571e-01
2.583333333333333215e+01 6.530757240750748593e-01
2.625000000000000000e+01 6.360028582768827432e-01
2.666666666666666785e+01 6.147640388826642877e-01
2.708333333333333215e+01 5.876942235371247492e-01
2.750000000000000000e+01 5.558574830338784967e-01
2.791666666666666785e+01 5.213258849924863325e-01
2.833333333333333215e+01 4.868913170134651636e-01
2.875000000000000000e+01 4.590528213566824056e-01
2.916666666666666785e+01 4.506676280910451027e-01
2.958333333333333215e+01 4.588837488785336705e-01
3.000000000000000000e+01 3.566091774800771441e-01
3.041666666666666785e+01 2.688306623942369189e-01
3.083333333333333215e+01 2.292742525107666074e-01
3.125000000000000000e+01 1.900632623514026953e-01
3.166666666666666785e+01 1.636677155269595785e-01
3.208333333333333570e+01 5.977510449800627068e-02
3.250000000000000000e+01 5.629351748984767756e-02
3.291666666666666430e+01 5.281499522418697801e-02
3.333333333333333570e+01 4.931702089531597721e-02
3.375000000000000000e+01 4.580614025096962916e-02
3.416666666666666430e+01 4.226985562928298190e-02
3.458333333333333570e+01 3.873252811522531758e-02
3.500000000000000000e+01 3.519913078062897327e-02
3.541666666666666430e+01 3.166128071460827531e-02
3.583333333333333570e+01 2.813889264850244487e-02
3.625000000000000000e+01 2.461871343761046216e-02
3.666666666666666430e+01 2.110782242004383136e-02
3.708333333333333570e+01 1.759930074293691860e-02
3.750000000000000000e+01 1.409002908921230812e-02
3.791666666666666430e+01 1.056780485287256433e-02
3.833333333333333570e+01 7.029686113641853140e-03
3.875000000000000000e+01 3.512627673866508538e-03
3.916666666666666430e+01 7.783919364290348142e-06
3.958333333333333570e+01 -3.476779511734306993e-03
4.000000000000000000e+01 -4.557289512097106865e-06
