0.000000000000000000e+00 7.412935959836564059e-01
4.166666666666666852e-01 7.496820092285513271e-01
8.333333333333333703e-01 7.576871975634021927e-01
1.250000000000000000e+00 7.681091270970702434e-01
1.666666666666666741e+00 7.799712083615295555e-01
2.083333333333333481e+00 7.917862059161260291e-01
2.500000000000000000e+00 8.026552231231894874e-01
2.916666666666666519e+00 8.129448003470866047e-01
3.333333333333333481e+00 8.229199931109751898e-01
3.750000000000000000e+00 8.324621708299431155e-01
4.166666666666666963e+00 8.414327094206239810e-01
4.583333333333333037e+00 8.498053025215553946e-01
5.000000000000000000e+00 8.574582556191604477e-01
5.416666666666666963e+00 8.648120334029637535e-01
5.833333333333333037e+00 8.738404702798743262e-01
6.250000000000000000e+00 8.879781218552161848e-01
6.666666666666666963e+00 9.113800569833179210e-01
7.083333333333333037e+00 9.349946229673899989e-01
7.500000000000000000e+00 9.408923262618600347e-01
7.916666666666666963e+00 9.433512723323649318e-01
8.333333333333333925e+00 9.458353106057377779e-01
8.750000000000000000e+00 9.476474509193233420e-01
9.166666666666666075e+00 9.495354466794611037e-01
9.583333333333333925e+00 9.516074601676713929e-01
1.000000000000000000e+01 9.534783099941220863e-01
1.041666666666666607e+01 9.547008197527113715e-01
1.083333333333333393e+01 9.549611187505123722e-01
1.125000000000000000e+01 9.540993898825071984e-01
1.166666666666666607e+01 9.521276852385891498e-01
1.208333333333333393e+01 9.490498402366998043e-01
1.250000000000000000e+01 9.449126532005758250e-01
1.291666666666666607e+01 9.397761902815523483e-01
1.333333333333333393e+01 9.337030724272098459e-01
1.375000000000000000e+01 9.267885077170818775e-01
1.416666666666666607e+01 9.189999984972984093e-01
1.458333333333333393e+01 9.101021551678146748e-01
1.500000000000000000e+01 8.994143931529285929e-01
1.541666666666666607e+01 8.850920441294808372e-01
1.583333333333333393e+01 8.670763134245046411e-01
1.625000000000000000e+01 8.645770480862643437e-01
1.666666666666666785e+01 8.612993248261270329e-01
1.708333333333333215e+01 8.493875137779307583e-01
1.750000000000000000e+01 8.343782886644737218e-01
1.791666666666666785e+01 8.181677739780671699e-01
1.833333333333333215e+01 8.009330330092526706e-01
1.875000000000000000e+01 7.825462639006470766e-01
1.916666666666666785e+01 7.628708000626184260e-01
1.958333333333333215e+01 7.418739602546592371e-01
2.000000000000000000e+01 7.197898739629210452e-01
2.041666666666666785e+01 6.969858898133149960e-01
2.083333333333333215e+01 6.736226861131109356e-01
2.125000000000000000e+01 6.496218174780016286e-01
2.166666666666666785e+01 6.248200815699085364e-01
2.208333333333333215e+01 5.991766933534925510e-01
2.250000000000000000e+01 5.725494065022280754e-01
2.291666666666666785e+01 5.448356718161986301e-01
2.333333333333333215e+01 5.162553277009405139e-01
2.375000000000000000e+01 4.862860111284766917e-01
2.416666666666666785e+01 4.536369976977184804e-01
2.458333333333333215e+01 4.205105129206125336e-01
2.500000000000000000e+01 4.175194789909995041e-01
2.541666666666666785e+01 4.105243261889829909e-01
2.583333333333333215e+01 3.822067927364882212e-01
2.625000000000000000e+01 3.492524714928093021e-01
2.666666666666666785e+01 3.245891877421690497e-01
2.708333333333333215e+01 3.099841389978089112e-01
2.750000000000000000e+01 3.014283063658926842e-01
2.791666666666666785e+01 2.865616951119293598e-01
2.833333333333333215e+01 2.619345339472823331e-01
2.875000000000000000e+01 2.221650180364185823e-01
2.916666666666666785e+01 1.813372590858413069e-01
2.958333333333333215e+01 9.819492343109814669e-02
3.000000000000000000e+01 3.413523979081325432e-01
3.041666666666666785e+01 2.970473715697428130e-01
3.083333333333333215e+01 5.895184044583634542e-02
3.125000000000000000e+01 5.595811962559682495e-02
3.166666666666666785e+01 5.297683977998313143e-02
3.208333333333333570e+01 5.001736030859116333e-02
3.250000000000000000e+01 4.706172199058600292e-02
3.291666666666666430e+01 4.409772532749578478e-02
3.333333333333333570e+01 4.113563218888927064e-02
3.375000000000000000e+01 3.816577300890200419e-02
3.416666666666666430e+01 3.519941610025167922e-02
3.458333333333333570e+01 3.222253245799133747e-02
3.500000000000000000e+01 2.923680735073219683e-02
3.541666666666666430e+01 2.625283754049445584e-02
3.583333333333333570e+01 2.325695676099459597e-02
3.625000000000000000e+01 2.026006010890935016e-02
3.666666666666666430e+01 1.725461662328053869e-02
3.708333333333333570e+01 1.424331840847536945e-02
3.750000000000000000e+01 1.122477440164260098e-02
3.791666666666666430e+01 8.206526421163151674e-03
3.833333333333333570e+01 5.194576444603971055e-03
3.875000000000000000e+01 2.167081689659289268e-03
3.916666666666666430e+01 -8.627996145333938216e-04
3.958333333333333570e+01 -3.900052444200108326e-03
4.000000000000000000e+01 -4.278302219778984394e-04
