0.000000000000000000e+00 1.084388758434192912e+00
4.166666666666666852e-01 1.102947309721594493e+00
8.333333333333333703e-01 1.122528670344598023e+00
1.250000000000000000e+00 1.134544490784790582e+00
1.666666666666666741e+00 1.142101780866638716e+00
2.083333333333333481e+00 1.149022972317185642e+00
2.500000000000000000e+00 1.157589948961146531e+00
2.916666666666666519e+00 1.166887408938722004e+00
3.333333333333333481e+00 1.175991029470931037e+00
3.750000000000000000e+00 1.184956766721137367e+00
4.166666666666666963e+00 1.193859684420302880e+00
4.583333333333333037e+00 1.202515308744357858e+00
5.000000000000000000e+00 1.211008079580564445e+00
5.416666666666666963e+00 1.218999182793200298e+00
5.833333333333333037e+00 1.224744698328622317e+00
6.250000000000000000e+00 1.225924497870336971e+00
6.666666666666666963e+00 1.220602337622890499e+00
7.083333333333333037e+00 1.203160986273895006e+00
7.500000000000000000e+00 1.184367065911734906e+00
7.916666666666666963e+00 1.188636483832497426e+00
8.333333333333333925e+00 1.195528619042820928e+00
8.750000000000000000e+00 1.200701426989994935e+00
9.166666666666666075e+00 1.206625383970873600e+00
9.583333333333333925e+00 1.212106562122808873e+00
1.000000000000000000e+01 1.216030884839280679e+00
1.041666666666666607e+01 1.217861071254572769e+00
1.083333333333333393e+01 1.217854531878050039e+00
1.125000000000000000e+01 1.216475086327350130e+00
1.166666666666666607e+01 1.213963515652198177e+00
1.208333333333333393e+01 1.210319268280494409e+00
1.250000000000000000e+01 1.205468533593279545e+00
1.291666666666666607e+01 1.199255897549065919e+00
1.333333333333333393e+01 1.191605099642627286e+00
1.375000000000000000e+01 1.182574670484917378e+00
1.416666666666666607e+01 1.172899654394688129e+00
1.458333333333333393e+01 1.165786429238139910e+00
1.500000000000000000e+01 1.162490086734631278e+00
1.541666666666666607e+01 1.138596304520621327e+00
1.583333333333333393e+01 1.113170052200190385e+00
1.625000000000000000e+01 1.096398269154680083e+00
1.666666666666666785e+01 1.080714793219191172e+00
1.708333333333333215e+01 1.063880246329724777e+00
1.750000000000000000e+01 1.047038068457496696e+00
1.791666666666666785e+01 1.030923729424269686e+00
1.833333333333333215e+01 1.015875444029541441e+00
1.875000000000000000e+01 1.000688774019460769e+00
1.916666666666666785e+01 9.841332539917342359e-01
1.958333333333333215e+01 9.654357031921190213e-01
2.000000000000000000e+01 9.446363127430758011e-01
2.041666666666666785e+01 9.221501717309305013e-01
2.083333333333333215e+01 8.982931199985856319e-01
2.125000000000000000e+01 8.733821597302677819e-01
2.166666666666666785e+01 8.476507177690545403e-01
2.208333333333333215e+01 8.212190643407598634e-01
2.250000000000000000e+01 7.939086126115119102e-01
2.291666666666666785e+01 7.656477028652415306e-01
2.333333333333333215e+01 7.366522471324284949e-01
2.375000000000000000e+01 7.080683095676669758e-01
2.416666666666666785e+01 6.827802831280900264e-01
2.458333333333333215e+01 6.604357021662374816e-01
2.500000000000000000e+01 6.149599093924398296e-01
2.541666666666666785e+01 5.732147265804269365e-01
2.583333333333333215e+01 5.442807460492111726e-01
2.625000000000000000e+01 5.176261391575129878e-01
2.666666666666666785e+01 4.891597507492642105e-01
2.708333333333333215e+01 4.582478725757359594e-01
2.750000000000000000e+01 4.263521091368750460e-01
2.791666666666666785e+01 3.952797874813486212e-01
2.833333333333333215e+01 3.661908433506244620e-01
2.875000000000000000e+01 3.363334301808127424e-01
2.916666666666666785e+01 3.129399974988101851e-01
2.958333333333333215e+01 2.941205880626910352e-01
3.000000000000000000e+01 2.629690784661511405e-01
3.041666666666666785e+01 2.194969759776657092e-01
3.083333333333333215e+01 1.850161903393877649e-01
3.125000000000000000e+01 6.615971757382799190e-02
3.166666666666666785e+01 6.262729859460769433e-02
3.208333333333333570e+01 5.907459687552352179e-02
3.250000000000000000e+01 5.549623180037110970e-02
3.291666666666666430e+01 5.189182905426670267e-02
3.333333333333333570e+01 4.828542970379690047e-02
3.375000000000000000e+01 4.467477631352201328e-02
3.416666666666666430e+01 4.107801011657608026e-02
3.458333333333333570e+01 3.748163650220903698e-02
3.500000000000000000e+01 3.389023330651141919e-02
3.541666666666666430e+01 3.031957222534342744e-02
3.583333333333333570e+01 2.675797909882116077e-02
3.625000000000000000e+01 2.322260139566489912e-02
3.666666666666666430e+01 1.971012653764769862e-02
3.708333333333333570e+01 1.622910826518675353e-02
3.750000000000000000e+01 1.278389444785665852e-02
3.791666666666666430e+01 9.387992450660354038e-03
3.833333333333333570e+01 6.049099572584593076e-03
3.875000000000000000e+01 2.739813194892248838e-03
3.916666666666666430e+01 -5.265456701606385792e-04
3.958333333333333570e+01 -3.755430872351417371e-03
4.000000000000000000e+01 -2.832086501292074843e-04
