0.000000000000000000e+00 1.449500954512729534e+00
4.166666666666666852e-01 1.475174682225485867e+00
8.333333333333333703e-01 1.502924879609549791e+00
1.250000000000000000e+00 1.517030797456713875e+00
1.666666666666666741e+00 1.523258795945858557e+00
2.083333333333333481e+00 1.528826053199723534e+00
2.500000000000000000e+00 1.536967949678429424e+00
2.916666666666666519e+00 1.546153917013823875e+00
3.333333333333333481e+00 1.555570092736672905e+00
3.750000000000000000e+00 1.565122202377093874e+00
4.166666666666666963e+00 1.574336328742227398e+00
4.583333333333333037e+00 1.583374687860806151e+00
5.000000000000000000e+00 1.592878983352365552e+00
5.416666666666666963e+00 1.601965997376403106e+00
5.833333333333333037e+00 1.607895750312548389e+00
6.250000000000000000e+00 1.608303402840184582e+00
6.666666666666666963e+00 1.601689745033111567e+00
7.083333333333333037e+00 1.575605239099361343e+00
7.500000000000000000e+00 1.547781417806669779e+00
7.916666666666666963e+00 1.556219448653334503e+00
8.333333333333333925e+00 1.566741151146507693e+00
8.750000000000000000e+00 1.568784816630679924e+00
9.166666666666666075e+00 1.570648425622788835e+00
9.583333333333333925e+00 1.573343927710415313e+00
1.000000000000000000e+01 1.575834043073404800e+00
1.041666666666666607e+01 1.576899937568081222e+00
1.083333333333333393e+01 1.576142420757208118e+00
1.125000000000000000e+01 1.573895248061017771e+00
1.166666666666666607e+01 1.570238503453484036e+00
1.208333333333333393e+01 1.565107064769994061e+00
1.250000000000000000e+01 1.558268707785428475e+00
1.291666666666666607e+01 1.549308380690820997e+00
1.333333333333333393e+01 1.538176146659020471e+00
1.375000000000000000e+01 1.525165909534292874e+00
1.416666666666666607e+01 1.512567967197568919e+00
1.458333333333333393e+01 1.508512703675880751e+00
1.500000000000000000e+01 1.515814677644907071e+00
1.541666666666666607e+01 1.471553076177718244e+00
1.583333333333333393e+01 1.427930786218270409e+00
1.625000000000000000e+01 1.410352056853562130e+00
1.666666666666666785e+01 1.398342883417842852e+00
1.708333333333333215e+01 1.385045470465938067e+00
1.750000000000000000e+01 1.369526674263715549e+00
1.791666666666666785e+01 1.352530633684045691e+00
1.833333333333333215e+01 1.334441550696760403e+00
1.875000000000000000e+01 1.315333979078686211e+00
1.916666666666666785e+01 1.295278645474827517e+00
1.958333333333333215e+01 1.274333733197541063e+00
2.000000000000000000e+01 1.252499868558297980e+00
2.041666666666666785e+01 1.229391973948021466e+00
2.083333333333333215e+01 1.205254638967301561e+00
2.125000000000000000e+01 1.182661399949819891e+00
2.166666666666666785e+01 1.165696252663457777e+00
2.208333333333333215e+01 1.156207003574449388e+00
2.250000000000000000e+01 1.154037782205731055e+00
2.291666666666666785e+01 1.157517013275668472e+00
2.333333333333333215e+01 1.164066256421408596e+00
2.375000000000000000e+01 1.165309387261679985e+00
2.416666666666666785e+01 1.147770414915787685e+00
2.458333333333333215e+01 1.097907069604773245e+00
2.500000000000000000e+01 9.209065737042502198e-01
2.541666666666666785e+01 7.408225254374802837e-01
2.583333333333333215e+01 6.182514157561700419e-01
2.625000000000000000e+01 5.356619000007321052e-01
2.666666666666666785e+01 4.779654781204762948e-01
2.708333333333333215e+01 4.346034533113867782e-01
2.750000000000000000e+01 3.990025170185134695e-01
2.791666666666666785e+01 3.674618498105097775e-01
2.833333333333333215e+01 3.354030851167743577e-01
2.875000000000000000e+01 3.073810444462363178e-01
2.916666666666666785e+01 2.966540924878923180e-01
2.958333333333333215e+01 2.956336917804592845e-01
3.000000000000000000e+01 2.431317929357784680e-01
3.041666666666666785e+01 1.877663731012879644e-01
3.083333333333333215e+01 1.582963015454167399e-01
3.125000000000000000e+01 8.087228968364534865e-02
3.166666666666666785e+01 7.789046091610662970e-02
3.208333333333333570e+01 7.483358555701469239e-02
3.250000000000000000e+01 7.170462508325803341e-02
3.291666666666666430e+01 6.850058662714275659e-02
3.333333333333333570e+01 6.519324715176699758e-02
3.375000000000000000e+01 6.178055620760591893e-02
3.416666666666666430e+01 5.824001563584368935e-02
3.458333333333333570e+01 5.458125145119863131e-02
3.500000000000000000e+01 5.079606538742997834e-02
3.541666666666666430e+01 4.686545324196966789e-02
3.583333333333333570e+01 4.279860495919307617e-02
3.625000000000000000e+01 3.857631999924282518e-02
3.666666666666666430e+01 3.420059998629643161e-02
3.708333333333333570e+01 2.966210995529705574e-02
3.750000000000000000e+01 2.495627087796414845e-02
3.791666666666666430e+01 2.006979087806637363e-02
3.833333333333333570e+01 1.499574358818378528e-02
3.875000000000000000e+01 9.762847305698985068e-03
3.916666666666666430e+01 4.358828200837661093e-03
3.958333333333333570e+01 -1.209914273719747690e-03
4.000000000000000000e+01 2.262307948502462196e-03
