0.000000000000000000e+00 7.398975520392043759e-01
4.166666666666666852e-01 7.233836276233488460e-01
8.333333333333333703e-01 7.044048837335370461e-01
1.250000000000000000e+00 7.124929592700008918e-01
1.666666666666666741e+00 7.359545068037398607e-01
2.083333333333333481e+00 7.603485753029582961e-01
2.500000000000000000e+00 7.785479465894399320e-01
2.916666666666666519e+00 7.935506254894391098e-01
3.333333333333333481e+00 8.072465829413667526e-01
3.750000000000000000e+00 8.197052217479210423e-01
4.166666666666666963e+00 8.290797828623078791e-01
4.583333333333333037e+00 8.330702782603570666e-01
5.000000000000000000e+00 8.295659917959273821e-01
5.416666666666666963e+00 8.187142734744433659e-01
5.833333333333333037e+00 8.026564816357233401e-01
6.250000000000000000e+00 7.808281071843393706e-01
6.666666666666666963e+00 4.790051747705924567e-01
7.083333333333333037e+00 5.431844738172446618e-01
7.500000000000000000e+00 5.611554849085611529e-01
7.916666666666666963e+00 5.864561939288033265e-01
8.333333333333333925e+00 6.113330315155134365e-01
8.750000000000000000e+00 6.266736890611348532e-01
9.166666666666666075e+00 6.380348688810751900e-01
9.583333333333333925e+00 6.463002756328803944e-01
1.000000000000000000e+01 6.519170684455762865e-01
1.041666666666666607e+01 6.550043279665971330e-01
1.083333333333333393e+01 6.561377513055508537e-01
1.125000000000000000e+01 6.556251616708841379e-01
1.166666666666666607e+01 6.532442635916175799e-01
1.208333333333333393e+01 6.491489326019206363e-01
1.250000000000000000e+01 6.432868997007612499e-01
1.291666666666666607e+01 6.356491228403309268e-01
1.333333333333333393e+01 6.272914071844061246e-01
1.375000000000000000e+01 6.198419983195970762e-01
1.416666666666666607e+01 6.158652516518776654e-01
1.458333333333333393e+01 6.163389967868880825e-01
1.500000000000000000e+01 6.060242760114478155e-01
1.541666666666666607e+01 5.987101483836885230e-01
1.583333333333333393e+01 5.931522870675757231e-01
1.625000000000000000e+01 5.391347461535302976e-01
1.666666666666666785e+01 4.560873811986068116e-01
1.708333333333333215e+01 5.413012396887615374e-01
1.750000000000000000e+01 6.237101419013171277e-01
1.791666666666666785e+01 6.155912927094969733e-01
1.833333333333333215e+01 5.855830453869810270e-01
1.875000000000000000e+01 5.574035632336964419e-01
1.916666666666666785e+01 5.338009339545320975e-01
1.958333333333333215e+01 5.121116000324841266e-01
2.000000000000000000e+01 4.896073621469602122e-01
2.041666666666666785e+01 4.643962267102877961e-01
2.083333333333333215e+01 4.354008389513237542e-01
2.125000000000000000e+01 4.019956335817310711e-01
2.166666666666666785e+01 3.648664792468188089e-01
2.208333333333333215e+01 3.280935796514485858e-01
2.250000000000000000e+01 2.982712746309772456e-01
2.291666666666666785e+01 2.813690571817901165e-01
2.333333333333333215e+01 2.761658342733437355e-01
2.375000000000000000e+01 2.740477099080820822e-01
2.416666666666666785e+01 2.598914154377034991e-01
2.458333333333333215e+01 2.098706607782946376e-01
2.500000000000000000e+01 1.297613389541003581e-01
2.541666666666666785e+01 3.038986883206120648e-01
2.583333333333333215e+01 4.201113217454428561e-01
2.625000000000000000e+01 4.048028249631683284e-01
2.666666666666666785e+01 3.603615499201328065e-01
2.708333333333333215e+01 3.202202764425559622e-01
2.750000000000000000e+01 2.880648926242839747e-01
2.791666666666666785e+01 2.628344223519457623e-01
2.833333333333333215e+01 2.442686499959549895e-01
2.875000000000000000e+01 2.302215574012192456e-01
2.916666666666666785e+01 2.113160268324409397e-01
2.958333333333333215e+01 1.541161953920398009e-01
3.000000000000000000e+01 5.037613696574816391e-02
3.041666666666666785e+01 1.954832781550005505e-01
3.083333333333333215e+01 2.891777409379425734e-01
3.125000000000000000e+01 2.410333612983567297e-01
3.166666666666666785e+01 1.904918708308144248e-01
3.208333333333333570e+01 1.487139139122167775e-01
3.250000000000000000e+01 1.021109750557858131e-01
3.291666666666666430e+01 4.090092966237546257e-02
3.333333333333333570e+01 3.816522877780315071e-02
3.375000000000000000e+01 3.544036514669690607e-02
3.416666666666666430e+01 3.273689214357555777e-02
3.458333333333333570e+01 3.002373587731255178e-02
3.500000000000000000e+01 2.729084937520154241e-02
3.541666666666666430e+01 2.454438569651395952e-02
3.583333333333333570e+01 2.176240356882164217e-02
3.625000000000000000e+01 1.896084371393724766e-02
3.666666666666666430e+01 1.613561408416219756e-02
3.708333333333333570e+01 1.329793973088100323e-02
3.750000000000000000e+01 1.045420747659275840e-02
3.791666666666666430e+01 7.617767166341549157e-03
3.833333333333333570e+01 4.787394690044632917e-03
3.875000000000000000e+01 1.916285793290395389e-03
3.916666666666666430e+01 -9.918252401115434935e-04
3.958333333333333570e+01 -3.947265956449674817e-03
4.000000000000000000e+01 -4.750437342273539088e-04
