0.000000000000000000e+00 4.596365283989942707e-01
4.166666666666666852e-01 4.507555102558424842e-01
8.333333333333333703e-01 4.380834396692625532e-01
1.250000000000000000e+00 4.431835062606048758e-01
1.666666666666666741e+00 4.600982871593044532e-01
2.083333333333333481e+00 4.792999771046002611e-01
2.500000000000000000e+00 4.945986797243671074e-01
2.916666666666666519e+00 5.073071606554349078e-01
3.333333333333333481e+00 5.196175723092972820e-01
3.750000000000000000e+00 5.322948319257339023e-01
4.166666666666666963e+00 5.444142833971103990e-01
4.583333333333333037e+00 5.549973161411294598e-01
5.000000000000000000e+00 5.629865938874374365e-01
5.416666666666666963e+00 5.676172269009267524e-01
5.833333333333333037e+00 5.706992264714214613e-01
6.250000000000000000e+00 5.773886230633484828e-01
6.666666666666666963e+00 5.935917239395278600e-01
7.083333333333333037e+00 6.398870950213972897e-01
7.500000000000000000e+00 6.826015391087407735e-01
7.916666666666666963e+00 6.733457544382281945e-01
8.333333333333333925e+00 6.608180491167296999e-01
8.750000000000000000e+00 6.665811694327876680e-01
9.166666666666666075e+00 6.751448011611673738e-01
9.583333333333333925e+00 6.829562612667041677e-01
1.000000000000000000e+01 6.892394943741817492e-01
1.041666666666666607e+01 6.937423770669155498e-01
1.083333333333333393e+01 6.958347460353047076e-01
1.125000000000000000e+01 6.956664630899129786e-01
1.166666666666666607e+01 6.934586038657958307e-01
1.208333333333333393e+01 6.887945684407369429e-01
1.250000000000000000e+01 6.817553817756242251e-01
1.291666666666666607e+01 6.729596399155829411e-01
1.333333333333333393e+01 6.639173076593598566e-01
1.375000000000000000e+01 6.573299252877093934e-01
1.416666666666666607e+01 6.537391648732988614e-01
1.458333333333333393e+01 6.461859780197691805e-01
1.500000000000000000e+01 6.150629112802785681e-01
1.541666666666666607e+01 5.548685341266386128e-01
1.583333333333333393e+01 6.605192624639282251e-01
1.625000000000000000e+01 7.469767800995410489e-01
1.666666666666666785e+01 7.472448335125427832e-01
1.708333333333333215e+01 7.244818358224267563e-01
1.750000000000000000e+01 6.992156009290747543e-01
1.791666666666666785e+01 6.773056400091906903e-01
1.833333333333333215e+01 6.576252843694253558e-01
1.875000000000000000e+01 6.383229938944938731e-01
1.916666666666666785e+01 6.180000654931653292e-01
1.958333333333333215e+01 5.996502994836259148e-01
2.000000000000000000e+01 5.834171468503286384e-01
2.041666666666666785e+01 5.650499790576726244e-01
2.083333333333333215e+01 5.441276469174222141e-01
2.125000000000000000e+01 5.217169408584695356e-01
2.166666666666666785e+01 4.970128551291063124e-01
2.208333333333333215e+01 4.693611458705524431e-01
2.250000000000000000e+01 4.433575133878353558e-01
2.291666666666666785e+01 4.242254430722408598e-01
2.333333333333333215e+01 4.165118307346316051e-01
2.375000000000000000e+01 4.118322354197808677e-01
2.416666666666666785e+01 3.691580808615786413e-01
2.458333333333333215e+01 2.695850854980668121e-01
2.500000000000000000e+01 4.627296664052303887e-01
2.541666666666666785e+01 6.081883490144397442e-01
2.583333333333333215e+01 5.883265272787165934e-01
2.625000000000000000e+01 5.248081023192336936e-01
2.666666666666666785e+01 4.643554910793835644e-01
2.708333333333333215e+01 4.188238499940084569e-01
2.750000000000000000e+01 3.849722113318812533e-01
2.791666666666666785e+01 3.584300005033436154e-01
2.833333333333333215e+01 3.365219624503787976e-01
2.875000000000000000e+01 3.153645939909628937e-01
2.916666666666666785e+01 2.811359300011542772e-01
2.958333333333333215e+01 2.321202799006759632e-01
3.000000000000000000e+01 1.615767288857943296e-01
3.041666666666666785e+01 3.505276081502419760e-01
3.083333333333333215e+01 2.913105210385784627e-01
3.125000000000000000e+01 2.433577201695592551e-01
3.166666666666666785e+01 2.126319414014889997e-01
3.208333333333333570e+01 1.920184914181308766e-01
3.250000000000000000e+01 1.775631897691726246e-01
3.291666666666666430e+01 1.591928636509855055e-01
3.333333333333333570e+01 1.244696284564995592e-01
3.375000000000000000e+01 7.809727685701017830e-02
3.416666666666666430e+01 5.069917361452613846e-02
3.458333333333333570e+01 4.647955032146056098e-02
3.500000000000000000e+01 4.228061651213088634e-02
3.541666666666666430e+01 3.809560264988320899e-02
3.583333333333333570e+01 3.394563157959917810e-02
3.625000000000000000e+01 2.981336642812071336e-02
3.666666666666666430e+01 2.570142632195393517e-02
3.708333333333333570e+01 2.159703746493657484e-02
3.750000000000000000e+01 1.749250162156024135e-02
3.791666666666666430e+01 1.337356285316260163e-02
3.833333333333333570e+01 9.241265259449904512e-03
3.875000000000000000e+01 5.142951881609070242e-03
3.916666666666666430e+01 1.075084337700982218e-03
3.958333333333333570e+01 -2.952035953727949469e-03
4.000000000000000000e+01 5.201862684943714399e-04
