0.000000000000000000e+00 6.653480742740570664e-01
4.166666666666666852e-01 6.649001733744925868e-01
8.333333333333333703e-01 6.624702226477627853e-01
1.250000000000000000e+00 6.707483524414913356e-01
1.666666666666666741e+00 6.856671105923701770e-01
2.083333333333333481e+00 7.014869346439758235e-01
2.500000000000000000e+00 7.148130105438221804e-01
2.916666666666666519e+00 7.265952408770592896e-01
3.333333333333333481e+00 7.380110965592030503e-01
3.750000000000000000e+00 7.490021145579289774e-01
4.166666666666666963e+00 7.593544820214610525e-01
4.583333333333333037e+00 7.685175569365305659e-01
5.000000000000000000e+00 7.758042980846957537e-01
5.416666666666666963e+00 7.809907575903334287e-01
5.833333333333333037e+00 7.862808404647542160e-01
6.250000000000000000e+00 7.984090559317547076e-01
6.666666666666666963e+00 8.301206148420876563e-01
7.083333333333333037e+00 8.577171349917844800e-01
7.500000000000000000e+00 8.553442590234372478e-01
7.916666666666666963e+00 8.510995836635999456e-01
8.333333333333333925e+00 8.579082086641909299e-01
8.750000000000000000e+00 8.661380262074023229e-01
9.166666666666666075e+00 8.725363987397879439e-01
9.583333333333333925e+00 8.764688942798862792e-01
1.000000000000000000e+01 8.787181012163213234e-01
1.041666666666666607e+01 8.797996309872964105e-01
1.083333333333333393e+01 8.795683648176253477e-01
1.125000000000000000e+01 8.779890020649692151e-01
1.166666666666666607e+01 8.751317572998583705e-01
1.208333333333333393e+01 8.710184120010774356e-01
1.250000000000000000e+01 8.657706317753985914e-01
1.291666666666666607e+01 8.594918021422978116e-01
1.333333333333333393e+01 8.521138405663044590e-01
1.375000000000000000e+01 8.437450015402995218e-01
1.416666666666666607e+01 8.344400160820771850e-01
1.458333333333333393e+01 8.235476453531946905e-01
1.500000000000000000e+01 8.089549903843038514e-01
1.541666666666666607e+01 7.813972443933216994e-01
1.583333333333333393e+01 7.399717003894393796e-01
1.625000000000000000e+01 7.862110267441543288e-01
1.666666666666666785e+01 8.329718631002446250e-01
1.708333333333333215e+01 8.337544609831868403e-01
1.750000000000000000e+01 8.178297811955009822e-01
1.791666666666666785e+01 7.981647766621715601e-01
1.833333333333333215e+01 7.776329190904525124e-01
1.875000000000000000e+01 7.564187454381506859e-01
1.916666666666666785e+01 7.343118168620941244e-01
1.958333333333333215e+01 7.109585544677359259e-01
2.000000000000000000e+01 6.859877824454237993e-01
2.041666666666666785e+01 6.589628026227505320e-01
2.083333333333333215e+01 6.292318056420758143e-01
2.125000000000000000e+01 5.967479930513579500e-01
2.166666666666666785e+01 5.639639184262765781e-01
2.208333333333333215e+01 5.357709803425696471e-01
2.250000000000000000e+01 5.133952640838187476e-01
2.291666666666666785e+01 4.935471958752454258e-01
2.333333333333333215e+01 4.726354878700391726e-01
2.375000000000000000e+01 4.476866715597004331e-01
2.416666666666666785e+01 4.066575491406218545e-01
2.458333333333333215e+01 3.496007058886762553e-01
2.500000000000000000e+01 4.395122489275974931e-01
2.541666666666666785e+01 5.006771524313858857e-01
2.583333333333333215e+01 4.775993796087276699e-01
2.625000000000000000e+01 4.358938471763414979e-01
2.666666666666666785e+01 3.970146375759869839e-01
2.708333333333333215e+01 3.627465418031265987e-01
2.750000000000000000e+01 3.333493984262324572e-01
2.791666666666666785e+01 3.098198835536389861e-01
2.833333333333333215e+01 2.887536082936235649e-01
2.875000000000000000e+01 2.596736790360242852e-01
2.916666666666666785e+01 2.115159636297696544e-01
2.958333333333333215e+01 1.473991315932550172e-01
3.000000000000000000e+01 2.174493519009281783e-01
3.041666666666666785e+01 2.634132595418989808e-01
3.083333333333333215e+01 6.789642624577774122e-02
3.125000000000000000e+01 6.451129037194403004e-02
3.166666666666666785e+01 6.110946692027086069e-02
3.208333333333333570e+01 5.768171506493724454e-02
3.250000000000000000e+01 5.424675126061018204e-02
3.291666666666666430e+01 5.081766676184640286e-02
3.333333333333333570e+01 4.738485016139493133e-02
3.375000000000000000e+01 4.395855244951152319e-02
3.416666666666666430e+01 4.052777741888136109e-02
3.458333333333333570e+01 3.710682696002898240e-02
3.500000000000000000e+01 3.369402135105903362e-02
3.541666666666666430e+01 3.027861572670165202e-02
3.583333333333333570e+01 2.687428888171394803e-02
3.625000000000000000e+01 2.347005905133259240e-02
3.666666666666666430e+01 2.007355954824763256e-02
3.708333333333333570e+01 1.668222308328892733e-02
3.750000000000000000e+01 1.329762846636606266e-02
3.791666666666666430e+01 9.912413687880983204e-03
3.833333333333333570e+01 6.520882485159029684e-03
3.875000000000000000e+01 3.145410185605101994e-03
3.916666666666666430e+01 -2.269514478228096266e-04
3.958333333333333570e+01 -3.591059762968473734e-03
4.000000000000000000e+01 -1.188375407462638478e-04
