0.000000000000000000e+00 1.112203984136766577e+00
4.166666666666666852e-01 1.106124844473179269e+00
8.333333333333333703e-01 1.096942400395295891e+00
1.250000000000000000e+00 1.102501490643617688e+00
1.666666666666666741e+00 1.110208906546497953e+00
2.083333333333333481e+00 1.120101903573319291e+00
2.500000000000000000e+00 1.131185666424797898e+00
2.916666666666666519e+00 1.141864594390482157e+00
3.333333333333333481e+00 1.151437846185810354e+00
3.750000000000000000e+00 1.160389941904337752e+00
4.166666666666666963e+00 1.168982640847727295e+00
4.583333333333333037e+00 1.177058267284701643e+00
5.000000000000000000e+00 1.184520276454227528e+00
5.416666666666666963e+00 1.191003734040963380e+00
5.833333333333333037e+00 1.194510534989130512e+00
6.250000000000000000e+00 1.192379878594416409e+00
6.666666666666666963e+00 1.183749814374308151e+00
7.083333333333333037e+00 1.169814014392028367e+00
7.500000000000000000e+00 1.156069386026683965e+00
7.916666666666666963e+00 1.149911114861605910e+00
8.333333333333333925e+00 1.149183761759119848e+00
8.750000000000000000e+00 1.149816183344770426e+00
9.166666666666666075e+00 1.152929313522793375e+00
9.583333333333333925e+00 1.158169974065555774e+00
1.000000000000000000e+01 1.163771825980647101e+00
1.041666666666666607e+01 1.168945743396837322e+00
1.083333333333333393e+01 1.172400873877096572e+00
1.125000000000000000e+01 1.172834640800600736e+00
1.166666666666666607e+01 1.170276074012245759e+00
1.208333333333333393e+01 1.165498400625599507e+00
1.250000000000000000e+01 1.159597636728689762e+00
1.291666666666666607e+01 1.153543011476571678e+00
1.333333333333333393e+01 1.147511863207870242e+00
1.375000000000000000e+01 1.139843100880115978e+00
1.416666666666666607e+01 1.126413973187968764e+00
1.458333333333333393e+01 1.106559522773149951e+00
1.500000000000000000e+01 1.115952513581164540e+00
1.541666666666666607e+01 1.125550615475316985e+00
1.583333333333333393e+01 1.120624450151720186e+00
1.625000000000000000e+01 1.109583413459165113e+00
1.666666666666666785e+01 1.095215518734905524e+00
1.708333333333333215e+01 1.079018954318432533e+00
1.750000000000000000e+01 1.061228467035989720e+00
1.791666666666666785e+01 1.043053389705872025e+00
1.833333333333333215e+01 1.024319671297832191e+00
1.875000000000000000e+01 1.004866516922839681e+00
1.916666666666666785e+01 9.847242809233218708e-01
1.958333333333333215e+01 9.640835683259795230e-01
2.000000000000000000e+01 9.449336407713886388e-01
2.041666666666666785e+01 9.275136583562508807e-01
2.083333333333333215e+01 9.097578996038824251e-01
2.125000000000000000e+01 8.890991594356658645e-01
2.166666666666666785e+01 8.658719615300229933e-01
2.208333333333333215e+01 8.424233695987290993e-01
2.250000000000000000e+01 8.200536187762712537e-01
2.291666666666666785e+01 7.992986957010521643e-01
2.333333333333333215e+01 7.783374212886757793e-01
2.375000000000000000e+01 7.534014507010492467e-01
2.416666666666666785e+01 7.174929042662310241e-01
2.458333333333333215e+01 6.718379259856903651e-01
2.500000000000000000e+01 6.806732922985421208e-01
2.541666666666666785e+01 6.813453062701365637e-01
2.583333333333333215e+01 6.525341149826207054e-01
2.625000000000000000e+01 6.178303578071986379e-01
2.666666666666666785e+01 5.843293542709647737e-01
2.708333333333333215e+01 5.529639098257916885e-01
2.750000000000000000e+01 5.237525858897986719e-01
2.791666666666666785e+01 4.969212636221302937e-01
2.833333333333333215e+01 4.717489957647267307e-01
2.875000000000000000e+01 4.449928583862088338e-01
2.916666666666666785e+01 4.090632103111453421e-01
2.958333333333333215e+01 3.639724199642542235e-01
3.000000000000000000e+01 3.941361915275397032e-01
3.041666666666666785e+01 4.091011669232152981e-01
3.083333333333333215e+01 3.801825432378400649e-01
3.125000000000000000e+01 3.398514727762635967e-01
3.166666666666666785e+01 3.045247614184057872e-01
3.208333333333333570e+01 2.725901262379782919e-01
3.250000000000000000e+01 2.383053535047529037e-01
3.291666666666666430e+01 2.068361308534368836e-01
3.333333333333333570e+01 1.755226035972712317e-01
3.375000000000000000e+01 1.337778518034726805e-01
3.416666666666666430e+01 8.339117723114919389e-02
3.458333333333333570e+01 3.895537540007598665e-02
3.500000000000000000e+01 3.545793723324197622e-02
3.541666666666666430e+01 3.195219785218506026e-02
3.583333333333333570e+01 2.841768471849714928e-02
3.625000000000000000e+01 2.487299241257079352e-02
3.666666666666666430e+01 2.131689442396633716e-02
3.708333333333333570e+01 1.776370004434990602e-02
3.750000000000000000e+01 1.422247087002537214e-02
3.791666666666666430e+01 1.070847545448905258e-02
3.833333333333333570e+01 7.220998833597724875e-03
3.875000000000000000e+01 3.712349985231733207e-03
3.916666666666666430e+01 1.861117228401099055e-04
3.958333333333333570e+01 -3.367704599859910886e-03
4.000000000000000000e+01 1.045176223625210454e-04
