0.000000000000000000e+00 1.193975905210250765e+00
4.166666666666666852e-01 1.211534027889751730e+00
8.333333333333333703e-01 1.230386987742978278e+00
1.250000000000000000e+00 1.242989792834866547e+00
1.666666666666666741e+00 1.251672945662176906e+00
2.083333333333333481e+00 1.259463048132244190e+00
2.500000000000000000e+00 1.268311741613117327e+00
2.916666666666666519e+00 1.277633237642608277e+00
3.333333333333333481e+00 1.286785156814348463e+00
3.750000000000000000e+00 1.295731559843589453e+00
4.166666666666666963e+00 1.304315831840846540e+00
4.583333333333333037e+00 1.312492904619011469e+00
5.000000000000000000e+00 1.320430334626907953e+00
5.416666666666666963e+00 1.328356831194126730e+00
5.833333333333333037e+00 1.335867442283946716e+00
6.250000000000000000e+00 1.341588894266581899e+00
6.666666666666666963e+00 1.343816115802158651e+00
7.083333333333333037e+00 1.337063417406595844e+00
7.500000000000000000e+00 1.330795429656275175e+00
7.916666666666666963e+00 1.338369293532264859e+00
8.333333333333333925e+00 1.345885629709902886e+00
8.750000000000000000e+00 1.347467271366285857e+00
9.166666666666666075e+00 1.347410804347436208e+00
9.583333333333333925e+00 1.346773132454868183e+00
1.000000000000000000e+01 1.345707033277526721e+00
1.041666666666666607e+01 1.343917387750832138e+00
1.083333333333333393e+01 1.341253258613632759e+00
1.125000000000000000e+01 1.337804522985026168e+00
1.166666666666666607e+01 1.333627352735596627e+00
1.208333333333333393e+01 1.328577201663724061e+00
1.250000000000000000e+01 1.322446088814776433e+00
1.291666666666666607e+01 1.314959660332615909e+00
1.333333333333333393e+01 1.305905154508476773e+00
1.375000000000000000e+01 1.295183478400160126e+00
1.416666666666666607e+01 1.282912953229540687e+00
1.458333333333333393e+01 1.270746953118725653e+00
1.500000000000000000e+01 1.263683132104839402e+00
1.541666666666666607e+01 1.262638092749365892e+00
1.583333333333333393e+01 1.229463261143901143e+00
1.625000000000000000e+01 1.195963586550975011e+00
1.666666666666666785e+01 1.177228562303521020e+00
1.708333333333333215e+01 1.161244310495095355e+00
1.750000000000000000e+01 1.144213796894864910e+00
1.791666666666666785e+01 1.125154056655293333e+00
1.833333333333333215e+01 1.103249321408528383e+00
1.875000000000000000e+01 1.078592497212176315e+00
1.916666666666666785e+01 1.052914459021367044e+00
1.958333333333333215e+01 1.029254947480618299e+00
2.000000000000000000e+01 1.008508803488448624e+00
2.041666666666666785e+01 9.891173634151462224e-01
2.083333333333333215e+01 9.686249000806199660e-01
2.125000000000000000e+01 9.459260312508758206e-01
2.166666666666666785e+01 9.208777682796600583e-01
2.208333333333333215e+01 8.942887740706881861e-01
2.250000000000000000e+01 8.674535308669258926e-01
2.291666666666666785e+01 8.417972002791619390e-01
2.333333333333333215e+01 8.179998663633876177e-01
2.375000000000000000e+01 7.952728430111575264e-01
2.416666666666666785e+01 7.739889076345791707e-01
2.458333333333333215e+01 7.513669793418873422e-01
2.500000000000000000e+01 6.748991440143943255e-01
2.541666666666666785e+01 6.017504897968292132e-01
2.583333333333333215e+01 5.559894866686958537e-01
2.625000000000000000e+01 5.236174021234181186e-01
2.666666666666666785e+01 4.963965299530150865e-01
2.708333333333333215e+01 4.692871111580952381e-01
2.750000000000000000e+01 4.399997763133556838e-01
2.791666666666666785e+01 4.049317743442019113e-01
2.833333333333333215e+01 3.731562193061922494e-01
2.875000000000000000e+01 3.488485892723567905e-01
2.916666666666666785e+01 3.302219790183623660e-01
2.958333333333333215e+01 3.181430826432126713e-01
3.000000000000000000e+01 2.615786146473212392e-01
3.041666666666666785e+01 2.142276279140505890e-01
3.083333333333333215e+01 1.930257482923977141e-01
3.125000000000000000e+01 6.251672877851988108e-02
3.166666666666666785e+01 5.844862995120136961e-02
3.208333333333333570e+01 5.451916475610296686e-02
3.250000000000000000e+01 5.070481170903395896e-02
3.291666666666666430e+01 4.698480337641042226e-02
3.333333333333333570e+01 4.336010432227299649e-02
3.375000000000000000e+01 3.981120054138909126e-02
3.416666666666666430e+01 3.634075492916144512e-02
3.458333333333333570e+01 3.292683277465968672e-02
3.500000000000000000e+01 2.956546536756254895e-02
3.541666666666666430e+01 2.626364993689644933e-02
3.583333333333333570e+01 2.300491914470403909e-02
3.625000000000000000e+01 1.979906558321287147e-02
3.666666666666666430e+01 1.663771552951942567e-02
3.708333333333333570e+01 1.352332760408858636e-02
3.750000000000000000e+01 1.045440113184081810e-02
3.791666666666666430e+01 7.438496139876904500e-03
3.833333333333333570e+01 4.481008047064305444e-03
3.875000000000000000e+01 1.558328162294508878e-03
3.916666666666666430e+01 -1.317141871966520661e-03
3.958333333333333570e+01 -4.151237344244718130e-03
4.000000000000000000e+01 -6.790151220225082440e-04
