0.000000000000000000e+00 1.503210005235722901e+00
4.166666666666666852e-01 1.558289441188264401e+00
8.333333333333333703e-01 1.611637927656604186e+00
1.250000000000000000e+00 1.625025831341083027e+00
1.666666666666666741e+00 1.622182872376624285e+00
2.083333333333333481e+00 1.624390704529830476e+00
2.500000000000000000e+00 1.633577445466040334e+00
2.916666666666666519e+00 1.643570813788118645e+00
3.333333333333333481e+00 1.654008663931101353e+00
3.750000000000000000e+00 1.664477463765954068e+00
4.166666666666666963e+00 1.677646613028530576e+00
4.583333333333333037e+00 1.692483548017232664e+00
5.000000000000000000e+00 1.701326251892829600e+00
5.416666666666666963e+00 1.702384935510815822e+00
5.833333333333333037e+00 1.706842283287155926e+00
6.250000000000000000e+00 1.717592818611887395e+00
6.666666666666666963e+00 1.728560599409327825e+00
7.083333333333333037e+00 1.740302793728875086e+00
7.500000000000000000e+00 1.749850035458214492e+00
7.916666666666666963e+00 1.740901962601500319e+00
8.333333333333333925e+00 1.659803720928670900e+00
8.750000000000000000e+00 1.580024601394900863e+00
9.166666666666666075e+00 1.609385501377282424e+00
9.583333333333333925e+00 1.640017400389620850e+00
1.000000000000000000e+01 1.631999616463222447e+00
1.041666666666666607e+01 1.618393510438541849e+00
1.083333333333333393e+01 1.604833058947662261e+00
1.125000000000000000e+01 1.591066294253340452e+00
1.166666666666666607e+01 1.574910553103829436e+00
1.208333333333333393e+01 1.556591792427973964e+00
1.250000000000000000e+01 1.542606563361106797e+00
1.291666666666666607e+01 1.557342817235941590e+00
1.333333333333333393e+01 1.612877706676665746e+00
1.375000000000000000e+01 1.486900470281858011e+00
1.416666666666666607e+01 1.372070364710287871e+00
1.458333333333333393e+01 1.354674012997236110e+00
1.500000000000000000e+01 1.359770591907765613e+00
1.541666666666666607e+01 1.362301617254848995e+00
1.583333333333333393e+01 1.356819937492074857e+00
1.625000000000000000e+01 1.343910650933070050e+00
1.666666666666666785e+01 1.327202226667064000e+00
1.708333333333333215e+01 1.310534432857064058e+00
1.750000000000000000e+01 1.293978107239833086e+00
1.791666666666666785e+01 1.276361481521957941e+00
1.833333333333333215e+01 1.257581940459715275e+00
1.875000000000000000e+01 1.237601763805305843e+00
1.916666666666666785e+01 1.216929134343478935e+00
1.958333333333333215e+01 1.194803712026761833e+00
2.000000000000000000e+01 1.169843487587448827e+00
2.041666666666666785e+01 1.142738962521629320e+00
2.083333333333333215e+01 1.115933602771395305e+00
2.125000000000000000e+01 1.089391293383956905e+00
2.166666666666666785e+01 1.060930424087469515e+00
2.208333333333333215e+01 1.029813856349456547e+00
2.250000000000000000e+01 9.907887183696333366e-01
2.291666666666666785e+01 9.525155401315568149e-01
2.333333333333333215e+01 9.071605924909333929e-01
2.375000000000000000e+01 8.763593662880750923e-01
2.416666666666666785e+01 7.978302154178279482e-01
2.458333333333333215e+01 9.540663140555827315e-01
2.500000000000000000e+01 9.556090437669847448e-01
2.541666666666666785e+01 9.413915426642676110e-01
2.583333333333333215e+01 9.213784053436406829e-01
2.625000000000000000e+01 8.943523900687582184e-01
2.666666666666666785e+01 8.681315069991382138e-01
2.708333333333333215e+01 8.424438884045729603e-01
2.750000000000000000e+01 8.149924189183097578e-01
2.791666666666666785e+01 7.804056883569641112e-01
2.833333333333333215e+01 7.440418198199822974e-01
2.875000000000000000e+01 7.283357544205165679e-01
2.916666666666666785e+01 7.619357868429931235e-01
2.958333333333333215e+01 8.595346543883015666e-01
3.000000000000000000e+01 6.464152181432847311e-02
3.041666666666666785e+01 6.146405633358198450e-02
3.083333333333333215e+01 5.819259355063011174e-02
3.125000000000000000e+01 5.488193022648357733e-02
3.166666666666666785e+01 5.153855290722653137e-02
3.208333333333333570e+01 4.816615709070215523e-02
3.250000000000000000e+01 4.479132540740815571e-02
3.291666666666666430e+01 4.142938225504377847e-02
3.333333333333333570e+01 3.806882431770952646e-02
3.375000000000000000e+01 3.472688939555024223e-02
3.416666666666666430e+01 3.140096600756847600e-02
3.458333333333333570e+01 2.812587674024003004e-02
3.500000000000000000e+01 2.491553370997290351e-02
3.541666666666666430e+01 2.176871531348123501e-02
3.583333333333333570e+01 1.871177640159160660e-02
3.625000000000000000e+01 1.573563116608089896e-02
3.666666666666666430e+01 1.285081435200818856e-02
3.708333333333333570e+01 1.005273851070020985e-02
3.750000000000000000e+01 7.340275769440296472e-03
3.791666666666666430e+01 4.703225516177078624e-03
3.833333333333333570e+01 2.141825533235386381e-03
3.875000000000000000e+01 -3.023396566812497355e-04
3.916666666666666430e+01 -2.635542404849644527e-03
3.958333333333333570e+01 -4.848384226063595648e-03
4.000000000000000000e+01 -1.376162003841385761e-03
