0.000000000000000000e+00 1.526078260850115553e+00
4.166666666666666852e-01 1.544258429467719740e+00
8.333333333333333703e-01 1.563318605944328921e+00
1.250000000000000000e+00 1.575207313393462760e+00
1.666666666666666741e+00 1.582903319781665097e+00
2.083333333333333481e+00 1.589867781475029940e+00
2.500000000000000000e+00 1.598043027980822650e+00
2.916666666666666519e+00 1.606706980002900575e+00
3.333333333333333481e+00 1.614970240434320248e+00
3.750000000000000000e+00 1.622836610618843434e+00
4.166666666666666963e+00 1.630315098591089029e+00
4.583333333333333037e+00 1.637385451964926908e+00
5.000000000000000000e+00 1.644321827685569559e+00
5.416666666666666963e+00 1.650932216212601666e+00
5.833333333333333037e+00 1.656180677637349330e+00
6.250000000000000000e+00 1.658331022680493483e+00
6.666666666666666963e+00 1.655783119953366800e+00
7.083333333333333037e+00 1.642230167346196756e+00
7.500000000000000000e+00 1.628075064413720519e+00
7.916666666666666963e+00 1.633582381748694301e+00
8.333333333333333925e+00 1.640237785651921687e+00
8.750000000000000000e+00 1.642083210423486594e+00
9.166666666666666075e+00 1.642919444801758999e+00
9.583333333333333925e+00 1.643120544813820860e+00
1.000000000000000000e+01 1.642552225677318178e+00
1.041666666666666607e+01 1.641079155212586516e+00
1.083333333333333393e+01 1.638948848522860713e+00
1.125000000000000000e+01 1.636605712263530465e+00
1.166666666666666607e+01 1.634351788219231105e+00
1.208333333333333393e+01 1.632412951467667073e+00
1.250000000000000000e+01 1.630989602365422231e+00
1.291666666666666607e+01 1.630261058194801382e+00
1.333333333333333393e+01 1.630629938639629017e+00
1.375000000000000000e+01 1.632496284314700175e+00
1.416666666666666607e+01 1.636245484167365483e+00
1.458333333333333393e+01 1.639931181476888433e+00
1.500000000000000000e+01 1.638075481418942214e+00
1.541666666666666607e+01 1.624587242943485998e+00
1.583333333333333393e+01 1.544066175322016399e+00
1.625000000000000000e+01 1.458968769032216173e+00
1.666666666666666785e+01 1.396144404370470049e+00
1.708333333333333215e+01 1.346905562981806526e+00
1.750000000000000000e+01 1.306908415316359484e+00
1.791666666666666785e+01 1.273271498547505098e+00
1.833333333333333215e+01 1.243456144461092316e+00
1.875000000000000000e+01 1.216057140773842749e+00
1.916666666666666785e+01 1.190101780701890988e+00
1.958333333333333215e+01 1.165011437866204869e+00
2.000000000000000000e+01 1.140280395821377635e+00
2.041666666666666785e+01 1.115120411570066139e+00
2.083333333333333215e+01 1.088904461492880005e+00
2.125000000000000000e+01 1.061875074728343638e+00
2.166666666666666785e+01 1.034285174522150408e+00
2.208333333333333215e+01 1.005547013883839380e+00
2.250000000000000000e+01 9.749527686052869013e-01
2.291666666666666785e+01 9.428562815553460652e-01
2.333333333333333215e+01 9.104617517712714214e-01
2.375000000000000000e+01 8.798016758105202673e-01
2.416666666666666785e+01 8.560966918271661896e-01
2.458333333333333215e+01 8.389578486714681649e-01
2.500000000000000000e+01 7.695329255900273946e-01
2.541666666666666785e+01 7.096106555531365156e-01
2.583333333333333215e+01 6.798974604489136375e-01
2.625000000000000000e+01 6.566955424439081535e-01
2.666666666666666785e+01 6.302437266727883847e-01
2.708333333333333215e+01 5.984140718368162748e-01
2.750000000000000000e+01 5.620918266876637759e-01
2.791666666666666785e+01 5.236108794619334095e-01
2.833333333333333215e+01 4.869680056937694679e-01
2.875000000000000000e+01 4.555809900346585728e-01
2.916666666666666785e+01 4.329727092910491404e-01
2.958333333333333215e+01 4.162053734863323529e-01
3.000000000000000000e+01 3.205377714161053992e-01
3.041666666666666785e+01 2.504769950456701144e-01
3.083333333333333215e+01 1.363746119981799065e-01
3.125000000000000000e+01 1.298757063698124936e-01
3.166666666666666785e+01 1.233245030653368213e-01
3.208333333333333570e+01 1.167491803551430340e-01
3.250000000000000000e+01 1.101469449930946309e-01
3.291666666666666430e+01 1.035174685452882049e-01
3.333333333333333570e+01 9.688104591443147395e-02
3.375000000000000000e+01 9.023511826038210781e-02
3.416666666666666430e+01 8.359707907641944491e-02
3.458333333333333570e+01 7.695698372777304286e-02
3.500000000000000000e+01 7.032106391061898609e-02
3.541666666666666430e+01 6.370503444552011452e-02
3.583333333333333570e+01 5.709955444311265449e-02
3.625000000000000000e+01 5.052095451854088370e-02
3.666666666666666430e+01 4.396655044083941366e-02
3.708333333333333570e+01 3.744417318131143535e-02
3.750000000000000000e+01 3.095733957190349717e-02
3.791666666666666430e+01 2.451834077158687730e-02
3.833333333333333570e+01 1.813658826202146912e-02
3.875000000000000000e+01 1.179139277564544841e-02
3.916666666666666430e+01 5.497950581260901970e-03
3.958333333333333570e+01 -7.476037158795634241e-04
4.000000000000000000e+01 2.724618506342646462e-03
