0.000000000000000000e+00 9.775558887175226364e-01
4.166666666666666852e-01 9.942703025820862628e-01
8.333333333333333703e-01 1.011951909144340078e+00
1.250000000000000000e+00 1.024514911211805934e+00
1.666666666666666741e+00 1.034001100530702377e+00
2.083333333333333481e+00 1.042911101850705125e+00
2.500000000000000000e+00 1.052731441573788507e+00
2.916666666666666519e+00 1.062985273898008343e+00
3.333333333333333481e+00 1.073131930523800071e+00
3.750000000000000000e+00 1.083051163067455747e+00
4.166666666666666963e+00 1.092749891466876511e+00
4.583333333333333037e+00 1.102198512659235075e+00
5.000000000000000000e+00 1.111449370954333160e+00
5.416666666666666963e+00 1.120336266335561604e+00
5.833333333333333037e+00 1.127664003979852225e+00
6.250000000000000000e+00 1.130833447509731693e+00
6.666666666666666963e+00 1.125323690378143837e+00
7.083333333333333037e+00 1.119193191690107003e+00
7.500000000000000000e+00 1.126225062479837558e+00
7.916666666666666963e+00 1.134245517774401746e+00
8.333333333333333925e+00 1.139051564879931533e+00
8.750000000000000000e+00 1.142743457369133520e+00
9.166666666666666075e+00 1.145466151687705159e+00
9.583333333333333925e+00 1.147230456666707088e+00
1.000000000000000000e+01 1.147966384292023134e+00
1.041666666666666607e+01 1.147578819302979225e+00
1.083333333333333393e+01 1.146064393355260558e+00
1.125000000000000000e+01 1.143685609775526579e+00
1.166666666666666607e+01 1.140435259373558274e+00
1.208333333333333393e+01 1.136194960080078475e+00
1.250000000000000000e+01 1.130848798534840327e+00
1.291666666666666607e+01 1.124186231028802441e+00
1.333333333333333393e+01 1.116146721016537668e+00
1.375000000000000000e+01 1.106582558063390564e+00
1.416666666666666607e+01 1.095382800394249623e+00
1.458333333333333393e+01 1.083029456162926785e+00
1.500000000000000000e+01 1.070968582601440566e+00
1.541666666666666607e+01 1.062354528566602285e+00
1.583333333333333393e+01 1.057528803647470816e+00
1.625000000000000000e+01 1.024178011766169183e+00
1.666666666666666785e+01 9.897807326013721152e-01
1.708333333333333215e+01 9.676840884177744240e-01
1.750000000000000000e+01 9.487890672928984692e-01
1.791666666666666785e+01 9.314196749154961541e-01
1.833333333333333215e+01 9.156910793091577183e-01
1.875000000000000000e+01 9.008869044330565234e-01
1.916666666666666785e+01 8.851198560513628966e-01
1.958333333333333215e+01 8.673532049390567655e-01
2.000000000000000000e+01 8.472323370970394896e-01
2.041666666666666785e+01 8.247946114945154950e-01
2.083333333333333215e+01 8.003162730066786246e-01
2.125000000000000000e+01 7.743290974624508216e-01
2.166666666666666785e+01 7.474874062621159609e-01
2.208333333333333215e+01 7.196878538179098950e-01
2.250000000000000000e+01 6.904878873236256487e-01
2.291666666666666785e+01 6.600384489994771675e-01
2.333333333333333215e+01 6.293938843289723639e-01
2.375000000000000000e+01 6.001704646257095543e-01
2.416666666666666785e+01 5.761030025870867988e-01
2.458333333333333215e+01 5.571335254510290103e-01
2.500000000000000000e+01 4.986952376719957503e-01
2.541666666666666785e+01 4.465381724543167064e-01
2.583333333333333215e+01 4.167490378126044170e-01
2.625000000000000000e+01 3.944576442793507054e-01
2.666666666666666785e+01 3.725323787202807768e-01
2.708333333333333215e+01 3.468502032166184690e-01
2.750000000000000000e+01 3.166665673826571381e-01
2.791666666666666785e+01 2.847287468903983987e-01
2.833333333333333215e+01 2.555889886216775597e-01
2.875000000000000000e+01 2.270406827386592941e-01
2.916666666666666785e+01 1.891781368947881292e-01
2.958333333333333215e+01 1.571012580287969307e-01
3.000000000000000000e+01 9.472763627286739929e-02
3.041666666666666785e+01 2.580163803021453539e-01
3.083333333333333215e+01 2.388513580595604813e-01
3.125000000000000000e+01 6.035047711475682863e-02
3.166666666666666785e+01 5.722954940066871110e-02
3.208333333333333570e+01 5.410724446053261083e-02
3.250000000000000000e+01 5.098968393722869141e-02
3.291666666666666430e+01 4.788030086019667841e-02
3.333333333333333570e+01 4.476196385118036414e-02
3.375000000000000000e+01 4.164024347953332317e-02
3.416666666666666430e+01 3.850088090335990199e-02
3.458333333333333570e+01 3.535684874598388205e-02
3.500000000000000000e+01 3.220521838319700958e-02
3.541666666666666430e+01 2.903383868466069551e-02
3.583333333333333570e+01 2.585561224836041561e-02
3.625000000000000000e+01 2.265805642048634994e-02
3.666666666666666430e+01 1.944765851317975525e-02
3.708333333333333570e+01 1.622043814770823822e-02
3.750000000000000000e+01 1.297661687336093550e-02
3.791666666666666430e+01 9.707458257322998385e-03
3.833333333333333570e+01 6.406631003669338575e-03
3.875000000000000000e+01 3.097191142919175633e-03
3.916666666666666430e+01 -2.339445640578974306e-04
3.958333333333333570e+01 -3.581417807322240243e-03
4.000000000000000000e+01 -1.091955851000303568e-04
