0.000000000000000000e+00 9.638627076163145402e-01
4.166666666666666852e-01 9.829476056885545487e-01
8.333333333333333703e-01 1.002937705580428496e+00
1.250000000000000000e+00 1.014914855699318386e+00
1.666666666666666741e+00 1.022566822919821927e+00
2.083333333333333481e+00 1.029953569949476844e+00
2.500000000000000000e+00 1.038279319146196311e+00
2.916666666666666519e+00 1.046905928671078456e+00
3.333333333333333481e+00 1.055715907577566171e+00
3.750000000000000000e+00 1.064331626735120384e+00
4.166666666666666963e+00 1.072819208656849543e+00
4.583333333333333037e+00 1.081631816497693244e+00
5.000000000000000000e+00 1.090252629000266316e+00
5.416666666666666963e+00 1.097093717808073521e+00
5.833333333333333037e+00 1.102743434985175242e+00
6.250000000000000000e+00 1.110303659893408845e+00
6.666666666666666963e+00 1.119007743367570251e+00
7.083333333333333037e+00 1.121912473936050647e+00
7.500000000000000000e+00 1.107496101218925721e+00
7.916666666666666963e+00 1.092167082452623950e+00
8.333333333333333925e+00 1.100460597507798788e+00
8.750000000000000000e+00 1.108819359001772309e+00
9.166666666666666075e+00 1.108902101611709989e+00
9.583333333333333925e+00 1.107128549718708221e+00
1.000000000000000000e+01 1.104631057046092213e+00
1.041666666666666607e+01 1.101895996401897948e+00
1.083333333333333393e+01 1.098872008731009098e+00
1.125000000000000000e+01 1.095114396055076655e+00
1.166666666666666607e+01 1.090077590021316212e+00
1.208333333333333393e+01 1.083110066884232836e+00
1.250000000000000000e+01 1.073853428582783431e+00
1.291666666666666607e+01 1.062308826787376814e+00
1.333333333333333393e+01 1.050894558289525715e+00
1.375000000000000000e+01 1.048099102411860217e+00
1.416666666666666607e+01 1.056253201267760566e+00
1.458333333333333393e+01 1.011799640567821124e+00
1.500000000000000000e+01 9.669621699968344863e-01
1.541666666666666607e+01 9.480877120688790960e-01
1.583333333333333393e+01 9.377892688948368249e-01
1.625000000000000000e+01 9.300173036939766158e-01
1.666666666666666785e+01 9.222958313527511720e-01
1.708333333333333215e+01 9.124472751638780244e-01
1.750000000000000000e+01 9.000419855760047882e-01
1.791666666666666785e+01 8.850969710498134413e-01
1.833333333333333215e+01 8.679363957328627421e-01
1.875000000000000000e+01 8.491490289591474561e-01
1.916666666666666785e+01 8.284298083662532397e-01
1.958333333333333215e+01 8.045135060929591297e-01
2.000000000000000000e+01 7.772803823864156136e-01
2.041666666666666785e+01 7.486897870245450282e-01
2.083333333333333215e+01 7.202054740839651803e-01
2.125000000000000000e+01 6.920200470325053033e-01
2.166666666666666785e+01 6.640594203949591323e-01
2.208333333333333215e+01 6.357791310806848450e-01
2.250000000000000000e+01 6.056995177084503190e-01
2.291666666666666785e+01 5.739416431610138147e-01
2.333333333333333215e+01 5.444786933919272265e-01
2.375000000000000000e+01 5.278166406790263387e-01
2.416666666666666785e+01 5.255791785204206867e-01
2.458333333333333215e+01 4.402131628484772796e-01
2.500000000000000000e+01 3.841018719103928558e-01
2.541666666666666785e+01 3.831176294606257193e-01
2.583333333333333215e+01 3.830474275895380254e-01
2.625000000000000000e+01 3.653628533748545237e-01
2.666666666666666785e+01 3.305672518467024368e-01
2.708333333333333215e+01 2.956280678402991580e-01
2.750000000000000000e+01 2.738550338966808106e-01
2.791666666666666785e+01 2.513301396401615428e-01
2.833333333333333215e+01 2.194453487937593761e-01
2.875000000000000000e+01 1.788435651665927217e-01
2.916666666666666785e+01 1.494388229025125359e-01
2.958333333333333215e+01 7.894985304385970792e-02
3.000000000000000000e+01 7.550117103346265512e-02
3.041666666666666785e+01 7.206415316605685462e-02
3.083333333333333215e+01 6.864563621050556730e-02
3.125000000000000000e+01 6.521150284573640210e-02
3.166666666666666785e+01 6.176356928685677872e-02
3.208333333333333570e+01 5.832440798190985376e-02
3.250000000000000000e+01 5.488250167852759542e-02
3.291666666666666430e+01 5.143175282874523635e-02
3.333333333333333570e+01 4.799144457736681524e-02
3.375000000000000000e+01 4.455386570601371776e-02
3.416666666666666430e+01 4.113178692652474933e-02
3.458333333333333570e+01 3.770525201590801956e-02
3.500000000000000000e+01 3.427310976054886993e-02
3.541666666666666430e+01 3.084622631910138857e-02
3.583333333333333570e+01 2.740781663423841330e-02
3.625000000000000000e+01 2.397119142645542933e-02
3.666666666666666430e+01 2.052920921738754512e-02
3.708333333333333570e+01 1.708726460251130952e-02
3.750000000000000000e+01 1.364680371848159268e-02
3.791666666666666430e+01 1.021867533845155496e-02
3.833333333333333570e+01 6.807255450417160070e-03
3.875000000000000000e+01 3.380761371554075190e-03
3.916666666666666430e+01 -5.003356561805727409e-05
3.958333333333333570e+01 -3.492299783937502511e-03
4.000000000000000000e+01 -2.007756171529262446e-05
