0.000000000000000000e+00 7.327011317648516320e-01
4.166666666666666852e-01 7.228427734154154738e-01
8.333333333333333703e-01 7.123039958423592610e-01
1.250000000000000000e+00 7.227691750431778361e-01
1.666666666666666741e+00 7.442706627499280359e-01
2.083333333333333481e+00 7.654944994019743376e-01
2.500000000000000000e+00 7.818096168696376802e-01
2.916666666666666519e+00 7.957896280460965421e-01
3.333333333333333481e+00 8.089184663231061556e-01
3.750000000000000000e+00 8.206110603530291092e-01
4.166666666666666963e+00 8.294854660823705039e-01
4.583333333333333037e+00 8.333174752071315083e-01
5.000000000000000000e+00 8.315774211200659405e-01
5.416666666666666963e+00 8.253545028993150012e-01
5.833333333333333037e+00 8.147331662802013152e-01
6.250000000000000000e+00 7.952144346255676233e-01
6.666666666666666963e+00 4.964993354160922578e-01
7.083333333333333037e+00 5.616586622906570847e-01
7.500000000000000000e+00 5.779050744039212484e-01
7.916666666666666963e+00 6.012803228990705184e-01
8.333333333333333925e+00 6.240732711427094959e-01
8.750000000000000000e+00 6.373633156429627800e-01
9.166666666666666075e+00 6.469120175296383390e-01
9.583333333333333925e+00 6.535711681688148866e-01
1.000000000000000000e+01 6.577177903166597783e-01
1.041666666666666607e+01 6.599825223401812879e-01
1.083333333333333393e+01 6.607549904151575060e-01
1.125000000000000000e+01 6.597445298652839796e-01
1.166666666666666607e+01 6.570326977687461767e-01
1.208333333333333393e+01 6.527023973210180907e-01
1.250000000000000000e+01 6.469624429527699450e-01
1.291666666666666607e+01 6.404764943272109878e-01
1.333333333333333393e+01 6.337182828801207757e-01
1.375000000000000000e+01 6.277866445885375013e-01
1.416666666666666607e+01 6.240921924151727751e-01
1.458333333333333393e+01 6.217418628630344557e-01
1.500000000000000000e+01 6.136426569394952679e-01
1.541666666666666607e+01 5.797693169789279732e-01
1.583333333333333393e+01 5.362329244341709211e-01
1.625000000000000000e+01 4.235804007345214117e-01
1.666666666666666785e+01 7.812235985761744050e-01
1.708333333333333215e+01 7.605110885362591500e-01
1.750000000000000000e+01 7.213208455837775146e-01
1.791666666666666785e+01 6.870592590590225424e-01
1.833333333333333215e+01 6.581890965351975264e-01
1.875000000000000000e+01 6.320262972511065946e-01
1.916666666666666785e+01 6.082257873861833808e-01
1.958333333333333215e+01 5.869632036465781688e-01
2.000000000000000000e+01 5.673855945948422796e-01
2.041666666666666785e+01 5.466396874656687110e-01
2.083333333333333215e+01 5.223931386731319737e-01
2.125000000000000000e+01 4.928089159059350077e-01
2.166666666666666785e+01 4.575220672296632651e-01
2.208333333333333215e+01 4.185339245456075052e-01
2.250000000000000000e+01 3.810103717429768055e-01
2.291666666666666785e+01 3.497718337128640220e-01
2.333333333333333215e+01 3.278836109542738186e-01
2.375000000000000000e+01 3.133412207770844837e-01
2.416666666666666785e+01 2.929867752325630570e-01
2.458333333333333215e+01 2.570633289465703020e-01
2.500000000000000000e+01 2.117000626960364729e-01
2.541666666666666785e+01 4.429929093911726401e-01
2.583333333333333215e+01 4.089412256391151690e-01
2.625000000000000000e+01 3.738945223043620980e-01
2.666666666666666785e+01 3.436987137010723559e-01
2.708333333333333215e+01 3.163187957969852415e-01
2.750000000000000000e+01 2.912517451453941475e-01
2.791666666666666785e+01 2.684924249337053426e-01
2.833333333333333215e+01 2.501085462912551183e-01
2.875000000000000000e+01 2.344793884645224868e-01
2.916666666666666785e+01 2.062679274232852578e-01
2.958333333333333215e+01 1.416283595336954582e-01
3.000000000000000000e+01 5.162534302456212032e-02
3.041666666666666785e+01 1.472982810338608894e-01
3.083333333333333215e+01 2.237143907924172836e-01
3.125000000000000000e+01 1.964035131833423709e-01
3.166666666666666785e+01 1.469069615828901831e-01
3.208333333333333570e+01 4.244339315477618779e-02
3.250000000000000000e+01 3.984088788961803740e-02
3.291666666666666430e+01 3.726000520630479151e-02
3.333333333333333570e+01 3.467276995491308522e-02
3.375000000000000000e+01 3.208239213993757666e-02
3.416666666666666430e+01 2.947396265796853321e-02
3.458333333333333570e+01 2.687369692468533078e-02
3.500000000000000000e+01 2.428701086527895736e-02
3.541666666666666430e+01 2.170357520847931987e-02
3.583333333333333570e+01 1.914144259142092075e-02
3.625000000000000000e+01 1.658153384035443434e-02
3.666666666666666430e+01 1.402514388131048673e-02
3.708333333333333570e+01 1.145866646634385866e-02
3.750000000000000000e+01 8.873501300489361476e-03
3.791666666666666430e+01 6.254130019730963497e-03
3.833333333333333570e+01 3.599355168557916151e-03
3.875000000000000000e+01 9.533176997855719037e-04
3.916666666666666430e+01 -1.689577944128162201e-03
3.958333333333333570e+01 -4.320193321773913020e-03
4.000000000000000000e+01 -8.479710995517031336e-04
