0.000000000000000000e+00 1.015575435917402736e+00
4.166666666666666852e-01 1.034859879142669747e+00
8.333333333333333703e-01 1.046382642537472707e+00
1.250000000000000000e+00 1.048437976739515998e+00
1.666666666666666741e+00 1.052023174159269603e+00
2.083333333333333481e+00 1.057886676641659918e+00
2.500000000000000000e+00 1.063814639936889073e+00
2.916666666666666519e+00 1.069235704249782426e+00
3.333333333333333481e+00 1.073510083519642500e+00
3.750000000000000000e+00 1.075884377987358587e+00
4.166666666666666963e+00 1.076631563789494539e+00
4.583333333333333037e+00 1.077230999162289926e+00
5.000000000000000000e+00 1.078069991555715035e+00
5.416666666666666963e+00 1.078509825911038611e+00
5.833333333333333037e+00 1.079187693271031812e+00
6.250000000000000000e+00 1.080493941947527015e+00
6.666666666666666963e+00 1.083125012627077499e+00
7.083333333333333037e+00 1.086759803903613708e+00
7.500000000000000000e+00 1.089515258413384036e+00
7.916666666666666963e+00 1.091907578577570703e+00
8.333333333333333925e+00 1.094537583319013185e+00
8.750000000000000000e+00 1.095430160594768054e+00
9.166666666666666075e+00 1.093618266416768403e+00
9.583333333333333925e+00 1.089337579997196936e+00
1.000000000000000000e+01 1.081752779089260041e+00
1.041666666666666607e+01 1.069361500126579045e+00
1.083333333333333393e+01 1.055563217703898493e+00
1.125000000000000000e+01 1.043216871964426140e+00
1.166666666666666607e+01 1.032510787760645421e+00
1.208333333333333393e+01 1.022490730599980413e+00
1.250000000000000000e+01 1.013232326593696220e+00
1.291666666666666607e+01 1.002477392238619203e+00
1.333333333333333393e+01 9.897251197484322471e-01
1.375000000000000000e+01 9.732239102841884204e-01
1.416666666666666607e+01 9.530818674951855307e-01
1.458333333333333393e+01 9.381567504018830661e-01
1.500000000000000000e+01 9.316081652084227116e-01
1.541666666666666607e+01 9.193513685516119249e-01
1.583333333333333393e+01 8.955872064081159545e-01
1.625000000000000000e+01 8.738325427624868968e-01
1.666666666666666785e+01 8.630876228910693282e-01
1.708333333333333215e+01 8.567233435001646580e-01
1.750000000000000000e+01 8.424177767115600401e-01
1.791666666666666785e+01 8.237181960956404536e-01
1.833333333333333215e+01 8.103257057955508547e-01
1.875000000000000000e+01 7.977756399946140942e-01
1.916666666666666785e+01 7.788838648066622738e-01
1.958333333333333215e+01 7.588390459431519908e-01
2.000000000000000000e+01 7.440688059449769298e-01
2.041666666666666785e+01 7.301785605630363163e-01
2.083333333333333215e+01 7.144340906041517503e-01
2.125000000000000000e+01 7.105668668585494174e-01
2.166666666666666785e+01 7.242413104806186830e-01
2.208333333333333215e+01 7.249267754728925262e-01
2.250000000000000000e+01 6.855991720009964041e-01
2.291666666666666785e+01 5.845827636672890071e-01
2.333333333333333215e+01 5.812333964016371812e-01
2.375000000000000000e+01 9.374635313702517347e-01
2.416666666666666785e+01 8.624166475375256713e-01
2.458333333333333215e+01 7.890930895789700639e-01
2.500000000000000000e+01 7.453783089257826067e-01
2.541666666666666785e+01 7.252364047049008056e-01
2.583333333333333215e+01 7.257352206805485206e-01
2.625000000000000000e+01 7.438452124430143808e-01
2.666666666666666785e+01 7.503312786618638874e-01
2.708333333333333215e+01 6.002825263152963275e-01
2.750000000000000000e+01 -3.582788518675693590e-01
2.791666666666666785e+01 -8.049557244253717769e-01
2.833333333333333215e+01 -1.000220317720662333e+00
2.875000000000000000e+01 -1.389047929319148889e+00
2.916666666666666785e+01 3.799994210468572997e-01
2.958333333333333215e+01 7.450876530008936349e-01
3.000000000000000000e+01 6.362252468028568586e-01
3.041666666666666785e+01 5.414727101409780863e-01
3.083333333333333215e+01 4.817873426281153448e-01
3.125000000000000000e+01 4.470436723701968762e-01
3.166666666666666785e+01 4.271216140524665139e-01
3.208333333333333570e+01 4.114791740259422514e-01
3.250000000000000000e+01 3.925832774718789331e-01
3.291666666666666430e+01 3.556301572464690697e-01
3.333333333333333570e+01 2.948073881789715633e-01
3.375000000000000000e+01 2.491359092174815215e-01
3.416666666666666430e+01 4.806702553960062740e-01
3.458333333333333570e+01 4.716128395551416608e-01
3.500000000000000000e+01 4.815815990384750833e-01
3.541666666666666430e+01 3.752800457260956346e-01
3.583333333333333570e+01 -2.975236176585522863e-01
3.625000000000000000e+01 -6.624940849656144604e-01
3.666666666666666430e+01 -7.009246995096763966e-01
3.708333333333333570e+01 -6.251431997580654265e-01
3.750000000000000000e+01 -7.057036819525840388e-01
3.791666666666666430e+01 4.210753871820449579e-02
3.833333333333333570e+01 2.985553884970204575e-01
3.875000000000000000e+01 2.021040876977543421e-01
3.916666666666666430e+01 1.019381836966427590e-01
3.958333333333333570e+01 -3.719801857949178725e-03
4.000000000000000000e+01 -2.475796357268578163e-04
