0.000000000000000000e+00 9.231006608152516613e-01
4.166666666666666852e-01 9.543614825639106236e-01
8.333333333333333703e-01 9.867414324664360858e-01
1.250000000000000000e+00 1.000404573598671298e+00
1.666666666666666741e+00 1.003956658110149558e+00
2.083333333333333481e+00 1.007800382235861880e+00
2.500000000000000000e+00 1.016025462099281462e+00
2.916666666666666519e+00 1.025376865291363515e+00
3.333333333333333481e+00 1.034246744188023648e+00
3.750000000000000000e+00 1.043334363691226230e+00
4.166666666666666963e+00 1.052941317236791852e+00
4.583333333333333037e+00 1.063534101824274547e+00
5.000000000000000000e+00 1.075480377524563602e+00
5.416666666666666963e+00 1.087179956291493443e+00
5.833333333333333037e+00 1.096912165538720396e+00
6.250000000000000000e+00 1.107443315004806195e+00
6.666666666666666963e+00 1.113742738219338779e+00
7.083333333333333037e+00 1.087831106082866928e+00
7.500000000000000000e+00 1.057787512166468602e+00
7.916666666666666963e+00 1.073127621054952296e+00
8.333333333333333925e+00 1.088574007067580673e+00
8.750000000000000000e+00 1.087443494605679906e+00
9.166666666666666075e+00 1.084082803607933743e+00
9.583333333333333925e+00 1.081311191104460834e+00
1.000000000000000000e+01 1.079125476838567632e+00
1.041666666666666607e+01 1.076738029724459755e+00
1.083333333333333393e+01 1.074083560046870556e+00
1.125000000000000000e+01 1.071050779028958955e+00
1.166666666666666607e+01 1.067168273806849088e+00
1.208333333333333393e+01 1.061942852136471771e+00
1.250000000000000000e+01 1.054705452514089092e+00
1.291666666666666607e+01 1.044875445696263672e+00
1.333333333333333393e+01 1.031981209541461109e+00
1.375000000000000000e+01 1.016225132802937470e+00
1.416666666666666607e+01 1.002116043408167512e+00
1.458333333333333393e+01 1.004215826736754025e+00
1.500000000000000000e+01 1.027049051468160279e+00
1.541666666666666607e+01 9.554293628476664413e-01
1.583333333333333393e+01 8.867549458374885951e-01
1.625000000000000000e+01 8.666486803535142780e-01
1.666666666666666785e+01 8.577660448470716403e-01
1.708333333333333215e+01 8.493441826097798408e-01
1.750000000000000000e+01 8.391424707316221809e-01
1.791666666666666785e+01 8.258727037553652561e-01
1.833333333333333215e+01 8.084506147217762617e-01
1.875000000000000000e+01 7.869904045089171074e-01
1.916666666666666785e+01 7.613402240741875548e-01
1.958333333333333215e+01 7.317338111498985498e-01
2.000000000000000000e+01 6.998839781704444540e-01
2.041666666666666785e+01 6.692775204225419605e-01
2.083333333333333215e+01 6.422945792784661156e-01
2.125000000000000000e+01 6.188282648463371283e-01
2.166666666666666785e+01 5.941919591363273856e-01
2.208333333333333215e+01 5.640310718756644803e-01
2.250000000000000000e+01 5.273725597632804574e-01
2.291666666666666785e+01 4.846417120190709138e-01
2.333333333333333215e+01 4.358070158430716878e-01
2.375000000000000000e+01 3.835193998384118785e-01
2.416666666666666785e+01 3.434982954806566902e-01
2.458333333333333215e+01 3.227519700685004267e-01
2.500000000000000000e+01 3.978919753051841646e-01
2.541666666666666785e+01 4.171811868758794617e-01
2.583333333333333215e+01 4.343450354855924456e-01
2.625000000000000000e+01 4.406514688473845975e-01
2.666666666666666785e+01 4.353167025487965081e-01
2.708333333333333215e+01 4.178992780819817399e-01
2.750000000000000000e+01 3.913652565122394678e-01
2.791666666666666785e+01 3.647518586970051047e-01
2.833333333333333215e+01 3.398930799936869529e-01
2.875000000000000000e+01 2.980329642017975345e-01
2.916666666666666785e+01 2.521219648107538847e-01
2.958333333333333215e+01 1.277751493811610795e-01
3.000000000000000000e+01 4.230122609085663621e-01
3.041666666666666785e+01 3.495842697993835069e-01
3.083333333333333215e+01 2.817639853806058747e-01
3.125000000000000000e+01 5.636425166450520496e-02
3.166666666666666785e+01 5.258496841878401717e-02
3.208333333333333570e+01 4.884573620152909967e-02
3.250000000000000000e+01 4.516898068611119310e-02
3.291666666666666430e+01 4.156623710734519417e-02
3.333333333333333570e+01 3.802241646683235388e-02
3.375000000000000000e+01 3.455015167423491906e-02
3.416666666666666430e+01 3.114141579833307194e-02
3.458333333333333570e+01 2.782418709340717111e-02
3.500000000000000000e+01 2.460532283839533818e-02
3.541666666666666430e+01 2.147667234128869396e-02
3.583333333333333570e+01 1.845748335119656858e-02
3.625000000000000000e+01 1.553238881536267435e-02
3.666666666666666430e+01 1.270588937812366925e-02
3.708333333333333570e+01 9.967996568831849480e-03
3.750000000000000000e+01 7.312569059958362594e-03
3.791666666666666430e+01 4.724726842046389486e-03
3.833333333333333570e+01 2.199873848714117841e-03
3.875000000000000000e+01 -2.254417881346615360e-04
3.916666666666666430e+01 -2.560893043672018976e-03
3.958333333333333570e+01 -4.799207081663481311e-03
4.000000000000000000e+01 -1.326984859441382447e-03
