0.000000000000000000e+00 1.108367531277768325e+00
4.166666666666666852e-01 1.121247458165758992e+00
8.333333333333333703e-01 1.134665963748582973e+00
1.250000000000000000e+00 1.145687350488338252e+00
1.666666666666666741e+00 1.154030251652902406e+00
2.083333333333333481e+00 1.161367769906578529e+00
2.500000000000000000e+00 1.169260324909222826e+00
2.916666666666666519e+00 1.177839773232628007e+00
3.333333333333333481e+00 1.186897331904973818e+00
3.750000000000000000e+00 1.196724547577014297e+00
4.166666666666666963e+00 1.207398027997700130e+00
4.583333333333333037e+00 1.218596842545319081e+00
5.000000000000000000e+00 1.229848994354521885e+00
5.416666666666666963e+00 1.240203925080534564e+00
5.833333333333333037e+00 1.248869351210523559e+00
6.250000000000000000e+00 1.255409830660540127e+00
6.666666666666666963e+00 1.259742779804783552e+00
7.083333333333333037e+00 1.259892378712004213e+00
7.500000000000000000e+00 1.258264544271918917e+00
7.916666666666666963e+00 1.263078110697869905e+00
8.333333333333333925e+00 1.267318686524296245e+00
8.750000000000000000e+00 1.269430002354967169e+00
9.166666666666666075e+00 1.270651743408745649e+00
9.583333333333333925e+00 1.271113472123157173e+00
1.000000000000000000e+01 1.270903051141946349e+00
1.041666666666666607e+01 1.270254942212030391e+00
1.083333333333333393e+01 1.269309881778544646e+00
1.125000000000000000e+01 1.268104948559277911e+00
1.166666666666666607e+01 1.266402417688117454e+00
1.208333333333333393e+01 1.263730847477189334e+00
1.250000000000000000e+01 1.259749706877153042e+00
1.291666666666666607e+01 1.254243230799199083e+00
1.333333333333333393e+01 1.247187631390561879e+00
1.375000000000000000e+01 1.238723677281950986e+00
1.416666666666666607e+01 1.229013305710398241e+00
1.458333333333333393e+01 1.218553863979475960e+00
1.500000000000000000e+01 1.208720324428060877e+00
1.541666666666666607e+01 1.199702106332462215e+00
1.583333333333333393e+01 1.181085757563041572e+00
1.625000000000000000e+01 1.161298052541804404e+00
1.666666666666666785e+01 1.144902857416199238e+00
1.708333333333333215e+01 1.128538600880968579e+00
1.750000000000000000e+01 1.110834793014854327e+00
1.791666666666666785e+01 1.092164036262738502e+00
1.833333333333333215e+01 1.073207120252471336e+00
1.875000000000000000e+01 1.053704090718552866e+00
1.916666666666666785e+01 1.033344055654207727e+00
1.958333333333333215e+01 1.012064262580618212e+00
2.000000000000000000e+01 9.897526265252081235e-01
2.041666666666666785e+01 9.662495576125713637e-01
2.083333333333333215e+01 9.411560948800835602e-01
2.125000000000000000e+01 9.141642151349440581e-01
2.166666666666666785e+01 8.859090975293809622e-01
2.208333333333333215e+01 8.573331015223873974e-01
2.250000000000000000e+01 8.289208288184068962e-01
2.291666666666666785e+01 8.005157638833191314e-01
2.333333333333333215e+01 7.718836349708462219e-01
2.375000000000000000e+01 7.433792778817254199e-01
2.416666666666666785e+01 7.172789663466763166e-01
2.458333333333333215e+01 6.938976101156786314e-01
2.500000000000000000e+01 6.499640255505603204e-01
2.541666666666666785e+01 6.089476387761735277e-01
2.583333333333333215e+01 5.786371438982991222e-01
2.625000000000000000e+01 5.503199187560479100e-01
2.666666666666666785e+01 5.219636830959072382e-01
2.708333333333333215e+01 4.940878681482464008e-01
2.750000000000000000e+01 4.656337969850926073e-01
2.791666666666666785e+01 4.342309450352381250e-01
2.833333333333333215e+01 3.986690984022605577e-01
2.875000000000000000e+01 3.635013323433370358e-01
2.916666666666666785e+01 3.380230629992992952e-01
2.958333333333333215e+01 3.213607545194582249e-01
3.000000000000000000e+01 2.767928456697684725e-01
3.041666666666666785e+01 2.365048321727739600e-01
3.083333333333333215e+01 2.020531262642493164e-01
3.125000000000000000e+01 1.726465857341846766e-01
3.166666666666666785e+01 6.412535798447205337e-02
3.208333333333333570e+01 6.059267979027549433e-02
3.250000000000000000e+01 5.706311016136600411e-02
3.291666666666666430e+01 5.354126688753380048e-02
3.333333333333333570e+01 5.000823489433658953e-02
3.375000000000000000e+01 4.647112038597833727e-02
3.416666666666666430e+01 4.291690208695631004e-02
3.458333333333333570e+01 3.936349775472591794e-02
3.500000000000000000e+01 3.581123418305687256e-02
3.541666666666666430e+01 3.224963520749768442e-02
3.583333333333333570e+01 2.869517221642559068e-02
3.625000000000000000e+01 2.513597559134272963e-02
3.666666666666666430e+01 2.158010892909167922e-02
3.708333333333333570e+01 1.802367518360659115e-02
3.750000000000000000e+01 1.446654246802714372e-02
3.791666666666666430e+01 1.089893419047693879e-02
3.833333333333333570e+01 7.315682226263331422e-03
3.875000000000000000e+01 3.745132818812502151e-03
3.916666666666666430e+01 1.753208016345153553e-04
3.958333333333333570e+01 -3.387361223297080670e-03
4.000000000000000000e+01 8.486099892512921627e-05
