0.000000000000000000e+00 1.010347897755826230e+00
4.166666666666666852e-01 1.056971954680690828e+00
8.333333333333333703e-01 1.100970125106391917e+00
1.250000000000000000e+00 1.113493480196870555e+00
1.666666666666666741e+00 1.114836910245041945e+00
2.083333333333333481e+00 1.120759053081775480e+00
2.500000000000000000e+00 1.131036184079822871e+00
2.916666666666666519e+00 1.141923837668298969e+00
3.333333333333333481e+00 1.153200697669480634e+00
3.750000000000000000e+00 1.166242821921187556e+00
4.166666666666666963e+00 1.181582901664545382e+00
4.583333333333333037e+00 1.193341022827760112e+00
5.000000000000000000e+00 1.197459769683012709e+00
5.416666666666666963e+00 1.201762538029443217e+00
5.833333333333333037e+00 1.211843451448365361e+00
6.250000000000000000e+00 1.222749083116647206e+00
6.666666666666666963e+00 1.232354365149373132e+00
7.083333333333333037e+00 1.238758333427633529e+00
7.500000000000000000e+00 1.229869942732066512e+00
7.916666666666666963e+00 1.163931050691060287e+00
8.333333333333333925e+00 1.099675503613508187e+00
8.750000000000000000e+00 1.123752408236212474e+00
9.166666666666666075e+00 1.149089381371770191e+00
9.583333333333333925e+00 1.143063321173453328e+00
1.000000000000000000e+01 1.131799836500814171e+00
1.041666666666666607e+01 1.120683936901104794e+00
1.083333333333333393e+01 1.110360378139120918e+00
1.125000000000000000e+01 1.099230449996032366e+00
1.166666666666666607e+01 1.085634975559577553e+00
1.208333333333333393e+01 1.068079525860706536e+00
1.250000000000000000e+01 1.047626254369666388e+00
1.291666666666666607e+01 1.032460606962413152e+00
1.333333333333333393e+01 1.044048076945303327e+00
1.375000000000000000e+01 1.087630081555067019e+00
1.416666666666666607e+01 9.807062549936166329e-01
1.458333333333333393e+01 8.788355656468848087e-01
1.500000000000000000e+01 8.561139258127969942e-01
1.541666666666666607e+01 8.550649559087145635e-01
1.583333333333333393e+01 8.545866128551276031e-01
1.625000000000000000e+01 8.488872519335416422e-01
1.666666666666666785e+01 8.374537000395367858e-01
1.708333333333333215e+01 8.215112690183427047e-01
1.750000000000000000e+01 8.025593263947499167e-01
1.791666666666666785e+01 7.817087817919755599e-01
1.833333333333333215e+01 7.598400672397177535e-01
1.875000000000000000e+01 7.367421892489176560e-01
1.916666666666666785e+01 7.114189353720016262e-01
1.958333333333333215e+01 6.840385081279933832e-01
2.000000000000000000e+01 6.560999644679805787e-01
2.041666666666666785e+01 6.268606498397791826e-01
2.083333333333333215e+01 5.941639517970634943e-01
2.125000000000000000e+01 5.585056703012051260e-01
2.166666666666666785e+01 5.220576604526588893e-01
2.208333333333333215e+01 4.853858105303785475e-01
2.250000000000000000e+01 4.481903594703786631e-01
2.291666666666666785e+01 4.097782752175779253e-01
2.333333333333333215e+01 3.661904268260399720e-01
2.375000000000000000e+01 3.343114074175929651e-01
2.416666666666666785e+01 2.738287258056307794e-01
2.458333333333333215e+01 3.971225961617652622e-01
2.500000000000000000e+01 3.935975841440872980e-01
2.541666666666666785e+01 3.822653365209725540e-01
2.583333333333333215e+01 3.615074317588255481e-01
2.625000000000000000e+01 3.336695218552538922e-01
2.666666666666666785e+01 3.074565420163766216e-01
2.708333333333333215e+01 2.856801621873971686e-01
2.750000000000000000e+01 2.584750782104020539e-01
2.791666666666666785e+01 2.144413715948119692e-01
2.833333333333333215e+01 1.845135128897402721e-01
2.875000000000000000e+01 8.691362049182266292e-02
2.916666666666666785e+01 8.260200952452351197e-02
2.958333333333333215e+01 7.846463193517988488e-02
3.000000000000000000e+01 7.451951297022468834e-02
3.041666666666666785e+01 7.076714985566689986e-02
3.083333333333333215e+01 6.721126690445544671e-02
3.125000000000000000e+01 6.379084692565983872e-02
3.166666666666666785e+01 6.049194497764742717e-02
3.208333333333333570e+01 5.730251599350544289e-02
3.250000000000000000e+01 5.418694350774833079e-02
3.291666666666666430e+01 5.112084476612444028e-02
3.333333333333333570e+01 4.810698711958405482e-02
3.375000000000000000e+01 4.511940462559727028e-02
3.416666666666666430e+01 4.215229725122882076e-02
3.458333333333333570e+01 3.916255245508448724e-02
3.500000000000000000e+01 3.612875484744548782e-02
3.541666666666666430e+01 3.304556817528692125e-02
3.583333333333333570e+01 2.988081535584419246e-02
3.625000000000000000e+01 2.663891102848137127e-02
3.666666666666666430e+01 2.330539458100955308e-02
3.708333333333333570e+01 1.988174345485027583e-02
3.750000000000000000e+01 1.636654187622843537e-02
3.791666666666666430e+01 1.276786772623306199e-02
3.833333333333333570e+01 9.083435329258482405e-03
3.875000000000000000e+01 5.269585393214315516e-03
3.916666666666666430e+01 1.331363589167966488e-03
3.958333333333333570e+01 -2.741230756608814545e-03
4.000000000000000000e+01 7.309914656133953414e-04
