0.000000000000000000e+00 9.440855209778058477e-01
4.166666666666666852e-01 9.606990951462504036e-01
8.333333333333333703e-01 9.772627421051958141e-01
1.250000000000000000e+00 9.886089891969687127e-01
1.666666666666666741e+00 9.975603193342175157e-01
2.083333333333333481e+00 1.006618261688501104e+00
2.500000000000000000e+00 1.016802076764052432e+00
2.916666666666666519e+00 1.027308222309077923e+00
3.333333333333333481e+00 1.037540673519897094e+00
3.750000000000000000e+00 1.047545882533931660e+00
4.166666666666666963e+00 1.057392124562900992e+00
4.583333333333333037e+00 1.067111317198324638e+00
5.000000000000000000e+00 1.076892433750382683e+00
5.416666666666666963e+00 1.086606839271624825e+00
5.833333333333333037e+00 1.095335868629594422e+00
6.250000000000000000e+00 1.101324533160755514e+00
6.666666666666666963e+00 1.100581928697754730e+00
7.083333333333333037e+00 1.100060219699633191e+00
7.500000000000000000e+00 1.108188313058666274e+00
7.916666666666666963e+00 1.115771599600447583e+00
8.333333333333333925e+00 1.118749130934549640e+00
8.750000000000000000e+00 1.120461518863461237e+00
9.166666666666666075e+00 1.121803172199789422e+00
9.583333333333333925e+00 1.122726533768341195e+00
1.000000000000000000e+01 1.122829176850872468e+00
1.041666666666666607e+01 1.121943780467566043e+00
1.083333333333333393e+01 1.120222068313754704e+00
1.125000000000000000e+01 1.117644100177241917e+00
1.166666666666666607e+01 1.114249591747129786e+00
1.208333333333333393e+01 1.110241279225073985e+00
1.250000000000000000e+01 1.106086917706833761e+00
1.291666666666666607e+01 1.102809447584151670e+00
1.333333333333333393e+01 1.101994332661362153e+00
1.375000000000000000e+01 1.105818672374871081e+00
1.416666666666666607e+01 1.114982155786831797e+00
1.458333333333333393e+01 1.120573298886850200e+00
1.500000000000000000e+01 1.094646147702538874e+00
1.541666666666666607e+01 1.061041658600290871e+00
1.583333333333333393e+01 9.061404345420587259e-01
1.625000000000000000e+01 1.403980961682212980e+00
1.666666666666666785e+01 1.358095299492417363e+00
1.708333333333333215e+01 1.267713830413217835e+00
1.750000000000000000e+01 1.195458685383650632e+00
1.791666666666666785e+01 1.145763207076334833e+00
1.833333333333333215e+01 1.109982054313286337e+00
1.875000000000000000e+01 1.081121895661194099e+00
1.916666666666666785e+01 1.054960278068352242e+00
1.958333333333333215e+01 1.029766482990298160e+00
2.000000000000000000e+01 1.005256811773931558e+00
2.041666666666666785e+01 9.825710702501772031e-01
2.083333333333333215e+01 9.618964668263400020e-01
2.125000000000000000e+01 9.416144408595228388e-01
2.166666666666666785e+01 9.202777006395909121e-01
2.208333333333333215e+01 8.968857620331668334e-01
2.250000000000000000e+01 8.711442197918997099e-01
2.291666666666666785e+01 8.432412265154306530e-01
2.333333333333333215e+01 8.140282019689879522e-01
2.375000000000000000e+01 7.856050366896254467e-01
2.416666666666666785e+01 7.623174120437209433e-01
2.458333333333333215e+01 7.431758546292233092e-01
2.500000000000000000e+01 6.807981175709220123e-01
2.541666666666666785e+01 6.249367783336722271e-01
2.583333333333333215e+01 5.928754426123326038e-01
2.625000000000000000e+01 5.657955050054681578e-01
2.666666666666666785e+01 5.369320164250548366e-01
2.708333333333333215e+01 5.055757326740907276e-01
2.750000000000000000e+01 4.736246961075232242e-01
2.791666666666666785e+01 4.433071653322583905e-01
2.833333333333333215e+01 4.141612741032580924e-01
2.875000000000000000e+01 3.859697352258519287e-01
2.916666666666666785e+01 3.638335033850313982e-01
2.958333333333333215e+01 3.476972721310304104e-01
3.000000000000000000e+01 2.588749992141866629e-01
3.041666666666666785e+01 1.903576573018525009e-01
3.083333333333333215e+01 7.110187691687319678e-02
3.125000000000000000e+01 6.748364828869246601e-02
3.166666666666666785e+01 6.390428604837228299e-02
3.208333333333333570e+01 6.036767900215200822e-02
3.250000000000000000e+01 5.685144648250450850e-02
3.291666666666666430e+01 5.333947276642703184e-02
3.333333333333333570e+01 4.983820836691177369e-02
3.375000000000000000e+01 4.633482414091849577e-02
3.416666666666666430e+01 4.283770647289886213e-02
3.458333333333333570e+01 3.933081814961503220e-02
3.500000000000000000e+01 3.581410447431154775e-02
3.541666666666666430e+01 3.229677160449984097e-02
3.583333333333333570e+01 2.876457343058913541e-02
3.625000000000000000e+01 2.522795467700644778e-02
3.666666666666666430e+01 2.167949237201005630e-02
3.708333333333333570e+01 1.812209815101017973e-02
3.750000000000000000e+01 1.455471665086771615e-02
3.791666666666666430e+01 1.098515491561047330e-02
3.833333333333333570e+01 7.419859449566357235e-03
3.875000000000000000e+01 3.837824390794053464e-03
3.916666666666666430e+01 2.523767466352522248e-04
3.958333333333333570e+01 -3.341402150099037627e-03
4.000000000000000000e+01 1.308200721231722596e-04
