0.000000000000000000e+00 1.781461933909830986e+00
4.166666666666666852e-01 1.783226371121985565e+00
8.333333333333333703e-01 1.776807929382490325e+00
1.250000000000000000e+00 1.777949348008760921e+00
1.666666666666666741e+00 1.774961345560118531e+00
2.083333333333333481e+00 1.773047846047595577e+00
2.500000000000000000e+00 1.775424620355228189e+00
2.916666666666666519e+00 1.780691553526709825e+00
3.333333333333333481e+00 1.786954882563547509e+00
3.750000000000000000e+00 1.792725098555789653e+00
4.166666666666666963e+00 1.798056671122887584e+00
4.583333333333333037e+00 1.803543299692946800e+00
5.000000000000000000e+00 1.809681864172986376e+00
5.416666666666666963e+00 1.816277497114978434e+00
5.833333333333333037e+00 1.821660207113200869e+00
6.250000000000000000e+00 1.823376459407047179e+00
6.666666666666666963e+00 1.822690976163365839e+00
7.083333333333333037e+00 1.823385219680432101e+00
7.500000000000000000e+00 1.819498173109910466e+00
7.916666666666666963e+00 1.790532063662341855e+00
8.333333333333333925e+00 1.760822712988084016e+00
8.750000000000000000e+00 1.770020703394772799e+00
9.166666666666666075e+00 1.779733409924312060e+00
9.583333333333333925e+00 1.777153329643391233e+00
1.000000000000000000e+01 1.773456577138268209e+00
1.041666666666666607e+01 1.770362561409539737e+00
1.083333333333333393e+01 1.767291817645765484e+00
1.125000000000000000e+01 1.763101013096537217e+00
1.166666666666666607e+01 1.757097600829048645e+00
1.208333333333333393e+01 1.749385592616331975e+00
1.250000000000000000e+01 1.740267610507322038e+00
1.291666666666666607e+01 1.730069181381270971e+00
1.333333333333333393e+01 1.720706641287206295e+00
1.375000000000000000e+01 1.718953241873850901e+00
1.416666666666666607e+01 1.727602437751916575e+00
1.458333333333333393e+01 1.690225559489918261e+00
1.500000000000000000e+01 1.657428350410720785e+00
1.541666666666666607e+01 1.652257833968582279e+00
1.583333333333333393e+01 1.653804089437583169e+00
1.625000000000000000e+01 1.653079939080818628e+00
1.666666666666666785e+01 1.647150701347328328e+00
1.708333333333333215e+01 1.636422050976958920e+00
1.750000000000000000e+01 1.622405855567133237e+00
1.791666666666666785e+01 1.605541904468934300e+00
1.833333333333333215e+01 1.586063580855882504e+00
1.875000000000000000e+01 1.564433441081227283e+00
1.916666666666666785e+01 1.541183153112493098e+00
1.958333333333333215e+01 1.517609039839563856e+00
2.000000000000000000e+01 1.495365130385517327e+00
2.041666666666666785e+01 1.475017171117859016e+00
2.083333333333333215e+01 1.455638009796063725e+00
2.125000000000000000e+01 1.435052263280192975e+00
2.166666666666666785e+01 1.412154894071053768e+00
2.208333333333333215e+01 1.386694798615698998e+00
2.250000000000000000e+01 1.358838147151382181e+00
2.291666666666666785e+01 1.328826871881763738e+00
2.333333333333333215e+01 1.297859561106331938e+00
2.375000000000000000e+01 1.269860920307298802e+00
2.416666666666666785e+01 1.253267105538445891e+00
2.458333333333333215e+01 1.246608651127713463e+00
2.500000000000000000e+01 1.172025549550765877e+00
2.541666666666666785e+01 1.107157841831308609e+00
2.583333333333333215e+01 1.078785382866816134e+00
2.625000000000000000e+01 1.056372592781531505e+00
2.666666666666666785e+01 1.030548053796789709e+00
2.708333333333333215e+01 1.001599000871076672e+00
2.750000000000000000e+01 9.709160357282551335e-01
2.791666666666666785e+01 9.380723558646790750e-01
2.833333333333333215e+01 9.043666991823716694e-01
2.875000000000000000e+01 8.753496423771333079e-01
2.916666666666666785e+01 8.626211598043082018e-01
2.958333333333333215e+01 8.648891707776691362e-01
3.000000000000000000e+01 7.844958667967465438e-01
3.041666666666666785e+01 7.187730370967171378e-01
3.083333333333333215e+01 6.944360513397629386e-01
3.125000000000000000e+01 6.719132193200553216e-01
3.166666666666666785e+01 6.479313093657624867e-01
3.208333333333333570e+01 6.185504461561257550e-01
3.250000000000000000e+01 5.788226134150802338e-01
3.291666666666666430e+01 5.376562209461746011e-01
3.333333333333333570e+01 5.092337392324076673e-01
3.375000000000000000e+01 5.103230911682661297e-01
3.416666666666666430e+01 5.480650951284623540e-01
3.458333333333333570e+01 4.381101789295682725e-02
3.500000000000000000e+01 3.981227660181319017e-02
3.541666666666666430e+01 3.582368369184962820e-02
3.583333333333333570e+01 3.186960123692361702e-02
3.625000000000000000e+01 2.793424255514320720e-02
3.666666666666666430e+01 2.402098072918990024e-02
3.708333333333333570e+01 2.011696934541817861e-02
3.750000000000000000e+01 1.621426283676918878e-02
3.791666666666666430e+01 1.229858548619122693e-02
3.833333333333333570e+01 8.371912252111091135e-03
3.875000000000000000e+01 4.483512987916160597e-03
3.916666666666666430e+01 6.306774408743054394e-04
3.958333333333333570e+01 -3.176263819690938739e-03
4.000000000000000000e+01 2.959584025313821698e-04
