0.000000000000000000e+00 1.197226705820766846e+00
4.166666666666666852e-01 1.247223499121349999e+00
8.333333333333333703e-01 1.299198396761477969e+00
1.250000000000000000e+00 1.314882709068612154e+00
1.666666666666666741e+00 1.314514878712172319e+00
2.083333333333333481e+00 1.317260773478862834e+00
2.500000000000000000e+00 1.324744073421123103e+00
2.916666666666666519e+00 1.331379735141665188e+00
3.333333333333333481e+00 1.338430543536532014e+00
3.750000000000000000e+00 1.348311775772564225e+00
4.166666666666666963e+00 1.358823530977862681e+00
4.583333333333333037e+00 1.364538879324174836e+00
5.000000000000000000e+00 1.367680621983451417e+00
5.416666666666666963e+00 1.375948207999250883e+00
5.833333333333333037e+00 1.387724155535591031e+00
6.250000000000000000e+00 1.396481231586023553e+00
6.666666666666666963e+00 1.400225692254975396e+00
7.083333333333333037e+00 1.400200780679445867e+00
7.500000000000000000e+00 1.398374386791596313e+00
7.916666666666666963e+00 1.394762156424123933e+00
8.333333333333333925e+00 1.389638050711905493e+00
8.750000000000000000e+00 1.383897855551993850e+00
9.166666666666666075e+00 1.377442262222472458e+00
9.583333333333333925e+00 1.371040421239997809e+00
1.000000000000000000e+01 1.365218366173566622e+00
1.041666666666666607e+01 1.359889848147703750e+00
1.083333333333333393e+01 1.354829653061735861e+00
1.125000000000000000e+01 1.349295889170280427e+00
1.166666666666666607e+01 1.343260727085957562e+00
1.208333333333333393e+01 1.335750234111987789e+00
1.250000000000000000e+01 1.326494051373229066e+00
1.291666666666666607e+01 1.317468086087313583e+00
1.333333333333333393e+01 1.307319374846697135e+00
1.375000000000000000e+01 1.293632885368696028e+00
1.416666666666666607e+01 1.276841007383336057e+00
1.458333333333333393e+01 1.257419380725653291e+00
1.500000000000000000e+01 1.235699436187140066e+00
1.541666666666666607e+01 1.212614392148076981e+00
1.583333333333333393e+01 1.188813399846736951e+00
1.625000000000000000e+01 1.165071222226967906e+00
1.666666666666666785e+01 1.144056107516368881e+00
1.708333333333333215e+01 1.126326108539213999e+00
1.750000000000000000e+01 1.108557231525936437e+00
1.791666666666666785e+01 1.091240754708161287e+00
1.833333333333333215e+01 1.078857246081261545e+00
1.875000000000000000e+01 1.072270702644545715e+00
1.916666666666666785e+01 1.068654722817251601e+00
1.958333333333333215e+01 1.063411305157923703e+00
2.000000000000000000e+01 1.052524499783461520e+00
2.041666666666666785e+01 1.034710019281229076e+00
2.083333333333333215e+01 1.010474135087134684e+00
2.125000000000000000e+01 9.805898847951247665e-01
2.166666666666666785e+01 9.463920536890841895e-01
2.208333333333333215e+01 9.107348694582103610e-01
2.250000000000000000e+01 8.826867147424195537e-01
2.291666666666666785e+01 8.818681867705165933e-01
2.333333333333333215e+01 9.062024038061917697e-01
2.375000000000000000e+01 7.575673906729198936e-01
2.416666666666666785e+01 6.390572901998845534e-01
2.458333333333333215e+01 6.133355719126005745e-01
2.500000000000000000e+01 6.047782491970399299e-01
2.541666666666666785e+01 5.910267158399562515e-01
2.583333333333333215e+01 5.698887606237765802e-01
2.625000000000000000e+01 5.432449464261490668e-01
2.666666666666666785e+01 5.127996904503845377e-01
2.708333333333333215e+01 4.789855612256722073e-01
2.750000000000000000e+01 4.410684485885524309e-01
2.791666666666666785e+01 4.002684744577236220e-01
2.833333333333333215e+01 3.660324352689079963e-01
2.875000000000000000e+01 3.607633281756174592e-01
2.916666666666666785e+01 3.803304301440308399e-01
2.958333333333333215e+01 2.655906709543923716e-01
3.000000000000000000e+01 7.757987096595403420e-02
3.041666666666666785e+01 7.409452686200607152e-02
3.083333333333333215e+01 7.057772637064702037e-02
3.125000000000000000e+01 6.707527508689004048e-02
3.166666666666666785e+01 6.357330533880967138e-02
3.208333333333333570e+01 6.005238630439824199e-02
3.250000000000000000e+01 5.652722955329381183e-02
3.291666666666666430e+01 5.300140537171715849e-02
3.333333333333333570e+01 4.944423017691224054e-02
3.375000000000000000e+01 4.586610105378718938e-02
3.416666666666666430e+01 4.226149140772772483e-02
3.458333333333333570e+01 3.867196129791206083e-02
3.500000000000000000e+01 3.510253351260883559e-02
3.541666666666666430e+01 3.154956306707257241e-02
3.583333333333333570e+01 2.803569376219305909e-02
3.625000000000000000e+01 2.453985794803292819e-02
3.666666666666666430e+01 2.105959226325149203e-02
3.708333333333333570e+01 1.757576493420454078e-02
3.750000000000000000e+01 1.407577252173208837e-02
3.791666666666666430e+01 1.054342323497603484e-02
3.833333333333333570e+01 6.983373822277205711e-03
3.875000000000000000e+01 3.451658195050888445e-03
3.916666666666666430e+01 -5.078294905647151580e-05
3.958333333333333570e+01 -3.512716256536818626e-03
4.000000000000000000e+01 -4.049403431460874003e-05
