0.000000000000000000e+00 6.543874126696210825e-01
4.166666666666666852e-01 6.557162281599592246e-01
8.333333333333333703e-01 6.552939202946139741e-01
1.250000000000000000e+00 6.635021259797482251e-01
1.666666666666666741e+00 6.772231065526901350e-01
2.083333333333333481e+00 6.918454003434144628e-01
2.500000000000000000e+00 7.043082080841048809e-01
2.916666666666666519e+00 7.154816869594973205e-01
3.333333333333333481e+00 7.265187069973391143e-01
3.750000000000000000e+00 7.371267533125418492e-01
4.166666666666666963e+00 7.471255866765855735e-01
4.583333333333333037e+00 7.566387060229858852e-01
5.000000000000000000e+00 7.651432579256547406e-01
5.416666666666666963e+00 7.715608758385525956e-01
5.833333333333333037e+00 7.764445923472051980e-01
6.250000000000000000e+00 7.819025877403134039e-01
6.666666666666666963e+00 7.914703932448170498e-01
7.083333333333333037e+00 8.150223296486525104e-01
7.500000000000000000e+00 8.359092730329735765e-01
7.916666666666666963e+00 8.333778558646580681e-01
8.333333333333333925e+00 8.297675835488038665e-01
8.750000000000000000e+00 8.354784058800575064e-01
9.166666666666666075e+00 8.421208891262301766e-01
9.583333333333333925e+00 8.471633750985707589e-01
1.000000000000000000e+01 8.499882810900625252e-01
1.041666666666666607e+01 8.510648430366449801e-01
1.083333333333333393e+01 8.508785702119467942e-01
1.125000000000000000e+01 8.493209867343690656e-01
1.166666666666666607e+01 8.463899489272074250e-01
1.208333333333333393e+01 8.422325005938249287e-01
1.250000000000000000e+01 8.369722402074573075e-01
1.291666666666666607e+01 8.308944810785285906e-01
1.333333333333333393e+01 8.243687630182112702e-01
1.375000000000000000e+01 8.175483086091535068e-01
1.416666666666666607e+01 8.102248907180396031e-01
1.458333333333333393e+01 7.993139603196689480e-01
1.500000000000000000e+01 7.745816007397958725e-01
1.541666666666666607e+01 7.341937675639287342e-01
1.583333333333333393e+01 7.630587985198937773e-01
1.625000000000000000e+01 7.930466947118126608e-01
1.666666666666666785e+01 7.862975572462203022e-01
1.708333333333333215e+01 7.689587439642450173e-01
1.750000000000000000e+01 7.495075650896229069e-01
1.791666666666666785e+01 7.287022047658078261e-01
1.833333333333333215e+01 7.074312964452037500e-01
1.875000000000000000e+01 6.877756659490810165e-01
1.916666666666666785e+01 6.707060606435881756e-01
1.958333333333333215e+01 6.540007701864474221e-01
2.000000000000000000e+01 6.353924028227211362e-01
2.041666666666666785e+01 6.133282285093301089e-01
2.083333333333333215e+01 5.877911699437029514e-01
2.125000000000000000e+01 5.595109682852827948e-01
2.166666666666666785e+01 5.286912299081593103e-01
2.208333333333333215e+01 4.959365322654418762e-01
2.250000000000000000e+01 4.642237834472962010e-01
2.291666666666666785e+01 4.387262652189140022e-01
2.333333333333333215e+01 4.181030237366540891e-01
2.375000000000000000e+01 3.868110077834152616e-01
2.416666666666666785e+01 3.429932783482728675e-01
2.458333333333333215e+01 2.842073578047561444e-01
2.500000000000000000e+01 5.215699716648534157e-01
2.541666666666666785e+01 4.871025074550088263e-01
2.583333333333333215e+01 4.478373046877410779e-01
2.625000000000000000e+01 4.148104116470994751e-01
2.666666666666666785e+01 3.854852036386727798e-01
2.708333333333333215e+01 3.580494986118388234e-01
2.750000000000000000e+01 3.313158501138763201e-01
2.791666666666666785e+01 3.036997837421742674e-01
2.833333333333333215e+01 2.729081797901610762e-01
2.875000000000000000e+01 2.323157693303151139e-01
2.916666666666666785e+01 1.876647396730088957e-01
2.958333333333333215e+01 1.295032157923193816e-01
3.000000000000000000e+01 2.954233601959430633e-01
3.041666666666666785e+01 2.631938993777821478e-01
3.083333333333333215e+01 2.271378775894655755e-01
3.125000000000000000e+01 1.952694230786813367e-01
3.166666666666666785e+01 1.569298013127420344e-01
3.208333333333333570e+01 1.151857343895841268e-01
3.250000000000000000e+01 5.681763871228850959e-02
3.291666666666666430e+01 5.328665867255222288e-02
3.333333333333333570e+01 4.975917705519039558e-02
3.375000000000000000e+01 4.622703556132023994e-02
3.416666666666666430e+01 4.270287771900260765e-02
3.458333333333333570e+01 3.917037691306812786e-02
3.500000000000000000e+01 3.563055201658560378e-02
3.541666666666666430e+01 3.209481398594538071e-02
3.583333333333333570e+01 2.854834172528641911e-02
3.625000000000000000e+01 2.500349246519506519e-02
3.666666666666666430e+01 2.145292190778314012e-02
3.708333333333333570e+01 1.790058198286637037e-02
3.750000000000000000e+01 1.434641862982655169e-02
3.791666666666666430e+01 1.079976225501821929e-02
3.833333333333333570e+01 7.266200378832077256e-03
3.875000000000000000e+01 3.719371501867407837e-03
3.916666666666666430e+01 1.716784697713968910e-04
3.958333333333333570e+01 -3.382920182988247149e-03
4.000000000000000000e+01 8.930203923396273780e-05
