0.000000000000000000e+00 1.227198192857863912e+00
4.166666666666666852e-01 1.246398508919106085e+00
8.333333333333333703e-01 1.266580792652441723e+00
1.250000000000000000e+00 1.279094667628456028e+00
1.666666666666666741e+00 1.287203401088422128e+00
2.083333333333333481e+00 1.294848827940278779e+00
2.500000000000000000e+00 1.303961272115253811e+00
2.916666666666666519e+00 1.313569619470428496e+00
3.333333333333333481e+00 1.323058225888382733e+00
3.750000000000000000e+00 1.332344633870335748e+00
4.166666666666666963e+00 1.341365679277221279e+00
4.583333333333333037e+00 1.350353347740926635e+00
5.000000000000000000e+00 1.359917637958098391e+00
5.416666666666666963e+00 1.369893782545992700e+00
5.833333333333333037e+00 1.378914398605159963e+00
6.250000000000000000e+00 1.387134105988822252e+00
6.666666666666666963e+00 1.393833890813328535e+00
7.083333333333333037e+00 1.387108700140102790e+00
7.500000000000000000e+00 1.377191306557675743e+00
7.916666666666666963e+00 1.386440158638714948e+00
8.333333333333333925e+00 1.394869234640424338e+00
8.750000000000000000e+00 1.395041901603032430e+00
9.166666666666666075e+00 1.393881224255471896e+00
9.583333333333333925e+00 1.392748655009670822e+00
1.000000000000000000e+01 1.391436927964644132e+00
1.041666666666666607e+01 1.389577243693672637e+00
1.083333333333333393e+01 1.387114815714252547e+00
1.125000000000000000e+01 1.383984722141511359e+00
1.166666666666666607e+01 1.379969122898317746e+00
1.208333333333333393e+01 1.374780391431417392e+00
1.250000000000000000e+01 1.368019624287656999e+00
1.291666666666666607e+01 1.359417392427490823e+00
1.333333333333333393e+01 1.348616375840079318e+00
1.375000000000000000e+01 1.335938987751145168e+00
1.416666666666666607e+01 1.324442540576673100e+00
1.458333333333333393e+01 1.321197636750986559e+00
1.500000000000000000e+01 1.327172023770200493e+00
1.541666666666666607e+01 1.284236793013712852e+00
1.583333333333333393e+01 1.242183978538495381e+00
1.625000000000000000e+01 1.225558435286483672e+00
1.666666666666666785e+01 1.215578480179963838e+00
1.708333333333333215e+01 1.204513058488838828e+00
1.750000000000000000e+01 1.190824820817512952e+00
1.791666666666666785e+01 1.174893090489403935e+00
1.833333333333333215e+01 1.156984112067261039e+00
1.875000000000000000e+01 1.137279622242028720e+00
1.916666666666666785e+01 1.116090190937916393e+00
1.958333333333333215e+01 1.093612081868636565e+00
2.000000000000000000e+01 1.069753076302229822e+00
2.041666666666666785e+01 1.044693964192780378e+00
2.083333333333333215e+01 1.019065187950696449e+00
2.125000000000000000e+01 9.928568200317309245e-01
2.166666666666666785e+01 9.654518500899722522e-01
2.208333333333333215e+01 9.366758658935734339e-01
2.250000000000000000e+01 9.070433829753126176e-01
2.291666666666666785e+01 8.762589430644116550e-01
2.333333333333333215e+01 8.443904600560576679e-01
2.375000000000000000e+01 8.142221498557342674e-01
2.416666666666666785e+01 7.934676373264500926e-01
2.458333333333333215e+01 7.818048255573941674e-01
2.500000000000000000e+01 7.049634275148519702e-01
2.541666666666666785e+01 6.441366911400748796e-01
2.583333333333333215e+01 6.197232529393670308e-01
2.625000000000000000e+01 5.979581762836267966e-01
2.666666666666666785e+01 5.705363039735336095e-01
2.708333333333333215e+01 5.402069760647003616e-01
2.750000000000000000e+01 5.119061398540425412e-01
2.791666666666666785e+01 4.825908725744219030e-01
2.833333333333333215e+01 4.455692201450824341e-01
2.875000000000000000e+01 4.073631276671834112e-01
2.916666666666666785e+01 3.950667865495474107e-01
2.958333333333333215e+01 4.310578113403883416e-01
3.000000000000000000e+01 7.702753710987741975e-02
3.041666666666666785e+01 7.348884785292653099e-02
3.083333333333333215e+01 6.994915904250764704e-02
3.125000000000000000e+01 6.640711721506498133e-02
3.166666666666666785e+01 6.287655920019108446e-02
3.208333333333333570e+01 5.933762894544114541e-02
3.250000000000000000e+01 5.580176755683663448e-02
3.291666666666666430e+01 5.227746289631363119e-02
3.333333333333333570e+01 4.875152054870635077e-02
3.375000000000000000e+01 4.523345902675879326e-02
3.416666666666666430e+01 4.171212356118936260e-02
3.458333333333333570e+01 3.820387008065362355e-02
3.500000000000000000e+01 3.470801674566237338e-02
3.541666666666666430e+01 3.121363878934069191e-02
3.583333333333333570e+01 2.773488418038971837e-02
3.625000000000000000e+01 2.425927147168638331e-02
3.666666666666666430e+01 2.079320714099719414e-02
3.708333333333333570e+01 1.733193932419085925e-02
3.750000000000000000e+01 1.387459081360542523e-02
3.791666666666666430e+01 1.041098462611900199e-02
3.833333333333333570e+01 6.933868721134661683e-03
3.875000000000000000e+01 3.466548541833369690e-03
3.916666666666666430e+01 -4.786654429378423004e-06
3.958333333333333570e+01 -3.475238772758459938e-03
4.000000000000000000e+01 -3.016550536361073398e-06
