0.000000000000000000e+00 8.539467729689054210e-01
4.166666666666666852e-01 8.493404919640911155e-01
8.333333333333333703e-01 8.436514412884834613e-01
1.250000000000000000e+00 8.545759695055834548e-01
1.666666666666666741e+00 8.747496971234369756e-01
2.083333333333333481e+00 8.949857367399176589e-01
2.500000000000000000e+00 9.107571456061924753e-01
2.916666666666666519e+00 9.237002939462943818e-01
3.333333333333333481e+00 9.343370827233370424e-01
3.750000000000000000e+00 9.418698618226173380e-01
4.166666666666666963e+00 9.444574884569039153e-01
4.583333333333333037e+00 9.393473651782595635e-01
5.000000000000000000e+00 9.236868744419977073e-01
5.416666666666666963e+00 8.971818619030331732e-01
5.833333333333333037e+00 8.629728648207847241e-01
6.250000000000000000e+00 8.248658094696755816e-01
6.666666666666666963e+00 6.310839703845716464e-01
7.083333333333333037e+00 6.651247734655969523e-01
7.500000000000000000e+00 6.834947979068466406e-01
7.916666666666666963e+00 7.118819349018786768e-01
8.333333333333333925e+00 7.416296975508732681e-01
8.750000000000000000e+00 7.633519387951280821e-01
9.166666666666666075e+00 7.795287141198921077e-01
9.583333333333333925e+00 7.911170167279745202e-01
1.000000000000000000e+01 7.994261438406712328e-01
1.041666666666666607e+01 8.051454348764917057e-01
1.083333333333333393e+01 8.080343686348917531e-01
1.125000000000000000e+01 8.082510808964389337e-01
1.166666666666666607e+01 8.062747011614876946e-01
1.208333333333333393e+01 8.025874783670277068e-01
1.250000000000000000e+01 7.978156912983823679e-01
1.291666666666666607e+01 7.924487137018879634e-01
1.333333333333333393e+01 7.874524123244328599e-01
1.375000000000000000e+01 7.838760694261178719e-01
1.416666666666666607e+01 7.818514207408593375e-01
1.458333333333333393e+01 7.780857807425188843e-01
1.500000000000000000e+01 7.579576510697000336e-01
1.541666666666666607e+01 7.388012986461768294e-01
1.583333333333333393e+01 7.160605209639441249e-01
1.625000000000000000e+01 6.587792489714491273e-01
1.666666666666666785e+01 7.228435162475626008e-01
1.708333333333333215e+01 7.644423072834733990e-01
1.750000000000000000e+01 7.438342780025860579e-01
1.791666666666666785e+01 7.094928398423767657e-01
1.833333333333333215e+01 6.764239887628065162e-01
1.875000000000000000e+01 6.467500845043591129e-01
1.916666666666666785e+01 6.196076490026156680e-01
1.958333333333333215e+01 5.934317071235085672e-01
2.000000000000000000e+01 5.668335778121635915e-01
2.041666666666666785e+01 5.389717692868269960e-01
2.083333333333333215e+01 5.099545421969291503e-01
2.125000000000000000e+01 4.809576202103681419e-01
2.166666666666666785e+01 4.540627435996401617e-01
2.208333333333333215e+01 4.296550735923383435e-01
2.250000000000000000e+01 4.063210822554921275e-01
2.291666666666666785e+01 3.822274320467462516e-01
2.333333333333333215e+01 3.570216634801052225e-01
2.375000000000000000e+01 3.302036184442828093e-01
2.416666666666666785e+01 2.933951168879205262e-01
2.458333333333333215e+01 2.516707326008404411e-01
2.500000000000000000e+01 1.930686662328814918e-01
2.541666666666666785e+01 4.241116633451562645e-01
2.583333333333333215e+01 3.904920712743130129e-01
2.625000000000000000e+01 3.528946247504637923e-01
2.666666666666666785e+01 3.152803406550822585e-01
2.708333333333333215e+01 2.907367651607140613e-01
2.750000000000000000e+01 2.715643188216675941e-01
2.791666666666666785e+01 2.445851475643601725e-01
2.833333333333333215e+01 2.169785597573684610e-01
2.875000000000000000e+01 1.813429198402142228e-01
2.916666666666666785e+01 1.406388421702678970e-01
2.958333333333333215e+01 1.031089149561159601e-01
3.000000000000000000e+01 5.264669317883297062e-02
3.041666666666666785e+01 5.024728381221821305e-02
3.083333333333333215e+01 4.785106200994426739e-02
3.125000000000000000e+01 4.545695868107868520e-02
3.166666666666666785e+01 4.304939132826912651e-02
3.208333333333333570e+01 4.064798108010447830e-02
3.250000000000000000e+01 3.824095833779861398e-02
3.291666666666666430e+01 3.581993159747198785e-02
3.333333333333333570e+01 3.339893266897564494e-02
3.375000000000000000e+01 3.096885188076925477e-02
3.416666666666666430e+01 2.854123564013211212e-02
3.458333333333333570e+01 2.609907664619615097e-02
3.500000000000000000e+01 2.364236262617325224e-02
3.541666666666666430e+01 2.118117231541316592e-02
3.583333333333333570e+01 1.869959684404309819e-02
3.625000000000000000e+01 1.620850300233922514e-02
3.666666666666666430e+01 1.369926295879930755e-02
3.708333333333333570e+01 1.117443770040893458e-02
3.750000000000000000e+01 8.632653938215995026e-03
3.791666666666666430e+01 6.081977118348458333e-03
3.833333333333333570e+01 3.527210115260137613e-03
3.875000000000000000e+01 9.419601943081445938e-04
3.916666666666666430e+01 -1.661848583102365495e-03
3.958333333333333570e+01 -4.290605768867861158e-03
4.000000000000000000e+01 -8.183835466456512719e-04
