0.000000000000000000e+00 5.735597179002842605e-01
4.166666666666666852e-01 5.936745511675822762e-01
8.333333333333333703e-01 6.152421846782203385e-01
1.250000000000000000e+00 6.287726593287796817e-01
1.666666666666666741e+00 6.376110142793300906e-01
2.083333333333333481e+00 6.461273441975021736e-01
2.500000000000000000e+00 6.566045703449043813e-01
2.916666666666666519e+00 6.677638483797661006e-01
3.333333333333333481e+00 6.788832526049781713e-01
3.750000000000000000e+00 6.901467879467506616e-01
4.166666666666666963e+00 7.014473527728792845e-01
4.583333333333333037e+00 7.126631421489073581e-01
5.000000000000000000e+00 7.240736657316921843e-01
5.416666666666666963e+00 7.354746130974221252e-01
5.833333333333333037e+00 7.455223938507384851e-01
6.250000000000000000e+00 7.525074902798589704e-01
6.666666666666666963e+00 7.547522820192118509e-01
7.083333333333333037e+00 7.453185341223904636e-01
7.500000000000000000e+00 7.372975457082180384e-01
7.916666666666666963e+00 7.479097457850063524e-01
8.333333333333333925e+00 7.604564792582073629e-01
8.750000000000000000e+00 7.664425935288918801e-01
9.166666666666666075e+00 7.708042629882867480e-01
9.583333333333333925e+00 7.742856097505970148e-01
1.000000000000000000e+01 7.766977213953123460e-01
1.041666666666666607e+01 7.777176519391604259e-01
1.083333333333333393e+01 7.773304695837848222e-01
1.125000000000000000e+01 7.755880268443606784e-01
1.166666666666666607e+01 7.722242719824159440e-01
1.208333333333333393e+01 7.669025033062459862e-01
1.250000000000000000e+01 7.591432209201105508e-01
1.291666666666666607e+01 7.482661505886609721e-01
1.333333333333333393e+01 7.335258549877319290e-01
1.375000000000000000e+01 7.137309845177852718e-01
1.416666666666666607e+01 6.873626916288193556e-01
1.458333333333333393e+01 6.532555862473041763e-01
1.500000000000000000e+01 6.235513673538326529e-01
1.541666666666666607e+01 5.914746034076416858e-01
1.583333333333333393e+01 7.696589219778544599e-01
1.625000000000000000e+01 8.065049994217763363e-01
1.666666666666666785e+01 8.347322441217321920e-01
1.708333333333333215e+01 8.528136294848135401e-01
1.750000000000000000e+01 8.609069214624043287e-01
1.791666666666666785e+01 8.605902272645322704e-01
1.833333333333333215e+01 8.535837591983319594e-01
1.875000000000000000e+01 8.413565025249640783e-01
1.916666666666666785e+01 8.247775554472804860e-01
1.958333333333333215e+01 8.043698023781004069e-01
2.000000000000000000e+01 7.799419599980352835e-01
2.041666666666666785e+01 7.508131682988976596e-01
2.083333333333333215e+01 7.170469335576058478e-01
2.125000000000000000e+01 6.801899713733476904e-01
2.166666666666666785e+01 6.426646920203886726e-01
2.208333333333333215e+01 6.068348428441124875e-01
2.250000000000000000e+01 5.724971788869139822e-01
2.291666666666666785e+01 5.370280019608217881e-01
2.333333333333333215e+01 4.973837792757401788e-01
2.375000000000000000e+01 4.526121200143239376e-01
2.416666666666666785e+01 4.184715039331199371e-01
2.458333333333333215e+01 3.794160951547509431e-01
2.500000000000000000e+01 4.924631187130255050e-01
2.541666666666666785e+01 5.100747624114889689e-01
2.583333333333333215e+01 5.220740971488212478e-01
2.625000000000000000e+01 5.216349992599363938e-01
2.666666666666666785e+01 5.083447960829313717e-01
2.708333333333333215e+01 4.855038149407244208e-01
2.750000000000000000e+01 4.561416235628934501e-01
2.791666666666666785e+01 4.237869264813896586e-01
2.833333333333333215e+01 3.915885264266815158e-01
2.875000000000000000e+01 3.620629078882330321e-01
2.916666666666666785e+01 3.406627918221729612e-01
2.958333333333333215e+01 3.264144990045392269e-01
3.000000000000000000e+01 2.199111868930950786e-01
3.041666666666666785e+01 1.398389203680042714e-01
3.083333333333333215e+01 2.504842690490527435e-02
3.125000000000000000e+01 2.316090460267627993e-02
3.166666666666666785e+01 2.130368778637303784e-02
3.208333333333333570e+01 1.945504282202104029e-02
3.250000000000000000e+01 1.762486908533456020e-02
3.291666666666666430e+01 1.582119731110342986e-02
3.333333333333333570e+01 1.403199954966038998e-02
3.375000000000000000e+01 1.226906941327776668e-02
3.416666666666666430e+01 1.052505570600836826e-02
3.458333333333333570e+01 8.821011916629761807e-03
3.500000000000000000e+01 7.162434444451748483e-03
3.541666666666666430e+01 5.545824899396256669e-03
3.583333333333333570e+01 3.993267080670492852e-03
3.625000000000000000e+01 2.501117963232823982e-03
3.666666666666666430e+01 1.084684679408032260e-03
3.708333333333333570e+01 -2.517762534826051279e-04
3.750000000000000000e+01 -1.500461892088744698e-03
3.791666666666666430e+01 -2.663428479682150574e-03
3.833333333333333570e+01 -3.741014894510064082e-03
3.875000000000000000e+01 -4.704718343606861808e-03
3.916666666666666430e+01 -5.563929930591959838e-03
3.958333333333333570e+01 -6.310845381119922770e-03
4.000000000000000000e+01 -2.838623158897712884e-03
