0.000000000000000000e+00 1.170340793615516350e+00
4.166666666666666852e-01 1.188677298340967248e+00
8.333333333333333703e-01 1.208101079701720870e+00
1.250000000000000000e+00 1.220624770994971131e+00
1.666666666666666741e+00 1.229079891499504029e+00
2.083333333333333481e+00 1.236823653929604916e+00
2.500000000000000000e+00 1.245839782534880147e+00
2.916666666666666519e+00 1.255358431777121808e+00
3.333333333333333481e+00 1.264707628996057931e+00
3.750000000000000000e+00 1.273846344350172410e+00
4.166666666666666963e+00 1.282548334084178565e+00
4.583333333333333037e+00 1.290786437870038661e+00
5.000000000000000000e+00 1.298807617159146499e+00
5.416666666666666963e+00 1.306307043193358108e+00
5.833333333333333037e+00 1.312141398748943866e+00
6.250000000000000000e+00 1.313867773277380913e+00
6.666666666666666963e+00 1.306300486872445710e+00
7.083333333333333037e+00 1.298166313435378694e+00
7.500000000000000000e+00 1.305165859175998477e+00
7.916666666666666963e+00 1.312270943631233866e+00
8.333333333333333925e+00 1.314855278562695684e+00
8.750000000000000000e+00 1.316675578654161516e+00
9.166666666666666075e+00 1.318323249161907018e+00
9.583333333333333925e+00 1.319745258552469380e+00
1.000000000000000000e+01 1.320706584089801350e+00
1.041666666666666607e+01 1.321136151293043515e+00
1.083333333333333393e+01 1.320944797193211784e+00
1.125000000000000000e+01 1.319972381955015095e+00
1.166666666666666607e+01 1.317923861894759519e+00
1.208333333333333393e+01 1.314593678776393659e+00
1.250000000000000000e+01 1.309883998053325671e+00
1.291666666666666607e+01 1.303670175573641732e+00
1.333333333333333393e+01 1.295801292281745898e+00
1.375000000000000000e+01 1.286290416479513476e+00
1.416666666666666607e+01 1.275263697695273146e+00
1.458333333333333393e+01 1.263978823254317874e+00
1.500000000000000000e+01 1.256200376172931898e+00
1.541666666666666607e+01 1.252565583759942980e+00
1.583333333333333393e+01 1.222569400222274671e+00
1.625000000000000000e+01 1.193151543412221072e+00
1.666666666666666785e+01 1.176828335498361966e+00
1.708333333333333215e+01 1.163811871761315508e+00
1.750000000000000000e+01 1.150061148099446484e+00
1.791666666666666785e+01 1.134804816683152584e+00
1.833333333333333215e+01 1.117988392570147482e+00
1.875000000000000000e+01 1.099426071218377654e+00
1.916666666666666785e+01 1.079218775695479415e+00
1.958333333333333215e+01 1.057588641191519407e+00
2.000000000000000000e+01 1.034850522947254881e+00
2.041666666666666785e+01 1.011203388109046308e+00
2.083333333333333215e+01 9.864037551669970760e-01
2.125000000000000000e+01 9.603192496125410038e-01
2.166666666666666785e+01 9.331675545354174428e-01
2.208333333333333215e+01 9.052328158478941678e-01
2.250000000000000000e+01 8.761239024611967574e-01
2.291666666666666785e+01 8.453933596496512326e-01
2.333333333333333215e+01 8.133241855111633667e-01
2.375000000000000000e+01 7.822829391706740410e-01
2.416666666666666785e+01 7.576472134681103698e-01
2.458333333333333215e+01 7.394252347557803695e-01
2.500000000000000000e+01 6.832310880264268471e-01
2.541666666666666785e+01 6.331086937774105250e-01
2.583333333333333215e+01 6.039209896764694552e-01
2.625000000000000000e+01 5.789917102610150357e-01
2.666666666666666785e+01 5.537356564828459504e-01
2.708333333333333215e+01 5.279925264249296646e-01
2.750000000000000000e+01 4.997681476674538659e-01
2.791666666666666785e+01 4.666205067472656842e-01
2.833333333333333215e+01 4.293293205862596662e-01
2.875000000000000000e+01 3.945981450618551989e-01
2.916666666666666785e+01 3.669332096849758917e-01
2.958333333333333215e+01 3.466314849961142919e-01
3.000000000000000000e+01 3.291956813249431457e-01
3.041666666666666785e+01 2.520794325520405721e-01
3.083333333333333215e+01 1.825470548155726513e-01
3.125000000000000000e+01 1.476384717864770435e-01
3.166666666666666785e+01 6.283179278591377592e-02
3.208333333333333570e+01 5.931372366351239656e-02
3.250000000000000000e+01 5.578579455600807258e-02
3.291666666666666430e+01 5.224516650565469433e-02
3.333333333333333570e+01 4.871300788585308794e-02
3.375000000000000000e+01 4.518435568166645488e-02
3.416666666666666430e+01 4.167427856997030222e-02
3.458333333333333570e+01 3.816635675320656507e-02
3.500000000000000000e+01 3.466151779165949076e-02
3.541666666666666430e+01 3.117118148821385049e-02
3.583333333333333570e+01 2.767922723272309149e-02
3.625000000000000000e+01 2.419765918671468174e-02
3.666666666666666430e+01 2.071808228651750294e-02
3.708333333333333570e+01 1.724384692535851915e-02
3.750000000000000000e+01 1.377432585714433166e-02
3.791666666666666430e+01 1.031843257929854207e-02
3.833333333333333570e+01 6.880245033280996125e-03
3.875000000000000000e+01 3.430072824414209798e-03
3.916666666666666430e+01 -2.097397724543093034e-05
3.958333333333333570e+01 -3.479865628121192600e-03
4.000000000000000000e+01 -7.643405898982713609e-06
