0.000000000000000000e+00 2.961766982989431085e-01
4.166666666666666852e-01 3.877847372700937711e-01
8.333333333333333703e-01 4.820730093983041087e-01
1.250000000000000000e+00 5.776229273009327869e-01
1.666666666666666741e+00 6.758519063493491075e-01
2.083333333333333481e+00 7.762143765724207611e-01
2.500000000000000000e+00 8.784389212663921143e-01
2.916666666666666519e+00 9.824786725360041828e-01
3.333333333333333481e+00 1.087909677592342916e+00
3.750000000000000000e+00 1.194788024115862157e+00
4.166666666666666963e+00 1.303564963592199533e+00
4.583333333333333037e+00 1.413624824400089963e+00
5.000000000000000000e+00 1.524390235839879537e+00
5.416666666666666963e+00 1.635766479746513014e+00
5.833333333333333037e+00 1.747556318495094629e+00
6.250000000000000000e+00 1.859342748946245294e+00
6.666666666666666963e+00 1.971094573645432391e+00
7.083333333333333037e+00 2.083068845852444895e+00
7.500000000000000000e+00 2.194723593857967003e+00
7.916666666666666963e+00 2.305479994698631074e+00
8.333333333333333925e+00 2.415189984889281050e+00
8.750000000000000000e+00 2.523758358679652147e+00
9.166666666666666075e+00 2.630767915314006444e+00
9.583333333333333925e+00 2.735809297001256191e+00
1.000000000000000000e+01 2.838873436138190876e+00
1.041666666666666607e+01 2.940052339917419211e+00
1.083333333333333393e+01 3.038892230820193774e+00
1.125000000000000000e+01 3.134923976398599876e+00
1.166666666666666607e+01 3.228050249225824508e+00
1.208333333333333393e+01 3.318041771830496423e+00
1.250000000000000000e+01 3.404716944176038318e+00
1.291666666666666607e+01 3.487922248352331334e+00
1.333333333333333393e+01 3.567464276649079835e+00
1.375000000000000000e+01 3.642920482362834722e+00
1.416666666666666607e+01 3.714049549694256047e+00
1.458333333333333393e+01 3.780813960787242411e+00
1.500000000000000000e+01 3.843341763981785952e+00
1.541666666666666607e+01 3.901244398307392558e+00
1.583333333333333393e+01 3.954295061429872415e+00
1.625000000000000000e+01 4.002408272644154330e+00
1.666666666666666785e+01 4.045477698710290504e+00
1.708333333333333215e+01 4.083420950261052340e+00
1.750000000000000000e+01 4.116111696251851804e+00
1.791666666666666785e+01 4.143497247366888736e+00
1.833333333333333215e+01 4.165518515553672252e+00
1.875000000000000000e+01 4.182117730920413834e+00
1.916666666666666785e+01 4.193135149215589053e+00
1.958333333333333215e+01 4.198643803118944362e+00
2.000000000000000000e+01 4.198648746821627142e+00
2.041666666666666785e+01 4.193142223326844942e+00
2.083333333333333215e+01 4.182121306377337255e+00
2.125000000000000000e+01 4.165548788434564109e+00
2.166666666666666785e+01 4.143486124111093183e+00
2.208333333333333215e+01 4.116070023820293855e+00
2.250000000000000000e+01 4.083371824377914017e+00
2.291666666666666785e+01 4.045431035742458548e+00
2.333333333333333215e+01 4.002402254449814123e+00
2.375000000000000000e+01 3.954342718347603203e+00
2.416666666666666785e+01 3.901370959964828522e+00
2.458333333333333215e+01 3.843581963931605117e+00
2.500000000000000000e+01 3.781115893388192983e+00
2.541666666666666785e+01 3.714024401045120882e+00
2.583333333333333215e+01 3.642477097070603520e+00
2.625000000000000000e+01 3.566885790311837390e+00
2.666666666666666785e+01 3.487403258239191839e+00
2.708333333333333215e+01 3.404256684085678053e+00
2.750000000000000000e+01 3.317656461192901141e+00
2.791666666666666785e+01 3.227741045797518638e+00
2.833333333333333215e+01 3.134674449643595651e+00
2.875000000000000000e+01 3.038676161864965586e+00
2.916666666666666785e+01 2.939948493744859448e+00
2.958333333333333215e+01 2.838739185303824186e+00
3.000000000000000000e+01 2.735471521227621494e+00
3.041666666666666785e+01 2.630133521658592599e+00
3.083333333333333215e+01 2.523051156132071426e+00
3.125000000000000000e+01 2.414503379143237538e+00
3.166666666666666785e+01 2.304766798549026774e+00
3.208333333333333570e+01 2.194043121528226337e+00
3.250000000000000000e+01 2.082567211369664051e+00
3.291666666666666430e+01 1.970558139374865902e+00
3.333333333333333570e+01 1.858672893403804594e+00
3.375000000000000000e+01 1.746773701456989514e+00
3.416666666666666430e+01 1.634860221002307767e+00
3.458333333333333570e+01 1.523371727432888179e+00
3.500000000000000000e+01 1.412529539119528721e+00
3.541666666666666430e+01 1.302556828605695216e+00
3.583333333333333570e+01 1.193969434172505117e+00
3.625000000000000000e+01 1.086971694908660524e+00
3.666666666666666430e+01 9.814342022746700422e-01
3.708333333333333570e+01 8.774110287735172875e-01
3.750000000000000000e+01 7.752080223898705214e-01
3.791666666666666430e+01 6.749738508092502087e-01
3.833333333333333570e+01 5.768912085618769225e-01
3.875000000000000000e+01 4.817545261275384405e-01
3.916666666666666430e+01 3.887582276034340367e-01
3.958333333333333570e+01 2.977473197525952742e-01
4.000000000000000000e+01 2.977473197525952742e-01
