0.000000000000000000e+00 8.387485219588912688e-01
4.166666666666666852e-01 8.519006514868293634e-01
8.333333333333333703e-01 8.651260310913613250e-01
1.250000000000000000e+00 8.839879380163619960e-01
1.666666666666666741e+00 9.005680798318422831e-01
2.083333333333333481e+00 9.120523829554844086e-01
2.500000000000000000e+00 9.194492229158895968e-01
2.916666666666666519e+00 9.257166100763160044e-01
3.333333333333333481e+00 9.311852918199302609e-01
3.750000000000000000e+00 9.315339346017619260e-01
4.166666666666666963e+00 9.300241413152379177e-01
4.583333333333333037e+00 9.327309693914864752e-01
5.000000000000000000e+00 9.379152392894039014e-01
5.416666666666666963e+00 9.401823681155903056e-01
5.833333333333333037e+00 9.363385907729406821e-01
6.250000000000000000e+00 5.526562548426745547e-01
6.666666666666666963e+00 6.905935303770924794e-01
7.083333333333333037e+00 7.491538077439013898e-01
7.500000000000000000e+00 8.431593480796145679e-01
7.916666666666666963e+00 9.242536169664246071e-01
8.333333333333333925e+00 9.427465033922036719e-01
8.750000000000000000e+00 9.214330524382091658e-01
9.166666666666666075e+00 8.773129307452693926e-01
9.583333333333333925e+00 8.567589555137808954e-01
1.000000000000000000e+01 8.398726605259446698e-01
1.041666666666666607e+01 8.122737592993904965e-01
1.083333333333333393e+01 8.154626061827447980e-01
1.125000000000000000e+01 8.026263421493813333e-01
1.166666666666666607e+01 7.955174599798855439e-01
1.208333333333333393e+01 7.922894397236739383e-01
1.250000000000000000e+01 7.863448498516989460e-01
1.291666666666666607e+01 7.660483977773951958e-01
1.333333333333333393e+01 7.607807943041253740e-01
1.375000000000000000e+01 7.326956552250608601e-01
1.416666666666666607e+01 7.171957631807730493e-01
1.458333333333333393e+01 7.032518579963181748e-01
1.500000000000000000e+01 6.926193976176691081e-01
1.541666666666666607e+01 6.627450158975711769e-01
1.583333333333333393e+01 6.228434457641315314e-01
1.625000000000000000e+01 5.205070853554178978e-01
1.666666666666666785e+01 9.057231117620597738e-01
1.708333333333333215e+01 8.839631825324776315e-01
1.750000000000000000e+01 8.369384308442484599e-01
1.791666666666666785e+01 7.930019725457674307e-01
1.833333333333333215e+01 7.558664036072443304e-01
1.875000000000000000e+01 7.238938247311137442e-01
1.916666666666666785e+01 6.944046521744487999e-01
1.958333333333333215e+01 6.650381895773838092e-01
2.000000000000000000e+01 6.346393790953723801e-01
2.041666666666666785e+01 6.030799292463189243e-01
2.083333333333333215e+01 5.715179262653571346e-01
2.125000000000000000e+01 5.410198016589696790e-01
2.166666666666666785e+01 5.127737011506856568e-01
2.208333333333333215e+01 4.880500697167678426e-01
2.250000000000000000e+01 4.695431754075038988e-01
2.291666666666666785e+01 4.568966829248052308e-01
2.333333333333333215e+01 4.424545521678216464e-01
2.375000000000000000e+01 4.045715927386465127e-01
2.416666666666666785e+01 3.525986324086261559e-01
2.458333333333333215e+01 2.430132963534021306e-01
2.500000000000000000e+01 5.137972583161816154e-01
2.541666666666666785e+01 4.452522220253312679e-01
2.583333333333333215e+01 3.682653910485883531e-01
2.625000000000000000e+01 1.807179618732216997e-01
2.666666666666666785e+01 1.748100089810781799e-01
2.708333333333333215e+01 1.688565983753202437e-01
2.750000000000000000e+01 1.628973011514740499e-01
2.791666666666666785e+01 1.569023357741797797e-01
2.833333333333333215e+01 1.509470228670894421e-01
2.875000000000000000e+01 1.450336778569797924e-01
2.916666666666666785e+01 1.391216634990202206e-01
2.958333333333333215e+01 1.331683958565744175e-01
3.000000000000000000e+01 1.271981226503285933e-01
3.041666666666666785e+01 1.212380794963601183e-01
3.083333333333333215e+01 1.153134559316092433e-01
3.125000000000000000e+01 1.093823818348189647e-01
3.166666666666666785e+01 1.034655531249795146e-01
3.208333333333333570e+01 9.758990438556203184e-02
3.250000000000000000e+01 9.174601465772791453e-02
3.291666666666666430e+01 8.593469599752046051e-02
3.333333333333333570e+01 8.019044290960175569e-02
3.375000000000000000e+01 7.450277683091222070e-02
3.416666666666666430e+01 6.887491739359563603e-02
3.458333333333333570e+01 6.326056488968967439e-02
3.500000000000000000e+01 5.765270773223107881e-02
3.541666666666666430e+01 5.205624834111000077e-02
3.583333333333333570e+01 4.645206127216516823e-02
3.625000000000000000e+01 4.086879987824354465e-02
3.666666666666666430e+01 3.531720524689618834e-02
3.708333333333333570e+01 2.982444605756517930e-02
3.750000000000000000e+01 2.440847513609489816e-02
3.791666666666666430e+01 1.908687423402943839e-02
3.833333333333333570e+01 1.385098717779709165e-02
3.875000000000000000e+01 8.636511945765090736e-03
3.916666666666666430e+01 3.437082761229226513e-03
3.958333333333333570e+01 -1.760730601347626489e-03
4.000000000000000000e+01 1.711491620874583397e-03
