0.000000000000000000e+00 6.900973846803870604e-01
4.166666666666666852e-01 6.650980728110870155e-01
8.333333333333333703e-01 6.306555927561270369e-01
1.250000000000000000e+00 5.886025271966588424e-01
1.666666666666666741e+00 5.494894945200946568e-01
2.083333333333333481e+00 5.137992433079376919e-01
2.500000000000000000e+00 4.804417596288388936e-01
2.916666666666666519e+00 4.503016092466593512e-01
3.333333333333333481e+00 4.236341146700990379e-01
3.750000000000000000e+00 3.931295466106960457e-01
4.166666666666666963e+00 3.283726891239910906e-01
4.583333333333333037e+00 2.234864690587013425e-01
5.000000000000000000e+00 1.266583147200255888e-01
5.416666666666666963e+00 2.351340103482503496e-01
5.833333333333333037e+00 2.509007287538998487e-01
6.250000000000000000e+00 2.400981292896571806e-01
6.666666666666666963e+00 2.271801068201728946e-01
7.083333333333333037e+00 2.166033589250528635e-01
7.500000000000000000e+00 2.079874830707406086e-01
7.916666666666666963e+00 2.005329866655531645e-01
8.333333333333333925e+00 1.937891927833021999e-01
8.750000000000000000e+00 1.876396132532630046e-01
9.166666666666666075e+00 1.820870148640137409e-01
9.583333333333333925e+00 1.771304811535840129e-01
1.000000000000000000e+01 1.727503937977060144e-01
1.041666666666666607e+01 1.689119859897801612e-01
1.083333333333333393e+01 1.655677614650998830e-01
1.125000000000000000e+01 1.626592829102233295e-01
1.166666666666666607e+01 1.601290050079452743e-01
1.208333333333333393e+01 1.579401591075099143e-01
1.250000000000000000e+01 1.560730169424544844e-01
1.291666666666666607e+01 1.544802368904745760e-01
1.333333333333333393e+01 1.530503967537708288e-01
1.375000000000000000e+01 1.514453916709750381e-01
1.416666666666666607e+01 1.498874892805101000e-01
1.458333333333333393e+01 1.488357013289579034e-01
1.500000000000000000e+01 1.483255230215493603e-01
1.541666666666666607e+01 1.449019764127338350e-01
1.583333333333333393e+01 1.448123834807160948e-01
1.625000000000000000e+01 1.458775056811678905e-01
1.666666666666666785e+01 1.472709082723483165e-01
1.708333333333333215e+01 1.490281234560566215e-01
1.750000000000000000e+01 1.510580899738252214e-01
1.791666666666666785e+01 1.532912426533964145e-01
1.833333333333333215e+01 1.556955953165082840e-01
1.875000000000000000e+01 1.582580646537625202e-01
1.916666666666666785e+01 1.609698868601120436e-01
1.958333333333333215e+01 1.638213759924802559e-01
2.000000000000000000e+01 1.668006783122308323e-01
2.041666666666666785e+01 1.698924709270749067e-01
2.083333333333333215e+01 1.730771719292082123e-01
2.125000000000000000e+01 1.763372893207086345e-01
2.166666666666666785e+01 1.796773617420828750e-01
2.208333333333333215e+01 1.831548501796178008e-01
2.250000000000000000e+01 1.868995670495661177e-01
2.291666666666666785e+01 1.910242450496789368e-01
2.333333333333333215e+01 1.953638567736983855e-01
2.375000000000000000e+01 1.986839051685553303e-01
2.416666666666666785e+01 1.951221273978403781e-01
2.458333333333333215e+01 1.672650851024281016e-01
2.500000000000000000e+01 1.684878602103563605e-01
2.541666666666666785e+01 1.773635043950839429e-01
2.583333333333333215e+01 1.864956444940465974e-01
2.625000000000000000e+01 1.917417085972319135e-01
2.666666666666666785e+01 1.954619460199968073e-01
2.708333333333333215e+01 1.978331442820590869e-01
2.750000000000000000e+01 1.992988734470181045e-01
2.791666666666666785e+01 2.003857594172714085e-01
2.833333333333333215e+01 2.013615807004282277e-01
2.875000000000000000e+01 2.022104538110162664e-01
2.916666666666666785e+01 2.028473145716931103e-01
2.958333333333333215e+01 2.032099001515259851e-01
3.000000000000000000e+01 2.032658590289166400e-01
3.041666666666666785e+01 2.030042070763305451e-01
3.083333333333333215e+01 2.024326116428252220e-01
3.125000000000000000e+01 2.016024916919802734e-01
3.166666666666666785e+01 2.006699552024627797e-01
3.208333333333333570e+01 2.000085838662506998e-01
3.250000000000000000e+01 2.003872852015315120e-01
3.291666666666666430e+01 2.029555914180667109e-01
3.333333333333333570e+01 2.078711972766678073e-01
3.375000000000000000e+01 2.090573442129004811e-01
3.416666666666666430e+01 1.828613951773515045e-01
3.458333333333333570e+01 6.546058504563090352e-02
3.500000000000000000e+01 2.094735572046643041e-02
3.541666666666666430e+01 4.872468582036618145e-02
3.583333333333333570e+01 6.196907859481805281e-02
3.625000000000000000e+01 5.407177904161349774e-02
3.666666666666666430e+01 4.399148654969391864e-02
3.708333333333333570e+01 3.478182149928928796e-02
3.750000000000000000e+01 2.677160430879473030e-02
3.791666666666666430e+01 2.004155353010899504e-02
3.833333333333333570e+01 1.515378625288557775e-02
3.875000000000000000e+01 9.536013809319612497e-03
3.916666666666666430e+01 -1.446582092628895082e-03
3.958333333333333570e+01 -8.113962824119284878e-02
4.000000000000000000e+01 -7.766740601897059726e-02
