0.000000000000000000e+00 9.742346882877290781e-01
4.166666666666666852e-01 9.941243120819325263e-01
8.333333333333333703e-01 1.013260668870201275e+00
1.250000000000000000e+00 1.025447336674546239e+00
1.666666666666666741e+00 1.034805683769431273e+00
2.083333333333333481e+00 1.044429811912729766e+00
2.500000000000000000e+00 1.054538694513324160e+00
2.916666666666666519e+00 1.064237337892850688e+00
3.333333333333333481e+00 1.072989222427268130e+00
3.750000000000000000e+00 1.080623824180714010e+00
4.166666666666666963e+00 1.086129448316648816e+00
4.583333333333333037e+00 1.087220400089092376e+00
5.000000000000000000e+00 1.083559285420714335e+00
5.416666666666666963e+00 1.078193334902567857e+00
5.833333333333333037e+00 1.073719916568434130e+00
6.250000000000000000e+00 1.071783201831538523e+00
6.666666666666666963e+00 1.073561973887660947e+00
7.083333333333333037e+00 1.078607821322983495e+00
7.500000000000000000e+00 1.084566603594042444e+00
7.916666666666666963e+00 1.095851159789084317e+00
8.333333333333333925e+00 1.103478519136130043e+00
8.750000000000000000e+00 1.115318936337718725e+00
9.166666666666666075e+00 1.128941012689423040e+00
9.583333333333333925e+00 1.146292740123706411e+00
1.000000000000000000e+01 1.168744348533742761e+00
1.041666666666666607e+01 1.194409163498890258e+00
1.083333333333333393e+01 1.213362722954286044e+00
1.125000000000000000e+01 1.212916719730689596e+00
1.166666666666666607e+01 1.189705108281198243e+00
1.208333333333333393e+01 1.154086687314374693e+00
1.250000000000000000e+01 1.120585386677824147e+00
1.291666666666666607e+01 1.093848428761523550e+00
1.333333333333333393e+01 1.071038423546847085e+00
1.375000000000000000e+01 1.049870399622474304e+00
1.416666666666666607e+01 1.029815360670454094e+00
1.458333333333333393e+01 1.003973326301100144e+00
1.500000000000000000e+01 9.843680007045152447e-01
1.541666666666666607e+01 9.699912927608436153e-01
1.583333333333333393e+01 9.586951833093142472e-01
1.625000000000000000e+01 9.490501845006876769e-01
1.666666666666666785e+01 9.395554394625893480e-01
1.708333333333333215e+01 9.287512303619980258e-01
1.750000000000000000e+01 9.158340658379201527e-01
1.791666666666666785e+01 9.009020423351105089e-01
1.833333333333333215e+01 8.840256155170940211e-01
1.875000000000000000e+01 8.648817072316048460e-01
1.916666666666666785e+01 8.438933892236023526e-01
1.958333333333333215e+01 8.222702698228261387e-01
2.000000000000000000e+01 7.989387966670900010e-01
2.041666666666666785e+01 7.717766427545349472e-01
2.083333333333333215e+01 7.412641828146719902e-01
2.125000000000000000e+01 7.096022939372275129e-01
2.166666666666666785e+01 6.773566220913067593e-01
2.208333333333333215e+01 6.450773555725430874e-01
2.250000000000000000e+01 6.134533369726345997e-01
2.291666666666666785e+01 5.819726478782256684e-01
2.333333333333333215e+01 5.517685377690804138e-01
2.375000000000000000e+01 5.265717573410801933e-01
2.416666666666666785e+01 5.076237779059631361e-01
2.458333333333333215e+01 4.819228738469322204e-01
2.500000000000000000e+01 4.565744863489737404e-01
2.541666666666666785e+01 4.325511693704061078e-01
2.583333333333333215e+01 4.072217003874425423e-01
2.625000000000000000e+01 3.846061393094546421e-01
2.666666666666666785e+01 3.638265001513451002e-01
2.708333333333333215e+01 3.320834434638236798e-01
2.750000000000000000e+01 2.800623215827872659e-01
2.791666666666666785e+01 2.370086369043017949e-01
2.833333333333333215e+01 1.398170217337892929e-01
2.875000000000000000e+01 1.344900643959067166e-01
2.916666666666666785e+01 1.291513565782060335e-01
2.958333333333333215e+01 1.238323170629013759e-01
3.000000000000000000e+01 1.185057770364441598e-01
3.041666666666666785e+01 1.131589196956624965e-01
3.083333333333333215e+01 1.077733907004529978e-01
3.125000000000000000e+01 1.023942864833611299e-01
3.166666666666666785e+01 9.701789942744953876e-02
3.208333333333333570e+01 9.163756841743231352e-02
3.250000000000000000e+01 8.626987928668850003e-02
3.291666666666666430e+01 8.092002717743085327e-02
3.333333333333333570e+01 7.556626823317358355e-02
3.375000000000000000e+01 7.021671100545201494e-02
3.416666666666666430e+01 6.486057322843064021e-02
3.458333333333333570e+01 5.952619204386666585e-02
3.500000000000000000e+01 5.422156975655079147e-02
3.541666666666666430e+01 4.893994741296348039e-02
3.583333333333333570e+01 4.370297259313682403e-02
3.625000000000000000e+01 3.849680938934785246e-02
3.666666666666666430e+01 3.332792434266207415e-02
3.708333333333333570e+01 2.818806827947240023e-02
3.750000000000000000e+01 2.307319819731812327e-02
3.791666666666666430e+01 1.797106084725619279e-02
3.833333333333333570e+01 1.288121709127987291e-02
3.875000000000000000e+01 7.845975171662522563e-03
3.916666666666666430e+01 2.859270826917059694e-03
3.958333333333333570e+01 -2.069484699620760537e-03
4.000000000000000000e+01 1.402737522601449349e-03
