0.000000000000000000e+00 0.000000000000000000e+00
4.166666666666666852e-01 -3.928195370608847936e-01
8.333333333333333703e-01 -7.850502865979783751e-01
1.250000000000000000e+00 -1.176117695098911176e+00
1.666666666666666741e+00 -1.565463180313640068e+00
2.083333333333333481e+00 -1.952543743766605777e+00
2.500000000000000000e+00 -2.336832051815180833e+00
2.916666666666666519e+00 -2.717816459601326784e+00
3.333333333333333481e+00 -3.095000977214937610e+00
3.750000000000000000e+00 -3.467905206525385253e+00
4.166666666666666963e+00 -3.836064250505927919e+00
4.583333333333333037e+00 -4.199028706771710695e+00
5.000000000000000000e+00 -4.556364767976507579e+00
5.416666666666666963e+00 -4.907654256101822376e+00
5.833333333333333037e+00 -5.252494580176305661e+00
6.250000000000000000e+00 -5.590498699432522756e+00
6.666666666666666963e+00 -5.921295151721204242e+00
7.083333333333333037e+00 -6.244527893724473699e+00
7.500000000000000000e+00 -6.559854871895508310e+00
7.916666666666666963e+00 -6.866948894156549521e+00
8.333333333333333925e+00 -7.165498505477218671e+00
8.750000000000000000e+00 -7.455208856826140540e+00
9.166666666666666075e+00 -7.735802059356778670e+00
9.583333333333333925e+00 -8.007016941764971918e+00
1.000000000000000000e+01 -8.268608500935236805e+00
1.041666666666666607e+01 -8.520347634030143169e+00
1.083333333333333393e+01 -8.762021217317666810e+00
1.125000000000000000e+01 -8.993431998544245687e+00
1.166666666666666607e+01 -9.214397822960668449e+00
1.208333333333333393e+01 -9.424750378197002121e+00
1.250000000000000000e+01 -9.624335077452295550e+00
1.291666666666666607e+01 -9.813011628246650631e+00
1.333333333333333393e+01 -9.990654622725076095e+00
1.375000000000000000e+01 -1.015715371672897760e+01
1.416666666666666607e+01 -1.031241231316486306e+01
1.458333333333333393e+01 -1.045634405610253204e+01
1.500000000000000000e+01 -1.058887039086440751e+01
1.541666666666666607e+01 -1.070991997916224570e+01
1.583333333333333393e+01 -1.081942954182127359e+01
1.625000000000000000e+01 -1.091734457435309125e+01
1.666666666666666785e+01 -1.100361991668777861e+01
1.708333333333333215e+01 -1.107822019714758532e+01
1.750000000000000000e+01 -1.114111953523937260e+01
1.791666666666666785e+01 -1.119230162176660315e+01
1.833333333333333215e+01 -1.123175923164436618e+01
1.875000000000000000e+01 -1.125949355070769897e+01
1.916666666666666785e+01 -1.127551361081696690e+01
1.958333333333333215e+01 -1.127983597287547823e+01
2.000000000000000000e+01 -1.127248468550543237e+01
2.041666666666666785e+01 -1.125349137317601667e+01
2.083333333333333215e+01 -1.122289551061609814e+01
2.125000000000000000e+01 -1.118074515943172820e+01
2.166666666666666785e+01 -1.112709820860862564e+01
2.208333333333333215e+01 -1.106202413842305887e+01
2.250000000000000000e+01 -1.098560574804404766e+01
2.291666666666666785e+01 -1.089793983506899266e+01
2.333333333333333215e+01 -1.079913533429231443e+01
2.375000000000000000e+01 -1.068931108809899122e+01
2.416666666666666785e+01 -1.056859414220637206e+01
2.458333333333333215e+01 -1.043712002930496574e+01
2.500000000000000000e+01 -1.029503102590758346e+01
2.541666666666666785e+01 -1.014247511437941895e+01
2.583333333333333215e+01 -9.979609532417413220e+00
2.625000000000000000e+01 -9.806602107212313513e+00
2.666666666666666785e+01 -9.623629829027215976e+00
2.708333333333333215e+01 -9.430877572171937118e+00
2.750000000000000000e+01 -9.228537429466213027e+00
2.791666666666666785e+01 -9.016809148490205317e+00
2.833333333333333215e+01 -8.795901835733744178e+00
2.875000000000000000e+01 -8.566035946143600199e+00
2.916666666666666785e+01 -8.327443864310186683e+00
2.958333333333333215e+01 -8.080367590074581940e+00
3.000000000000000000e+01 -7.825054013618022886e+00
3.041666666666666785e+01 -7.561753843990932644e+00
3.083333333333333215e+01 -7.290727167952211651e+00
3.125000000000000000e+01 -7.012247503429746232e+00
3.166666666666666785e+01 -6.726598808203121393e+00
3.208333333333333570e+01 -6.434074084169526309e+00
3.250000000000000000e+01 -6.134973816254134071e+00
3.291666666666666430e+01 -5.829605367473392086e+00
3.333333333333333570e+01 -5.518282991385571101e+00
3.375000000000000000e+01 -5.201327622685177232e+00
3.416666666666666430e+01 -4.879064843278557717e+00
3.458333333333333570e+01 -4.551820529043860475e+00
3.500000000000000000e+01 -4.219923323446238328e+00
3.541666666666666430e+01 -3.883706151182405364e+00
3.583333333333333570e+01 -3.543506983333394533e+00
3.625000000000000000e+01 -3.199668396750603883e+00
3.666666666666666430e+01 -2.852537319296708507e+00
3.708333333333333570e+01 -2.502465171862718218e+00
3.750000000000000000e+01 -2.149808006755919543e+00
3.791666666666666430e+01 -1.794926505747896917e+00
3.833333333333333570e+01 -1.438185228565113549e+00
3.875000000000000000e+01 -1.079950924966935899e+00
3.916666666666666430e+01 -7.205932017337132178e-01
3.958333333333333570e+01 -3.604845217996707762e-01
4.000000000000000000e+01 0.000000000000000000e+00
