0.000000000000000000e+00 0.000000000000000000e+00
4.166666666666666852e-01 -3.749563729631221753e-01
8.333333333333333703e-01 -7.493751376682616927e-01
1.250000000000000000e+00 -1.122730121771534639e+00
1.666666666666666741e+00 -1.494507889980366544e+00
2.083333333333333481e+00 -1.864207352366025638e+00
2.500000000000000000e+00 -2.231339866957862572e+00
2.916666666666666519e+00 -2.595429352497011788e+00
3.333333333333333481e+00 -2.956012252438125820e+00
3.750000000000000000e+00 -3.312637438567247017e+00
4.166666666666666963e+00 -3.664866111527665282e+00
4.583333333333333037e+00 -4.012271685197891458e+00
5.000000000000000000e+00 -4.354439651301724723e+00
5.416666666666666963e+00 -4.690967523359637958e+00
5.833333333333333037e+00 -5.021464980615203189e+00
6.250000000000000000e+00 -5.345554185385467783e+00
6.666666666666666963e+00 -5.662870251382838838e+00
7.083333333333333037e+00 -5.973061957367068686e+00
7.500000000000000000e+00 -6.275792321268385265e+00
7.916666666666666963e+00 -6.570737168708842724e+00
8.333333333333333925e+00 -6.857584615556880259e+00
8.750000000000000000e+00 -7.136036261027379091e+00
9.166666666666666075e+00 -7.405807498201129491e+00
9.583333333333333925e+00 -7.666627526573818407e+00
1.000000000000000000e+01 -7.918239295530338673e+00
1.041666666666666607e+01 -8.160399518900351978e+00
1.083333333333333393e+01 -8.392878785898776783e+00
1.125000000000000000e+01 -8.615461642410089382e+00
1.166666666666666607e+01 -8.827946629237294118e+00
1.208333333333333393e+01 -9.030146278925263559e+00
1.250000000000000000e+01 -9.221887050912844330e+00
1.291666666666666607e+01 -9.403009309831396934e+00
1.333333333333333393e+01 -9.573367232795607862e+00
1.375000000000000000e+01 -9.732828686535354379e+00
1.416666666666666607e+01 -9.881275128708129074e+00
1.458333333333333393e+01 -1.001860150825793028e+01
1.500000000000000000e+01 -1.014471619324823415e+01
1.541666666666666607e+01 -1.025954080393469070e+01
1.583333333333333393e+01 -1.036300932613472625e+01
1.625000000000000000e+01 -1.045506594159983393e+01
1.666666666666666785e+01 -1.053566278296987768e+01
1.708333333333333215e+01 -1.060476062672434061e+01
1.750000000000000000e+01 -1.066233159435915390e+01
1.791666666666666785e+01 -1.070836038367855636e+01
1.833333333333333215e+01 -1.074284435733190968e+01
1.875000000000000000e+01 -1.076579324150851669e+01
1.916666666666666785e+01 -1.077722880522479976e+01
1.958333333333333215e+01 -1.077718459817818619e+01
2.000000000000000000e+01 -1.076570574018338355e+01
2.041666666666666785e+01 -1.074284874249322108e+01
2.083333333333333215e+01 -1.070868133321074822e+01
2.125000000000000000e+01 -1.066328225583063372e+01
2.166666666666666785e+01 -1.060674103506451793e+01
2.208333333333333215e+01 -1.053915772964611364e+01
2.250000000000000000e+01 -1.046064269148746995e+01
2.291666666666666785e+01 -1.037131639237176728e+01
2.333333333333333215e+01 -1.027130947004798500e+01
2.375000000000000000e+01 -1.016076309302732383e+01
2.416666666666666785e+01 -1.003982938056184260e+01
2.458333333333333215e+01 -9.908670884266973289e+00
2.500000000000000000e+01 -9.767456659329505797e+00
2.541666666666666785e+01 -9.616359672150611715e+00
2.583333333333333215e+01 -9.455562595965178119e+00
2.625000000000000000e+01 -9.285258889644293134e+00
2.666666666666666785e+01 -9.105652938348159253e+00
2.708333333333333215e+01 -8.916959466084650288e+00
2.750000000000000000e+01 -8.719402993945102764e+00
2.791666666666666785e+01 -8.513217512951147370e+00
2.833333333333333215e+01 -8.298646156682826458e+00
2.875000000000000000e+01 -8.075940540646856292e+00
2.916666666666666785e+01 -7.845359139322865438e+00
2.958333333333333215e+01 -7.607165747965138891e+00
3.000000000000000000e+01 -7.361628228319190725e+00
3.041666666666666785e+01 -7.109017414626978670e+00
3.083333333333333215e+01 -6.849606147796506228e+00
3.125000000000000000e+01 -6.583669731954612914e+00
3.166666666666666785e+01 -6.311485739322281852e+00
3.208333333333333570e+01 -6.033333969615084058e+00
3.250000000000000000e+01 -5.749496240313363593e+00
3.291666666666666430e+01 -5.460256248856322436e+00
3.333333333333333570e+01 -5.165899501145694295e+00
3.375000000000000000e+01 -4.866713267639373619e+00
3.416666666666666430e+01 -4.562986560399546754e+00
3.458333333333333570e+01 -4.255010117625072752e+00
3.500000000000000000e+01 -3.943076390125324071e+00
3.541666666666666430e+01 -3.627479535339581673e+00
3.583333333333333570e+01 -3.308515420694865483e+00
3.625000000000000000e+01 -2.986481628358139240e+00
3.666666666666666430e+01 -2.661677461242787146e+00
3.708333333333333570e+01 -2.334403949348438978e+00
3.750000000000000000e+01 -2.004963856420890256e+00
3.791666666666666430e+01 -1.673661686917268909e+00
3.833333333333333570e+01 -1.340803693261453988e+00
3.875000000000000000e+01 -1.006697883373569580e+00
3.916666666666666430e+01 -6.716540284566165919e-01
3.958333333333333570e+01 -3.359836710226038470e-01
4.000000000000000000e+01 0.000000000000000000e+00
