0.000000000000000000e+00 0.000000000000000000e+00
4.166666666666666852e-01 -6.991206674655149481e-04
8.333333333333333703e-01 -1.396397725315803254e-03
1.250000000000000000e+00 -2.090114533428777833e-03
1.666666666666666741e+00 -2.778702527358142479e-03
2.083333333333333481e+00 -3.460736135366522526e-03
2.500000000000000000e+00 -4.134926756883044660e-03
2.916666666666666519e+00 -4.800116519268027120e-03
3.333333333333333481e+00 -5.455271872724193512e-03
3.750000000000000000e+00 -6.099477141564434504e-03
4.166666666666666963e+00 -6.731927951230422084e-03
4.583333333333333037e+00 -7.351921880836951098e-03
5.000000000000000000e+00 -7.958838306907439764e-03
5.416666666666666963e+00 -8.552109098552543309e-03
5.833333333333333037e+00 -9.131201111472154672e-03
6.250000000000000000e+00 -9.695630742050015405e-03
6.666666666666666963e+00 -1.024496336588791648e-02
7.083333333333333037e+00 -1.077881013709146990e-02
7.500000000000000000e+00 -1.129682493565957110e-02
7.916666666666666963e+00 -1.179870143600161327e-02
8.333333333333333925e+00 -1.228417024539134490e-02
8.750000000000000000e+00 -1.275299614706860984e-02
9.166666666666666075e+00 -1.320497546513496948e-02
9.583333333333333925e+00 -1.363993355326661820e-02
1.000000000000000000e+01 -1.405772239938134389e-02
1.041666666666666607e+01 -1.445821833838191461e-02
1.083333333333333393e+01 -1.484131986860325741e-02
1.125000000000000000e+01 -1.520694556958411027e-02
1.166666666666666607e+01 -1.555503211968750285e-02
1.208333333333333393e+01 -1.588553241245764872e-02
1.250000000000000000e+01 -1.619841377046662978e-02
1.291666666666666607e+01 -1.649365625531282187e-02
1.333333333333333393e+01 -1.677125107300592166e-02
1.375000000000000000e+01 -1.703119907452852952e-02
1.416666666666666607e+01 -1.727350935105592677e-02
1.458333333333333393e+01 -1.749819790672764788e-02
1.500000000000000000e+01 -1.770528639117729605e-02
1.541666666666666607e+01 -1.789480070603081258e-02
1.583333333333333393e+01 -1.806676946930133032e-02
1.625000000000000000e+01 -1.822122308621551903e-02
1.666666666666666785e+01 -1.835819316519389857e-02
1.708333333333333215e+01 -1.847771208937607629e-02
1.750000000000000000e+01 -1.857981259508428851e-02
1.791666666666666785e+01 -1.866452732706849402e-02
1.833333333333333215e+01 -1.873188840585258974e-02
1.875000000000000000e+01 -1.878192704771376037e-02
1.916666666666666785e+01 -1.881467325442773980e-02
1.958333333333333215e+01 -1.883015557846604363e-02
2.000000000000000000e+01 -1.882840096579779104e-02
2.041666666666666785e+01 -1.880943467740013239e-02
2.083333333333333215e+01 -1.877328029040464460e-02
2.125000000000000000e+01 -1.871995977999019525e-02
2.166666666666666785e+01 -1.864949368360742030e-02
2.208333333333333215e+01 -1.856190134996278662e-02
2.250000000000000000e+01 -1.845720127637674388e-02
2.291666666666666785e+01 -1.833541153572146656e-02
2.333333333333333215e+01 -1.819655028333354643e-02
2.375000000000000000e+01 -1.804063632402787970e-02
2.416666666666666785e+01 -1.786768970771859463e-02
2.458333333333333215e+01 -1.767773227309657816e-02
2.500000000000000000e+01 -1.747078775136623463e-02
2.541666666666666785e+01 -1.724688140296118388e-02
2.583333333333333215e+01 -1.700604492259329831e-02
2.625000000000000000e+01 -1.674831741873315794e-02
2.666666666666666785e+01 -1.647374503922239761e-02
2.708333333333333215e+01 -1.618238126924527454e-02
2.750000000000000000e+01 -1.587428799215777342e-02
2.791666666666666785e+01 -1.554953681942929100e-02
2.833333333333333215e+01 -1.520821058417544044e-02
2.875000000000000000e+01 -1.485040495042712870e-02
2.916666666666666785e+01 -1.447623011610496904e-02
2.958333333333333215e+01 -1.408581260059813163e-02
3.000000000000000000e+01 -1.367929711493844069e-02
3.041666666666666785e+01 -1.325684851472904227e-02
3.083333333333333215e+01 -1.281865383449994240e-02
3.125000000000000000e+01 -1.236492439976885106e-02
3.166666666666666785e+01 -1.189589801179672876e-02
3.208333333333333570e+01 -1.141184119947754975e-02
3.250000000000000000e+01 -1.091305153287307206e-02
3.291666666666666430e+01 -1.039985999510535490e-02
3.333333333333333570e+01 -9.872633416321273045e-03
3.375000000000000000e+01 -9.331776976754980676e-03
3.416666666666666430e+01 -8.777736723807376407e-03
3.458333333333333570e+01 -8.211001671394848461e-03
3.500000000000000000e+01 -7.632103908389763040e-03
3.541666666666666430e+01 -7.041614779816749228e-03
3.583333333333333570e+01 -6.440150741906184445e-03
3.625000000000000000e+01 -5.828381232608918772e-03
3.666666666666666430e+01 -5.207033296790243224e-03
3.708333333333333570e+01 -4.576894390765284468e-03
3.750000000000000000e+01 -3.938815550531757359e-03
3.791666666666666430e+01 -3.293714473005103505e-03
3.833333333333333570e+01 -2.642578406222494472e-03
3.875000000000000000e+01 -1.986466789947011549e-03
3.916666666666666430e+01 -1.326513559249384733e-03
3.958333333333333570e+01 -6.639288295348395180e-04
4.000000000000000000e+01 0.000000000000000000e+00
