0.000000000000000000e+00 0.000000000000000000e+00
4.166666666666666852e-01 -3.676877079030409501e-01
8.333333333333333703e-01 -7.348700738251191522e-01
1.250000000000000000e+00 -1.101050199002993502e+00
1.666666666666666741e+00 -1.465741835631751311e+00
2.083333333333333481e+00 -1.828469831746766028e+00
2.500000000000000000e+00 -2.188770139190405750e+00
2.916666666666666519e+00 -2.546189710457225086e+00
3.333333333333333481e+00 -2.900286479159030595e+00
3.750000000000000000e+00 -3.250629416690851148e+00
4.166666666666666963e+00 -3.596798608611718073e+00
4.583333333333333037e+00 -3.938385334313889707e+00
5.000000000000000000e+00 -4.274992158897835459e+00
5.416666666666666963e+00 -4.606233051075432350e+00
5.833333333333333037e+00 -4.931733525897292303e+00
6.250000000000000000e+00 -5.251130784021473374e+00
6.666666666666666963e+00 -5.564073829200155252e+00
7.083333333333333037e+00 -5.870223587245877006e+00
7.500000000000000000e+00 -6.169252962934312912e+00
7.916666666666666963e+00 -6.460846559613547591e+00
8.333333333333333925e+00 -6.744700149188888716e+00
8.750000000000000000e+00 -7.020520978527590827e+00
9.166666666666666075e+00 -7.288028497638156189e+00
9.583333333333333925e+00 -7.546954538933840162e+00
1.000000000000000000e+01 -7.797043483135480457e+00
1.041666666666666607e+01 -8.038052182359058051e+00
1.083333333333333393e+01 -8.269749832870040507e+00
1.125000000000000000e+01 -8.491917868213212373e+00
1.166666666666666607e+01 -8.704349890453736194e+00
1.208333333333333393e+01 -8.906851643733167734e+00
1.250000000000000000e+01 -9.099241012267464512e+00
1.291666666666666607e+01 -9.281348020666436938e+00
1.333333333333333393e+01 -9.453014832740397111e+00
1.375000000000000000e+01 -9.614095784609391515e+00
1.416666666666666607e+01 -9.764457508194213986e+00
1.458333333333333393e+01 -9.903979114512178938e+00
1.500000000000000000e+01 -1.003255222915690226e+01
1.541666666666666607e+01 -1.015008082138959189e+01
1.583333333333333393e+01 -1.025647991334695597e+01
1.625000000000000000e+01 -1.035167373735976071e+01
1.666666666666666785e+01 -1.043559805206882274e+01
1.708333333333333215e+01 -1.050820058756654873e+01
1.750000000000000000e+01 -1.056944090536661740e+01
1.791666666666666785e+01 -1.061929016259379743e+01
1.833333333333333215e+01 -1.065773095556590810e+01
1.875000000000000000e+01 -1.068475723306853986e+01
1.916666666666666785e+01 -1.070037424753001076e+01
1.958333333333333215e+01 -1.070459851905974169e+01
2.000000000000000000e+01 -1.069745779886945414e+01
2.041666666666666785e+01 -1.067899102754831553e+01
2.083333333333333215e+01 -1.064924829088521108e+01
2.125000000000000000e+01 -1.060829077174618718e+01
2.166666666666666785e+01 -1.055619068893673607e+01
2.208333333333333215e+01 -1.049303120810072265e+01
2.250000000000000000e+01 -1.041890631702543324e+01
2.291666666666666785e+01 -1.033392067108481527e+01
2.333333333333333215e+01 -1.023818940969899316e+01
2.375000000000000000e+01 -1.013183793524101262e+01
2.416666666666666785e+01 -1.001500165851830815e+01
2.458333333333333215e+01 -9.887825857362901871e+00
2.500000000000000000e+01 -9.750465907762759343e+00
2.541666666666666785e+01 -9.603087387092820393e+00
2.583333333333333215e+01 -9.445866229317706697e+00
2.625000000000000000e+01 -9.278987814310953652e+00
2.666666666666666785e+01 -9.102646675023196465e+00
2.708333333333333215e+01 -8.917046328381788456e+00
2.750000000000000000e+01 -8.722399172943610779e+00
2.791666666666666785e+01 -8.518926365610019147e+00
2.833333333333333215e+01 -8.306857672144207783e+00
2.875000000000000000e+01 -8.086431269499328778e+00
2.916666666666666785e+01 -7.857893423951772149e+00
2.958333333333333215e+01 -7.621498102256862417e+00
3.000000000000000000e+01 -7.377506938286642502e+00
3.041666666666666785e+01 -7.126189053405112439e+00
3.083333333333333215e+01 -6.867821738037341639e+00
3.125000000000000000e+01 -6.602688753532051535e+00
3.166666666666666785e+01 -6.331079054562805730e+00
3.208333333333333570e+01 -6.053283890477398010e+00
3.250000000000000000e+01 -5.769596473428546979e+00
3.291666666666666430e+01 -5.480311687310174484e+00
3.333333333333333570e+01 -5.185726090691725965e+00
3.375000000000000000e+01 -4.886137920275919200e+00
3.416666666666666430e+01 -4.581847094854585301e+00
3.458333333333333570e+01 -4.273155219718606901e+00
3.500000000000000000e+01 -3.960365591498478555e+00
3.541666666666666430e+01 -3.643783203436972595e+00
3.583333333333333570e+01 -3.323714751086614072e+00
3.625000000000000000e+01 -3.000468638398883670e+00
3.666666666666666430e+01 -2.674354984191408047e+00
3.708333333333333570e+01 -2.345685628975695103e+00
3.750000000000000000e+01 -2.014774142130224543e+00
3.791666666666666430e+01 -1.681935829402435356e+00
3.833333333333333570e+01 -1.347487740722322247e+00
3.875000000000000000e+01 -1.011748678309567495e+00
3.916666666666666430e+01 -6.750392050551914380e-01
3.958333333333333570e+01 -3.376816531578969993e-01
4.000000000000000000e+01 0.000000000000000000e+00
