0.000000000000000000e+00 0.000000000000000000e+00
4.166666666666666852e-01 -3.706136650890091144e-01
8.333333333333333703e-01 -7.407180388550079764e-01
1.250000000000000000e+00 -1.109812706595517451e+00
1.666666666666666741e+00 -1.477408077031561406e+00
2.083333333333333481e+00 -1.843025637617139223e+00
2.500000000000000000e+00 -2.206198007611424483e+00
2.916666666666666519e+00 -2.566468928681590711e+00
3.333333333333333481e+00 -2.923393288458037809e+00
3.750000000000000000e+00 -3.276537182495132150e+00
4.166666666666666963e+00 -3.625477985627921118e+00
4.583333333333333037e+00 -3.969804423689941686e+00
5.000000000000000000e+00 -4.309116646586881316e+00
5.416666666666666963e+00 -4.643026304338418342e+00
5.833333333333333037e+00 -4.971156632340941961e+00
6.250000000000000000e+00 -5.293142546263085002e+00
6.666666666666666963e+00 -5.608630723567652687e+00
7.083333333333333037e+00 -5.917279635849763686e+00
7.500000000000000000e+00 -6.218759478881764835e+00
7.916666666666666963e+00 -6.512751927206921643e+00
8.333333333333333925e+00 -6.798949847929971924e+00
8.750000000000000000e+00 -7.077057602192250663e+00
9.166666666666666075e+00 -7.346791488189662545e+00
9.583333333333333925e+00 -7.607879933729494226e+00
1.000000000000000000e+01 -7.860063527571464093e+00
1.041666666666666607e+01 -8.103095034830039012e+00
1.083333333333333393e+01 -8.336739423365909119e+00
1.125000000000000000e+01 -8.560773887261371229e+00
1.166666666666666607e+01 -8.774987864167071550e+00
1.208333333333333393e+01 -8.979183054253086382e+00
1.250000000000000000e+01 -9.173173443616748912e+00
1.291666666666666607e+01 -9.356785328214293429e+00
1.333333333333333393e+01 -9.529857329548635292e+00
1.375000000000000000e+01 -9.692240389901384034e+00
1.416666666666666607e+01 -9.843797737785305202e+00
1.458333333333333393e+01 -9.984404814502529035e+00
1.500000000000000000e+01 -1.011394916365257579e+01
1.541666666666666607e+01 -1.023233034104671724e+01
1.583333333333333393e+01 -1.033945998438888836e+01
1.625000000000000000e+01 -1.043526196956384844e+01
1.666666666666666785e+01 -1.051967263972025179e+01
1.708333333333333215e+01 -1.059264041180563254e+01
1.750000000000000000e+01 -1.065412556030326918e+01
1.791666666666666785e+01 -1.070410013110281433e+01
1.833333333333333215e+01 -1.074254790752829969e+01
1.875000000000000000e+01 -1.076946437953013280e+01
1.916666666666666785e+01 -1.078485670127747298e+01
1.958333333333333215e+01 -1.078874363627911315e+01
2.000000000000000000e+01 -1.078115548850428951e+01
2.041666666666666785e+01 -1.076213401632645628e+01
2.083333333333333215e+01 -1.073173233083035782e+01
2.125000000000000000e+01 -1.069001478508574543e+01
2.166666666666666785e+01 -1.063705686267674899e+01
2.208333333333333215e+01 -1.057294507277494411e+01
2.250000000000000000e+01 -1.049777684835744296e+01
2.291666666666666785e+01 -1.041166043458406598e+01
2.333333333333333215e+01 -1.031471475780282177e+01
2.375000000000000000e+01 -1.020706927511128725e+01
2.416666666666666785e+01 -1.008886378849076237e+01
2.458333333333333215e+01 -9.960248209824902332e+00
2.500000000000000000e+01 -9.821382426510421482e+00
2.541666666666666785e+01 -9.672436070852965528e+00
2.583333333333333215e+01 -9.513588859364196182e+00
2.625000000000000000e+01 -9.345029903856721276e+00
2.666666666666666785e+01 -9.166957482798849810e+00
2.708333333333333215e+01 -8.979578919647060786e+00
2.750000000000000000e+01 -8.783110521636528389e+00
2.791666666666666785e+01 -8.577777447048847037e+00
2.833333333333333215e+01 -8.363813449578232806e+00
2.875000000000000000e+01 -8.141460608359627926e+00
2.916666666666666785e+01 -7.910969085389721656e+00
2.958333333333333215e+01 -7.672596898128966281e+00
3.000000000000000000e+01 -7.426610122109442713e+00
3.041666666666666785e+01 -7.173283440243300113e+00
3.083333333333333215e+01 -6.912898907335739196e+00
3.125000000000000000e+01 -6.645743846202528893e+00
3.166666666666666785e+01 -6.372108012875803418e+00
3.208333333333333570e+01 -6.092283138747037086e+00
3.250000000000000000e+01 -5.806562625317945425e+00
3.291666666666666430e+01 -5.515241545342086660e+00
3.333333333333333570e+01 -5.218616644842382968e+00
3.375000000000000000e+01 -4.916986346365180616e+00
3.416666666666666430e+01 -4.610650752963050714e+00
3.458333333333333570e+01 -4.299911652711019272e+00
3.500000000000000000e+01 -3.985072523667567701e+00
3.541666666666666430e+01 -3.666438539251684947e+00
3.583333333333333570e+01 -3.344316574024383204e+00
3.625000000000000000e+01 -3.019015209860878901e+00
3.666666666666666430e+01 -2.690844742499934217e+00
3.708333333333333570e+01 -2.360117188455229886e+00
3.750000000000000000e+01 -2.027146292273592554e+00
3.791666666666666430e+01 -1.692247534123138442e+00
3.833333333333333570e+01 -1.355738137694419976e+00
3.875000000000000000e+01 -1.017937078396270456e+00
3.916666666666666430e+01 -6.791650918272323922e-01
3.958333333333333570e+01 -3.397446825026662620e-01
4.000000000000000000e+01 0.000000000000000000e+00
