0.000000000000000000e+00 0.000000000000000000e+00
4.166666666666666852e-01 -3.589503893555706093e-01
8.333333333333333703e-01 -7.174127935526374289e-01
1.250000000000000000e+00 -1.074905865934145943e+00
1.666666666666666741e+00 -1.430958469502810360e+00
2.083333333333333481e+00 -1.785110207841252628e+00
2.500000000000000000e+00 -2.136911395226649635e+00
2.916666666666666519e+00 -2.485922934731479295e+00
3.333333333333333481e+00 -2.831716291993922052e+00
3.750000000000000000e+00 -3.173873565251960738e+00
4.166666666666666963e+00 -3.511987556185593551e+00
4.583333333333333037e+00 -3.845661822464490509e+00
5.000000000000000000e+00 -4.174510734109523113e+00
5.416666666666666963e+00 -4.498159561749409008e+00
5.833333333333333037e+00 -4.816244587037466829e+00
6.250000000000000000e+00 -5.128413175686876713e+00
6.666666666666666963e+00 -5.434323805734923241e+00
7.083333333333333037e+00 -5.733646155832387237e+00
7.500000000000000000e+00 -6.026061327863112105e+00
7.916666666666666963e+00 -6.311262133436482458e+00
8.333333333333333925e+00 -6.588953312923298000e+00
8.750000000000000000e+00 -6.858851458248018673e+00
9.166666666666666075e+00 -7.120684393420487979e+00
9.583333333333333925e+00 -7.374190549826772134e+00
1.000000000000000000e+01 -7.619119493257583642e+00
1.041666666666666607e+01 -7.855233262267615757e+00
1.083333333333333393e+01 -8.082307003478394591e+00
1.125000000000000000e+01 -8.300128744571466655e+00
1.166666666666666607e+01 -8.508499373479095240e+00
1.208333333333333393e+01 -8.707232488802866044e+00
1.250000000000000000e+01 -8.896154294191651601e+00
1.291666666666666607e+01 -9.075103398105229147e+00
1.333333333333333393e+01 -9.243930502084424461e+00
1.375000000000000000e+01 -9.402497355075107421e+00
1.416666666666666607e+01 -9.550676436561543525e+00
1.458333333333333393e+01 -9.688351340205510809e+00
1.500000000000000000e+01 -9.815417027650038762e+00
1.541666666666666607e+01 -9.931779664083153492e+00
1.583333333333333393e+01 -1.003735623733285287e+01
1.625000000000000000e+01 -1.013207430287778088e+01
1.666666666666666785e+01 -1.021587183976780011e+01
1.708333333333333215e+01 -1.028869717195587796e+01
1.750000000000000000e+01 -1.035050892208887241e+01
1.791666666666666785e+01 -1.040127595992266052e+01
1.833333333333333215e+01 -1.044097730935920509e+01
1.875000000000000000e+01 -1.046960200964612753e+01
1.916666666666666785e+01 -1.048714896956053977e+01
1.958333333333333215e+01 -1.049362687751764334e+01
2.000000000000000000e+01 -1.048905420724949344e+01
2.041666666666666785e+01 -1.047345928733315290e+01
2.083333333333333215e+01 -1.044688037255422941e+01
2.125000000000000000e+01 -1.040936570033498931e+01
2.166666666666666785e+01 -1.036097354412827976e+01
2.208333333333333215e+01 -1.030177225863155321e+01
2.250000000000000000e+01 -1.023184028730944028e+01
2.291666666666666785e+01 -1.015126608086982607e+01
2.333333333333333215e+01 -1.006014784095736658e+01
2.375000000000000000e+01 -9.958593156731099683e+00
2.416666666666666785e+01 -9.846718877983510865e+00
2.458333333333333215e+01 -9.724651698895250718e+00
2.500000000000000000e+01 -9.592529681825510579e+00
2.541666666666666785e+01 -9.450501657784691645e+00
2.583333333333333215e+01 -9.298725726467274910e+00
2.625000000000000000e+01 -9.137368792819707153e+00
2.666666666666666785e+01 -8.966606535793733457e+00
2.708333333333333215e+01 -8.786623503843710381e+00
2.750000000000000000e+01 -8.597613113046350009e+00
2.791666666666666785e+01 -8.399777504312297083e+00
2.833333333333333215e+01 -8.193327247688122483e+00
2.875000000000000000e+01 -7.978480896622077267e+00
2.916666666666666785e+01 -7.755464500601594757e+00
2.958333333333333215e+01 -7.524511596446126660e+00
3.000000000000000000e+01 -7.285864638985361630e+00
3.041666666666666785e+01 -7.039776641670579593e+00
3.083333333333333215e+01 -6.786509973408658247e+00
3.125000000000000000e+01 -6.526335037637766234e+00
3.166666666666666785e+01 -6.259529958812993122e+00
3.208333333333333570e+01 -5.986380365398026981e+00
3.250000000000000000e+01 -5.707179049782137525e+00
3.291666666666666430e+01 -5.422225122389571439e+00
3.333333333333333570e+01 -5.131822555544138353e+00
3.375000000000000000e+01 -4.836278033433987211e+00
3.416666666666666430e+01 -4.535900183007288256e+00
3.458333333333333570e+01 -4.230999350827379324e+00
3.500000000000000000e+01 -3.921887568884209418e+00
3.541666666666666430e+01 -3.608878560223199639e+00
3.583333333333333570e+01 -3.292287744991194920e+00
3.625000000000000000e+01 -2.972432246877049877e+00
3.666666666666666430e+01 -2.649630899955157215e+00
3.708333333333333570e+01 -2.324204255918365991e+00
3.750000000000000000e+01 -1.996474591677009913e+00
3.791666666666666430e+01 -1.666765917303316691e+00
3.833333333333333570e+01 -1.335403984292304003e+00
3.875000000000000000e+01 -1.002716294116210882e+00
3.916666666666666430e+01 -6.690321071052798274e-01
3.958333333333333570e+01 -3.346824515842956038e-01
4.000000000000000000e+01 0.000000000000000000e+00
