0.000000000000000000e+00 0.000000000000000000e+00
4.166666666666666852e-01 -3.698071265494103366e-01
8.333333333333333703e-01 -7.390886314873936769e-01
1.250000000000000000e+00 -1.107329233429991344e+00
1.666666666666666741e+00 -1.474025539181311295e+00
2.083333333333333481e+00 -1.838685906798729119e+00
2.500000000000000000e+00 -2.200830576701519714e+00
2.916666666666666519e+00 -2.559991860415054887e+00
3.333333333333333481e+00 -2.915714268194296910e+00
3.750000000000000000e+00 -3.267554583440873017e+00
4.166666666666666963e+00 -3.615081921351305905e+00
4.583333333333333037e+00 -3.957877783167568442e+00
5.000000000000000000e+00 -4.295536102126894740e+00
5.416666666666666963e+00 -4.627663274497189505e+00
5.833333333333333037e+00 -4.953878184982008825e+00
6.250000000000000000e+00 -5.273812272439747595e+00
6.666666666666666963e+00 -5.587109673146140487e+00
7.083333333333333037e+00 -5.893427371242056623e+00
7.500000000000000000e+00 -6.192435080518010615e+00
7.916666666666666963e+00 -6.483815276993269094e+00
8.333333333333333925e+00 -6.767263416323444858e+00
8.750000000000000000e+00 -7.042487783687851000e+00
9.166666666666666075e+00 -7.309209310047440233e+00
9.583333333333333925e+00 -7.567161564784411709e+00
1.000000000000000000e+01 -7.816090828574434823e+00
1.041666666666666607e+01 -8.055756163727767927e+00
1.083333333333333393e+01 -8.285929470673202957e+00
1.125000000000000000e+01 -8.506395529196144167e+00
1.166666666666666607e+01 -8.716952020132753276e+00
1.208333333333333393e+01 -8.917409528510745531e+00
1.250000000000000000e+01 -9.107591537463397557e+00
1.291666666666666607e+01 -9.287334430090659509e+00
1.333333333333333393e+01 -9.456487520766186705e+00
1.375000000000000000e+01 -9.614913142002221136e+00
1.416666666666666607e+01 -9.762486799883880906e+00
1.458333333333333393e+01 -9.899097313964830391e+00
1.500000000000000000e+01 -1.002464668719795071e+01
1.541666666666666607e+01 -1.013904944865648261e+01
1.583333333333333393e+01 -1.024223149649923315e+01
1.625000000000000000e+01 -1.033413017185967142e+01
1.666666666666666785e+01 -1.041469405329081788e+01
1.708333333333333215e+01 -1.048388288768275523e+01
1.750000000000000000e+01 -1.054166750785069695e+01
1.791666666666666785e+01 -1.058803023313324587e+01
1.833333333333333215e+01 -1.062296537021989273e+01
1.875000000000000000e+01 -1.064647925806523432e+01
1.916666666666666785e+01 -1.065859016883994315e+01
1.958333333333333215e+01 -1.065932817341562533e+01
2.000000000000000000e+01 -1.064873501014986346e+01
2.041666666666666785e+01 -1.062686395877071810e+01
2.083333333333333215e+01 -1.059377971542963337e+01
2.125000000000000000e+01 -1.054955826655449691e+01
2.166666666666666785e+01 -1.049428676104975544e+01
2.208333333333333215e+01 -1.042806337683761164e+01
2.250000000000000000e+01 -1.035099716337281883e+01
2.291666666666666785e+01 -1.026320784975375489e+01
2.333333333333333215e+01 -1.016482559440404820e+01
2.375000000000000000e+01 -1.005599075815896271e+01
2.416666666666666785e+01 -9.936853744803281430e+00
2.458333333333333215e+01 -9.807574473108523705e+00
2.500000000000000000e+01 -9.668320899848755090e+00
2.541666666666666785e+01 -9.519265975001525604e+00
2.583333333333333215e+01 -9.360590340546025345e+00
2.625000000000000000e+01 -9.192483593550146992e+00
2.666666666666666785e+01 -9.015144959817760650e+00
2.708333333333333215e+01 -8.828783354874817135e+00
2.750000000000000000e+01 -8.633617118822380476e+00
2.791666666666666785e+01 -8.429873743145469334e+00
2.833333333333333215e+01 -8.217789865249081060e+00
2.875000000000000000e+01 -7.997611323977804609e+00
2.916666666666666785e+01 -7.769592834462894615e+00
2.958333333333333215e+01 -7.533997021944041528e+00
3.000000000000000000e+01 -7.291091377698461606e+00
3.041666666666666785e+01 -7.041146266130245301e+00
3.083333333333333215e+01 -6.784434013303290989e+00
3.125000000000000000e+01 -6.521229065217893250e+00
3.166666666666666785e+01 -6.251808006467335588e+00
3.208333333333333570e+01 -5.976449438377210654e+00
3.250000000000000000e+01 -5.695433888148434320e+00
3.291666666666666430e+01 -5.409043713719250412e+00
3.333333333333333570e+01 -5.117563021209667440e+00
3.375000000000000000e+01 -4.821277618410365839e+00
3.416666666666666430e+01 -4.520475007477571694e+00
3.458333333333333570e+01 -4.215444385906845781e+00
3.500000000000000000e+01 -3.906476651056083771e+00
3.541666666666666430e+01 -3.593864405044026267e+00
3.583333333333333570e+01 -3.277901960014632188e+00
3.625000000000000000e+01 -2.958885343755530695e+00
3.666666666666666430e+01 -2.637112305658669165e+00
3.708333333333333570e+01 -2.312882323010615249e+00
3.750000000000000000e+01 -1.986496607598858155e+00
3.791666666666666430e+01 -1.658258112619805713e+00
3.833333333333333570e+01 -1.328471539873628204e+00
3.875000000000000000e+01 -9.974433472298834813e-01
3.916666666666666430e+01 -6.654817563472389397e-01
3.958333333333333570e+01 -3.328967606299441107e-01
4.000000000000000000e+01 0.000000000000000000e+00
