0.000000000000000000e+00 0.000000000000000000e+00
4.166666666666666852e-01 -3.664645416770394570e-01
8.333333333333333703e-01 -7.324298107508487865e-01
1.250000000000000000e+00 -1.097404742313579762e+00
1.666666666666666741e+00 -1.460908660422145067e+00
2.083333333333333481e+00 -1.822471755987927766e+00
2.500000000000000000e+00 -2.181635115277010151e+00
2.916666666666666519e+00 -2.537950614588048825e+00
3.333333333333333481e+00 -2.890980890073259424e+00
3.750000000000000000e+00 -3.240299389060260271e+00
4.166666666666666963e+00 -3.585490444077458427e+00
4.583333333333333037e+00 -3.926149349473502692e+00
5.000000000000000000e+00 -4.261882444294827543e+00
5.416666666666666963e+00 -4.592307213007408961e+00
5.833333333333333037e+00 -4.917052416044979779e+00
6.250000000000000000e+00 -5.235758237287237549e+00
6.666666666666666963e+00 -5.548076416984798698e+00
7.083333333333333037e+00 -5.853670377985007001e+00
7.500000000000000000e+00 -6.152215358668136069e+00
7.916666666666666963e+00 -6.443398321895555725e+00
8.333333333333333925e+00 -6.726917275797486440e+00
8.750000000000000000e+00 -7.002480313658730360e+00
9.166666666666666075e+00 -7.269807074284822868e+00
9.583333333333333925e+00 -7.528629387919162141e+00
1.000000000000000000e+01 -7.778691328523502868e+00
1.041666666666666607e+01 -8.019748984549227799e+00
1.083333333333333393e+01 -8.251570266174786283e+00
1.125000000000000000e+01 -8.473934837012141230e+00
1.166666666666666607e+01 -8.686634139126944376e+00
1.208333333333333393e+01 -8.889471467206998767e+00
1.250000000000000000e+01 -9.082262049352669564e+00
1.291666666666666607e+01 -9.264833099810774186e+00
1.333333333333333393e+01 -9.437023822605569379e+00
1.375000000000000000e+01 -9.598685358433209913e+00
1.416666666666666607e+01 -9.749680678883699159e+00
1.458333333333333393e+01 -9.889884434276961400e+00
1.500000000000000000e+01 -1.001918281039971248e+01
1.541666666666666607e+01 -1.013747377350319745e+01
1.583333333333333393e+01 -1.024466747897702668e+01
1.625000000000000000e+01 -1.034068543241288829e+01
1.666666666666666785e+01 -1.042546067601809945e+01
1.708333333333333215e+01 -1.049893776039377435e+01
1.750000000000000000e+01 -1.056107274378395644e+01
1.791666666666666785e+01 -1.061183318692393307e+01
1.833333333333333215e+01 -1.065119813996095210e+01
1.875000000000000000e+01 -1.067915811511992352e+01
1.916666666666666785e+01 -1.069571505243128229e+01
1.958333333333333215e+01 -1.070088228323593071e+01
2.000000000000000000e+01 -1.069468448636643387e+01
2.041666666666666785e+01 -1.067715763191638345e+01
2.083333333333333215e+01 -1.064834891632327007e+01
2.125000000000000000e+01 -1.060831669632589502e+01
2.166666666666666785e+01 -1.055713042525806067e+01
2.208333333333333215e+01 -1.049487057633624509e+01
2.250000000000000000e+01 -1.042162852929503103e+01
2.291666666666666785e+01 -1.033750641629061917e+01
2.333333333333333215e+01 -1.024261693054076261e+01
2.375000000000000000e+01 -1.013708306826089256e+01
2.416666666666666785e+01 -1.002103780257781729e+01
2.458333333333333215e+01 -9.894623827468562283e+00
2.500000000000000000e+01 -9.757993817144253512e+00
2.541666666666666785e+01 -9.611311078558122389e+00
2.583333333333333215e+01 -9.454749424027591331e+00
2.625000000000000000e+01 -9.288491975001303302e+00
2.666666666666666785e+01 -9.112730818390170739e+00
2.708333333333333215e+01 -8.927666891234947499e+00
2.750000000000000000e+01 -8.733509922567074923e+00
2.791666666666666785e+01 -8.530478277875891635e+00
2.833333333333333215e+01 -8.318798704854874160e+00
2.875000000000000000e+01 -8.098706009172362386e+00
2.916666666666666785e+01 -7.870442635261895248e+00
2.958333333333333215e+01 -7.634258311612417636e+00
3.000000000000000000e+01 -7.390410575962849116e+00
3.041666666666666785e+01 -7.139166414818219231e+00
3.083333333333333215e+01 -6.880801770331693490e+00
3.125000000000000000e+01 -6.615599727003572461e+00
3.166666666666666785e+01 -6.343849453416853912e+00
3.208333333333333570e+01 -6.065844526001124670e+00
3.250000000000000000e+01 -5.781881335371728881e+00
3.291666666666666430e+01 -5.492258206060060211e+00
3.333333333333333570e+01 -5.197275196067967507e+00
3.375000000000000000e+01 -4.897234037758783742e+00
3.416666666666666430e+01 -4.592438141985750732e+00
3.458333333333333570e+01 -4.283192602677277527e+00
3.500000000000000000e+01 -3.969804201862818793e+00
3.541666666666666430e+01 -3.652581415132118092e+00
3.583333333333333570e+01 -3.331834417516718272e+00
3.625000000000000000e+01 -3.007875089772725996e+00
3.666666666666666430e+01 -2.681017025050131064e+00
3.708333333333333570e+01 -2.351575535932736827e+00
3.750000000000000000e+01 -2.019867661832094985e+00
3.791666666666666430e+01 -1.686212176718762779e+00
3.833333333333333570e+01 -1.350929597172666474e+00
3.875000000000000000e+01 -1.014342190733842131e+00
3.916666666666666430e+01 -6.767739845338075488e-01
3.958333333333333570e+01 -3.385507741868299947e-01
4.000000000000000000e+01 0.000000000000000000e+00
