0.000000000000000000e+00 0.000000000000000000e+00
4.166666666666666852e-01 -3.702749441570287181e-01
8.333333333333333703e-01 -7.400382853144956696e-01
1.250000000000000000e+00 -1.108787467993881837e+00
1.666666666666666741e+00 -1.476030884933876797e+00
2.083333333333333481e+00 -1.841288088324266381e+00
2.500000000000000000e+00 -2.204089853485807549e+00
2.916666666666666519e+00 -2.563978191424593600e+00
3.333333333333333481e+00 -2.920506380314602968e+00
3.750000000000000000e+00 -3.273239025252526968e+00
4.166666666666666963e+00 -3.621752126826213836e+00
4.583333333333333037e+00 -3.965633149695922288e+00
5.000000000000000000e+00 -4.304481092007844012e+00
5.416666666666666963e+00 -4.637906558627129527e+00
5.833333333333333037e+00 -4.965531844684774931e+00
6.250000000000000000e+00 -5.286991033357827163e+00
6.666666666666666963e+00 -5.601930095728969938e+00
7.083333333333333037e+00 -5.910006959309028751e+00
7.500000000000000000e+00 -6.210891495063718182e+00
7.916666666666666963e+00 -6.504265397543499638e+00
8.333333333333333925e+00 -6.789822121762944640e+00
8.750000000000000000e+00 -7.067267209961946683e+00
9.166666666666666075e+00 -7.336318574887753741e+00
9.583333333333333925e+00 -7.596706535743724231e+00
1.000000000000000000e+01 -7.848173750479732647e+00
1.041666666666666607e+01 -8.090475167801896461e+00
1.083333333333333393e+01 -8.323378010899238788e+00
1.125000000000000000e+01 -8.546661773538129836e+00
1.166666666666666607e+01 -8.760118223231247114e+00
1.208333333333333393e+01 -8.963551412689390929e+00
1.250000000000000000e+01 -9.156777695175891907e+00
1.291666666666666607e+01 -9.339625736131882405e+00
1.333333333333333393e+01 -9.511936509924931116e+00
1.375000000000000000e+01 -9.673563270564786265e+00
1.416666666666666607e+01 -9.824371492890497493e+00
1.458333333333333393e+01 -9.964238793924494075e+00
1.500000000000000000e+01 -1.009305488366629433e+01
1.541666666666666607e+01 -1.021072165653895425e+01
1.583333333333333393e+01 -1.031715339831161593e+01
1.625000000000000000e+01 -1.041227645819726710e+01
1.666666666666666785e+01 -1.049602844610292074e+01
1.708333333333333215e+01 -1.056835889743107870e+01
1.750000000000000000e+01 -1.062922936209842284e+01
1.791666666666666785e+01 -1.067861334342240021e+01
1.833333333333333215e+01 -1.071649620715801809e+01
1.875000000000000000e+01 -1.074287511032024156e+01
1.916666666666666785e+01 -1.075775893951919393e+01
1.958333333333333215e+01 -1.076116824583434273e+01
2.000000000000000000e+01 -1.075313517039879940e+01
2.041666666666666785e+01 -1.073370336093928756e+01
2.083333333333333215e+01 -1.070292787551337810e+01
2.125000000000000000e+01 -1.066087506433893495e+01
2.166666666666666785e+01 -1.060762243065286903e+01
2.208333333333333215e+01 -1.054325848344737082e+01
2.250000000000000000e+01 -1.046788258837051622e+01
2.291666666666666785e+01 -1.038160481076556962e+01
2.333333333333333215e+01 -1.028454574726785253e+01
2.375000000000000000e+01 -1.017683634439138451e+01
2.416666666666666785e+01 -1.005861768454983540e+01
2.458333333333333215e+01 -9.930040740921677767e+00
2.500000000000000000e+01 -9.791266255562891985e+00
2.541666666666666785e+01 -9.642464619576635698e+00
2.583333333333333215e+01 -9.483815994557293294e+00
2.625000000000000000e+01 -9.315509700138569826e+00
2.666666666666666785e+01 -9.137744012215366141e+00
2.708333333333333215e+01 -8.950726053355628764e+00
2.750000000000000000e+01 -8.754671685670974313e+00
2.791666666666666785e+01 -8.549805317848136355e+00
2.833333333333333215e+01 -8.336359636925543271e+00
2.875000000000000000e+01 -8.114575339496195028e+00
2.916666666666666785e+01 -7.884700898395069935e+00
2.958333333333333215e+01 -7.646992381267066818e+00
3.000000000000000000e+01 -7.401713508018891829e+00
3.041666666666666785e+01 -7.149135867526789312e+00
3.083333333333333215e+01 -6.889538412403294565e+00
3.125000000000000000e+01 -6.623205806773829529e+00
3.166666666666666785e+01 -6.350425943419635288e+00
3.208333333333333570e+01 -6.071488871846480784e+00
3.250000000000000000e+01 -5.786686391905004001e+00
3.291666666666666430e+01 -5.496311978149966748e+00
3.333333333333333570e+01 -5.200660778953822394e+00
3.375000000000000000e+01 -4.900029620134879416e+00
3.416666666666666430e+01 -4.594717009028375543e+00
3.458333333333333570e+01 -4.285023138991602920e+00
3.500000000000000000e+01 -3.971249894331582375e+00
3.541666666666666430e+01 -3.653700855644297363e+00
3.583333333333333570e+01 -3.332681305553259143e+00
3.625000000000000000e+01 -3.008498234834321217e+00
3.666666666666666430e+01 -2.681460348913288438e+00
3.708333333333333570e+01 -2.351878074721410972e+00
3.750000000000000000e+01 -2.020063567893800371e+00
3.791666666666666430e+01 -1.686330720294348495e+00
3.833333333333333570e+01 -1.350995167850094880e+00
3.875000000000000000e+01 -1.014374298677366282e+00
3.916666666666666430e+01 -6.767872614806389464e-01
3.958333333333333570e+01 -3.385549742046622401e-01
4.000000000000000000e+01 0.000000000000000000e+00
