0.000000000000000000e+00 0.000000000000000000e+00
4.166666666666666852e-01 -3.657862862937735215e-01
8.333333333333333703e-01 -7.310783205101397675e-01
1.250000000000000000e+00 -1.095390171265192336e+00
1.666666666666666741e+00 -1.458246209732504406e+00
2.083333333333333481e+00 -1.819181480274058460e+00
2.500000000000000000e+00 -2.177741755956929648e+00
2.916666666666666519e+00 -2.533483474168413796e+00
3.333333333333333481e+00 -2.885973729262448551e+00
3.750000000000000000e+00 -3.234790336080863415e+00
4.166666666666666963e+00 -3.579521909676583125e+00
4.583333333333333037e+00 -3.919767940767474812e+00
5.000000000000000000e+00 -4.255138872500883629e+00
5.416666666666666963e+00 -4.585256188500411056e+00
5.833333333333333037e+00 -4.909752522949808018e+00
6.250000000000000000e+00 -5.228271786028395596e+00
6.666666666666666963e+00 -5.540469267252791319e+00
7.083333333333333037e+00 -5.846011686954471820e+00
7.500000000000000000e+00 -6.144577193316443697e+00
7.916666666666666963e+00 -6.435855179199461595e+00
8.333333333333333925e+00 -6.719545678629804897e+00
8.750000000000000000e+00 -6.995358582830804473e+00
9.166666666666666075e+00 -7.263014420032155805e+00
9.583333333333333925e+00 -7.522244972722634593e+00
1.000000000000000000e+01 -7.772793419057330233e+00
1.041666666666666607e+01 -8.014414225587612961e+00
1.083333333333333393e+01 -8.246873064321132318e+00
1.125000000000000000e+01 -8.469946824803416874e+00
1.166666666666666607e+01 -8.683423705923180691e+00
1.208333333333333393e+01 -8.887103359417697135e+00
1.250000000000000000e+01 -9.080797047984470183e+00
1.291666666666666607e+01 -9.264327775454136216e+00
1.333333333333333393e+01 -9.437530356490198002e+00
1.375000000000000000e+01 -9.600251405802056937e+00
1.416666666666666607e+01 -9.752349238617400218e+00
1.458333333333333393e+01 -9.893693706888933903e+00
1.500000000000000000e+01 -1.002416609611231735e+01
1.541666666666666607e+01 -1.014365949408313305e+01
1.583333333333333393e+01 -1.025207958616096704e+01
1.625000000000000000e+01 -1.034934416902215482e+01
1.666666666666666785e+01 -1.043538272641313469e+01
1.708333333333333215e+01 -1.051013624934916812e+01
1.750000000000000000e+01 -1.057355722752149774e+01
1.791666666666666785e+01 -1.062560966254474870e+01
1.833333333333333215e+01 -1.066626904927359831e+01
1.875000000000000000e+01 -1.069552231896123118e+01
1.916666666666666785e+01 -1.071336776696946735e+01
1.958333333333333215e+01 -1.071981499020447615e+01
2.000000000000000000e+01 -1.071488483457996743e+01
2.041666666666666785e+01 -1.069860933741643372e+01
2.083333333333333215e+01 -1.067103165466609127e+01
2.125000000000000000e+01 -1.063220596585655642e+01
2.166666666666666785e+01 -1.058219735789498905e+01
2.208333333333333215e+01 -1.052108169817156558e+01
2.250000000000000000e+01 -1.044894550718613679e+01
2.291666666666666785e+01 -1.036588583748698866e+01
2.333333333333333215e+01 -1.027201014843729965e+01
2.375000000000000000e+01 -1.016743613771931720e+01
2.416666666666666785e+01 -1.005229147852332794e+01
2.458333333333333215e+01 -9.926713666452361196e+00
2.500000000000000000e+01 -9.790850521953089469e+00
2.541666666666666785e+01 -9.644861241714936639e+00
2.583333333333333215e+01 -9.488915783732053910e+00
2.625000000000000000e+01 -9.323193570691243437e+00
2.666666666666666785e+01 -9.147883046265299356e+00
2.708333333333333215e+01 -8.963181544834842640e+00
2.750000000000000000e+01 -8.769295254573526321e+00
2.791666666666666785e+01 -8.566439110222480835e+00
2.833333333333333215e+01 -8.354836581805789919e+00
2.875000000000000000e+01 -8.134719358500637654e+00
2.916666666666666785e+01 -7.906326936382821913e+00
2.958333333333333215e+01 -7.669906320367593899e+00
3.000000000000000000e+01 -7.425712554384602981e+00
3.041666666666666785e+01 -7.174010324951241024e+00
3.083333333333333215e+01 -6.915073353650231347e+00
3.125000000000000000e+01 -6.649183200903500790e+00
3.166666666666666785e+01 -6.376628685831390975e+00
3.208333333333333570e+01 -6.097704965454242121e+00
3.250000000000000000e+01 -5.812712489765088364e+00
3.291666666666666430e+01 -5.521955031598656305e+00
3.333333333333333570e+01 -5.225738419760438624e+00
3.375000000000000000e+01 -4.924370254251124734e+00
3.416666666666666430e+01 -4.618159808900300867e+00
3.458333333333333570e+01 -4.307418036126411387e+00
3.500000000000000000e+01 -3.992457572156366652e+00
3.541666666666666430e+01 -3.673592742694260060e+00
3.583333333333333570e+01 -3.351139569025616716e+00
3.625000000000000000e+01 -3.025415774540103797e+00
3.666666666666666430e+01 -2.696740791656630165e+00
3.708333333333333570e+01 -2.365435769134934141e+00
3.750000000000000000e+01 -2.031823579755475340e+00
3.791666666666666430e+01 -1.696228828350456519e+00
3.833333333333333570e+01 -1.358977860165931695e+00
3.875000000000000000e+01 -1.020398769535891592e+00
3.916666666666666430e+01 -6.808214088467401393e-01
3.958333333333333570e+01 -3.405773977706817446e-01
4.000000000000000000e+01 0.000000000000000000e+00
