0.000000000000000000e+00 0.000000000000000000e+00
4.166666666666666852e-01 -3.630993861813701096e-01
8.333333333333333703e-01 -7.256127075803349147e-01
1.250000000000000000e+00 -1.086967707149232520e+00
1.666666666666666741e+00 -1.446609189455284383e+00
2.083333333333333481e+00 -1.803999326556365856e+00
2.500000000000000000e+00 -2.158617623257285789e+00
2.916666666666666519e+00 -2.509960919609322438e+00
3.333333333333333481e+00 -2.857543459725271351e+00
3.750000000000000000e+00 -3.200896923835526486e+00
4.166666666666666963e+00 -3.539570348234560182e+00
4.583333333333333037e+00 -3.873129988859032036e+00
5.000000000000000000e+00 -4.201159196144351959e+00
5.416666666666666963e+00 -4.523258251295795951e+00
5.833333333333333037e+00 -4.839044160223357594e+00
6.250000000000000000e+00 -5.148150520598211877e+00
6.666666666666666963e+00 -5.450227466421446287e+00
7.083333333333333037e+00 -5.744941269496441905e+00
7.500000000000000000e+00 -6.031973937681128994e+00
7.916666666666666963e+00 -6.311022828833273479e+00
8.333333333333333925e+00 -6.581800096373421560e+00
8.750000000000000000e+00 -6.844032032278804856e+00
9.166666666666666075e+00 -7.097459218239376533e+00
9.583333333333333925e+00 -7.341837627763434959e+00
1.000000000000000000e+01 -7.576939523507673968e+00
1.041666666666666607e+01 -7.802553708383295650e+00
1.083333333333333393e+01 -8.018485230193601154e+00
1.125000000000000000e+01 -8.224555021778837016e+00
1.166666666666666607e+01 -8.420599278393398279e+00
1.208333333333333393e+01 -8.606468858589467530e+00
1.250000000000000000e+01 -8.782028676959855673e+00
1.291666666666666607e+01 -8.947157019435541869e+00
1.333333333333333393e+01 -9.101744790850284872e+00
1.375000000000000000e+01 -9.245695001255361589e+00
1.416666666666666607e+01 -9.378922619785488024e+00
1.458333333333333393e+01 -9.501354714039454308e+00
1.500000000000000000e+01 -9.612929711443598535e+00
1.541666666666666607e+01 -9.713597478613028358e+00
1.583333333333333393e+01 -9.803319023286581668e+00
1.625000000000000000e+01 -9.882065909463360498e+00
1.666666666666666785e+01 -9.949819725582408125e+00
1.708333333333333215e+01 -1.000657258961264162e+01
1.750000000000000000e+01 -1.005232796078052004e+01
1.791666666666666785e+01 -1.008710117546498708e+01
1.833333333333333215e+01 -1.011092010693818288e+01
1.875000000000000000e+01 -1.012382524263368921e+01
1.916666666666666785e+01 -1.012586936513516278e+01
1.958333333333333215e+01 -1.011711712852357969e+01
2.000000000000000000e+01 -1.009764463032754556e+01
2.041666666666666785e+01 -1.006753905899021007e+01
2.083333333333333215e+01 -1.002689847417898505e+01
2.125000000000000000e+01 -9.975831683231323410e+00
2.166666666666666785e+01 -9.914458125360258833e+00
2.208333333333333215e+01 -9.842907714506591077e+00
2.250000000000000000e+01 -9.761320615949410140e+00
2.291666666666666785e+01 -9.669846926488672167e+00
2.333333333333333215e+01 -9.568646250172152534e+00
2.375000000000000000e+01 -9.457887403272973614e+00
2.416666666666666785e+01 -9.337748861546831591e+00
2.458333333333333215e+01 -9.208419272554479562e+00
2.500000000000000000e+01 -9.070095484928158314e+00
2.541666666666666785e+01 -8.922979582097079643e+00
2.583333333333333215e+01 -8.767278420401009242e+00
2.625000000000000000e+01 -8.603202716558474350e+00
2.666666666666666785e+01 -8.430966400930111959e+00
2.708333333333333215e+01 -8.250786149918127421e+00
2.750000000000000000e+01 -8.062881045057421758e+00
2.791666666666666785e+01 -7.867472367219801477e+00
2.833333333333333215e+01 -7.664783496303480881e+00
2.875000000000000000e+01 -7.455039865574932811e+00
2.916666666666666785e+01 -7.238468920765290804e+00
2.958333333333333215e+01 -7.015300039129413356e+00
3.000000000000000000e+01 -6.785764404302213393e+00
3.041666666666666785e+01 -6.550094962164983770e+00
3.083333333333333215e+01 -6.308526512706568390e+00
3.125000000000000000e+01 -6.061295781907442226e+00
3.166666666666666785e+01 -5.808641369355957096e+00
3.208333333333333570e+01 -5.550803722809859231e+00
3.250000000000000000e+01 -5.288025111279076818e+00
3.291666666666666430e+01 -5.020549615739820837e+00
3.333333333333333570e+01 -4.748623131317732060e+00
3.375000000000000000e+01 -4.472493365634892193e+00
3.416666666666666430e+01 -4.192409804130047490e+00
3.458333333333333570e+01 -3.908623634770072908e+00
3.500000000000000000e+01 -3.621387794153620110e+00
3.541666666666666430e+01 -3.330956999635268811e+00
3.583333333333333570e+01 -3.037587766736904005e+00
3.625000000000000000e+01 -2.741538404882300384e+00
3.666666666666666430e+01 -2.443069016684197070e+00
3.708333333333333570e+01 -2.142441504757162107e+00
3.750000000000000000e+01 -1.839919578782344800e+00
3.791666666666666430e+01 -1.535768760165224345e+00
3.833333333333333570e+01 -1.230256373266817915e+00
3.875000000000000000e+01 -9.236515202403174918e-01
3.916666666666666430e+01 -6.162250975468241965e-01
3.958333333333333570e+01 -3.082498021023224455e-01
4.000000000000000000e+01 0.000000000000000000e+00
