0.000000000000000000e+00 0.000000000000000000e+00
4.166666666666666852e-01 -3.694063830071060983e-01
8.333333333333333703e-01 -7.383040433210124043e-01
1.250000000000000000e+00 -1.106192604471927021e+00
1.666666666666666741e+00 -1.472582423076117086e+00
2.083333333333333481e+00 -1.836995116768632030e+00
2.500000000000000000e+00 -2.198963517828063985e+00
2.916666666666666519e+00 -2.558031508889806904e+00
3.333333333333333481e+00 -2.913753983426525807e+00
3.750000000000000000e+00 -3.265696903385364447e+00
4.166666666666666963e+00 -3.613437380780445629e+00
4.583333333333333037e+00 -3.956563769065265301e+00
5.000000000000000000e+00 -4.294675776977279646e+00
5.416666666666666963e+00 -4.627384616503308123e+00
5.833333333333333037e+00 -4.954313160225527923e+00
6.250000000000000000e+00 -5.275096060220122673e+00
6.666666666666666963e+00 -5.589379846511838501e+00
7.083333333333333037e+00 -5.896823083814274113e+00
7.500000000000000000e+00 -6.197096509428207334e+00
7.916666666666666963e+00 -6.489882799184158557e+00
8.333333333333333925e+00 -6.774875944151122376e+00
8.750000000000000000e+00 -7.051781210942595024e+00
9.166666666666666075e+00 -7.320315835469989985e+00
9.583333333333333925e+00 -7.580209205557126850e+00
1.000000000000000000e+01 -7.831203587774076880e+00
1.041666666666666607e+01 -8.073054189509319301e+00
1.083333333333333393e+01 -8.305528951295853446e+00
1.125000000000000000e+01 -8.528408310041504237e+00
1.166666666666666607e+01 -8.741485030799180933e+00
1.208333333333333393e+01 -8.944564127608797932e+00
1.250000000000000000e+01 -9.137462835476101830e+00
1.291666666666666607e+01 -9.320010591461489469e+00
1.333333333333333393e+01 -9.492049014234806847e+00
1.375000000000000000e+01 -9.653431945271524484e+00
1.416666666666666607e+01 -9.804025614876810124e+00
1.458333333333333393e+01 -9.943708747620643607e+00
1.500000000000000000e+01 -1.007237221609590172e+01
1.541666666666666607e+01 -1.018991883108052576e+01
1.583333333333333393e+01 -1.029626234232312498e+01
1.625000000000000000e+01 -1.039132879781278795e+01
1.666666666666666785e+01 -1.047505637321894412e+01
1.708333333333333215e+01 -1.054739511694090481e+01
1.750000000000000000e+01 -1.060830679101986185e+01
1.791666666666666785e+01 -1.065776477404291533e+01
1.833333333333333215e+01 -1.069575400198354487e+01
1.875000000000000000e+01 -1.072227093546109344e+01
1.916666666666666785e+01 -1.073732353552820840e+01
1.958333333333333215e+01 -1.074093123144059447e+01
2.000000000000000000e+01 -1.073312486724090142e+01
2.041666666666666785e+01 -1.071394661997593012e+01
2.083333333333333215e+01 -1.068344989348339702e+01
2.125000000000000000e+01 -1.064169919976613699e+01
2.166666666666666785e+01 -1.058877003650110105e+01
2.208333333333333215e+01 -1.052474876476950882e+01
2.250000000000000000e+01 -1.044973248920140918e+01
2.291666666666666785e+01 -1.036382893233902358e+01
2.333333333333333215e+01 -1.026715626785628110e+01
2.375000000000000000e+01 -1.015984288083371823e+01
2.416666666666666785e+01 -1.004202709624792966e+01
2.458333333333333215e+01 -9.913857213193281837e+00
2.500000000000000000e+01 -9.775492044817607251e+00
2.541666666666666785e+01 -9.627100750689267628e+00
2.583333333333333215e+01 -9.468862837664289600e+00
2.625000000000000000e+01 -9.300967167787881351e+00
2.666666666666666785e+01 -9.123611679450924328e+00
2.708333333333333215e+01 -8.937003248578614389e+00
2.750000000000000000e+01 -8.741357635709787743e+00
2.791666666666666785e+01 -8.536899420799914040e+00
2.833333333333333215e+01 -8.323861874557991314e+00
2.875000000000000000e+01 -8.102486675038949926e+00
2.916666666666666785e+01 -7.873023345859937905e+00
2.958333333333333215e+01 -7.635728672831834984e+00
3.000000000000000000e+01 -7.390866827257952743e+00
3.041666666666666785e+01 -7.138709654567827023e+00
3.083333333333333215e+01 -6.879536501351608102e+00
3.125000000000000000e+01 -6.613631945305921356e+00
3.166666666666666785e+01 -6.341283857118091838e+00
3.208333333333333570e+01 -6.062782092324054517e+00
3.250000000000000000e+01 -5.778418275320301944e+00
3.291666666666666430e+01 -5.488485702425122348e+00
3.333333333333333570e+01 -5.193279344560662203e+00
3.375000000000000000e+01 -4.893095850569862293e+00
3.416666666666666430e+01 -4.588233551114725195e+00
3.458333333333333570e+01 -4.278992463055070417e+00
3.500000000000000000e+01 -3.965674294261010147e+00
3.541666666666666430e+01 -3.648582448884769125e+00
3.583333333333333570e+01 -3.328022033091647458e+00
3.625000000000000000e+01 -3.004299861184406062e+00
3.666666666666666430e+01 -2.677724462106200853e+00
3.708333333333333570e+01 -2.348606086301396445e+00
3.750000000000000000e+01 -2.017256712919100359e+00
3.791666666666666430e+01 -1.683990057343122571e+00
3.833333333333333570e+01 -1.349121579031135054e+00
3.875000000000000000e+01 -1.012968489645454939e+00
3.916666666666666430e+01 -6.758497614563852007e-01
3.958333333333333570e+01 -3.380861359985061765e-01
4.000000000000000000e+01 0.000000000000000000e+00
