0.000000000000000000e+00 0.000000000000000000e+00
4.166666666666666852e-01 -3.701386887213206633e-01
8.333333333333333703e-01 -7.397615677878228713e-01
1.250000000000000000e+00 -1.108361299427535140e+00
1.666666666666666741e+00 -1.475441638866539451e+00
2.083333333333333481e+00 -1.840518034660525659e+00
2.500000000000000000e+00 -2.203117517057601837e+00
2.916666666666666519e+00 -2.562778478656478676e+00
3.333333333333333481e+00 -2.919050622464552713e+00
3.750000000000000000e+00 -3.271495019568851692e+00
4.166666666666666963e+00 -3.619684195640447300e+00
4.583333333333333037e+00 -3.963202235031575871e+00
5.000000000000000000e+00 -4.301644921698319912e+00
5.416666666666666963e+00 -4.634619911906202816e+00
5.833333333333333037e+00 -4.961746865307711474e+00
6.250000000000000000e+00 -5.282657486207162023e+00
6.666666666666666963e+00 -5.596995577460504023e+00
7.083333333333333037e+00 -5.904417233740867132e+00
7.500000000000000000e+00 -6.204591069797758429e+00
7.916666666666666963e+00 -6.497198152263186977e+00
8.333333333333333925e+00 -6.781931569774880764e+00
8.750000000000000000e+00 -7.058496114093841811e+00
9.166666666666666075e+00 -7.326608215874351515e+00
9.583333333333333925e+00 -7.585995519098217343e+00
1.000000000000000000e+01 -7.836399002944580694e+00
1.041666666666666607e+01 -8.077573555195510124e+00
1.083333333333333393e+01 -8.309287709009787193e+00
1.125000000000000000e+01 -8.531323173831385276e+00
1.166666666666666607e+01 -8.743474443881524394e+00
1.208333333333333393e+01 -8.945548562316263386e+00
1.250000000000000000e+01 -9.137364985828153152e+00
1.291666666666666607e+01 -9.318755484853076254e+00
1.333333333333333393e+01 -9.489564093352402807e+00
1.375000000000000000e+01 -9.649647302959001749e+00
1.416666666666666607e+01 -9.798874689317315756e+00
1.458333333333333393e+01 -9.937129490615665972e+00
1.500000000000000000e+01 -1.006430792667339347e+01
1.541666666666666607e+01 -1.018031855121098950e+01
1.583333333333333393e+01 -1.028508011495820007e+01
1.625000000000000000e+01 -1.037852331299070485e+01
1.666666666666666785e+01 -1.046059126216621493e+01
1.708333333333333215e+01 -1.053123944579507487e+01
1.750000000000000000e+01 -1.059043552607325189e+01
1.791666666666666785e+01 -1.063815914788576933e+01
1.833333333333333215e+01 -1.067440178846296384e+01
1.875000000000000000e+01 -1.069916666192247590e+01
1.916666666666666785e+01 -1.071246865534528858e+01
1.958333333333333215e+01 -1.071433427075589329e+01
2.000000000000000000e+01 -1.070480155189944149e+01
2.041666666666666785e+01 -1.068391998402832854e+01
2.083333333333333215e+01 -1.065175036609859305e+01
2.125000000000000000e+01 -1.060836466320678362e+01
2.166666666666666785e+01 -1.055384585198038394e+01
2.208333333333333215e+01 -1.048828775903002253e+01
2.250000000000000000e+01 -1.041179488708757894e+01
2.291666666666666785e+01 -1.032448220648408110e+01
2.333333333333333215e+01 -1.022647483790840894e+01
2.375000000000000000e+01 -1.011790758076544705e+01
2.416666666666666785e+01 -9.998924522573110707e+00
2.458333333333333215e+01 -9.869679529950271757e+00
2.500000000000000000e+01 -9.730337874578445678e+00
2.541666666666666785e+01 -9.581075750313759798e+00
2.583333333333333215e+01 -9.422079061020101065e+00
2.625000000000000000e+01 -9.253542464977371651e+00
2.666666666666666785e+01 -9.075669251774158397e+00
2.708333333333333215e+01 -8.888671431369793652e+00
2.750000000000000000e+01 -8.692769790488789283e+00
2.791666666666666785e+01 -8.488193804710773449e+00
2.833333333333333215e+01 -8.275181363613466345e+00
2.875000000000000000e+01 -8.053978163572439897e+00
2.916666666666666785e+01 -7.824836609359970829e+00
2.958333333333333215e+01 -7.588014903395972510e+00
3.000000000000000000e+01 -7.343777382660455544e+00
3.041666666666666785e+01 -7.092396601493943464e+00
3.083333333333333215e+01 -6.834149623012323538e+00
3.125000000000000000e+01 -6.569316100382945223e+00
3.166666666666666785e+01 -6.298177637427186504e+00
3.208333333333333570e+01 -6.021017520858944039e+00
3.250000000000000000e+01 -5.738120718549033938e+00
3.291666666666666430e+01 -5.449773879533439391e+00
3.333333333333333570e+01 -5.156265335658702931e+00
3.375000000000000000e+01 -4.857885104149580968e+00
3.416666666666666430e+01 -4.554924890969643592e+00
3.458333333333333570e+01 -4.247678094721084818e+00
3.500000000000000000e+01 -3.936439810971653408e+00
3.541666666666666430e+01 -3.621506837102533183e+00
3.583333333333333570e+01 -3.303177677697398451e+00
3.625000000000000000e+01 -2.981752550316971284e+00
3.666666666666666430e+01 -2.657533391643912779e+00
3.708333333333333570e+01 -2.330823863967813825e+00
3.750000000000000000e+01 -2.001929361996610535e+00
3.791666666666666430e+01 -1.671157019978952718e+00
3.833333333333333570e+01 -1.338815719122121717e+00
3.875000000000000000e+01 -1.005216095288655298e+00
3.916666666666666430e+01 -6.706705469543141618e-01
3.958333333333333570e+01 -3.354932434089705207e-01
4.000000000000000000e+01 0.000000000000000000e+00
