0.000000000000000000e+00 0.000000000000000000e+00
4.166666666666666852e-01 -3.712281962369792243e-01
8.333333333333333703e-01 -7.419420842948913908e-01
1.250000000000000000e+00 -1.111637225247050109e+00
1.666666666666666741e+00 -1.479820533825725093e+00
2.083333333333333481e+00 -1.846010121128099701e+00
2.500000000000000000e+00 -2.209735360838271934e+00
2.916666666666666519e+00 -2.570537031250338611e+00
3.333333333333333481e+00 -2.927967439956487894e+00
3.750000000000000000e+00 -3.281590513125874242e+00
4.166666666666666963e+00 -3.630981867201459323e+00
4.583333333333333037e+00 -3.975728873218311143e+00
5.000000000000000000e+00 -4.315430715190668565e+00
5.416666666666666963e+00 -4.649698443983922402e+00
5.833333333333333037e+00 -4.978155024286599506e+00
6.250000000000000000e+00 -5.300435367546422860e+00
6.666666666666666963e+00 -5.616186355168244049e+00
7.083333333333333037e+00 -5.925066880659539237e+00
7.500000000000000000e+00 -6.226747962838903305e+00
7.916666666666666963e+00 -6.520912950257778284e+00
8.333333333333333925e+00 -6.807257614876494500e+00
8.750000000000000000e+00 -7.085489569639642049e+00
9.166666666666666075e+00 -7.355328428785884221e+00
9.583333333333333925e+00 -7.616505866111162426e+00
1.000000000000000000e+01 -7.868765698391349872e+00
1.041666666666666607e+01 -8.111863968715647744e+00
1.083333333333333393e+01 -8.345569001767962902e+00
1.125000000000000000e+01 -8.569661442590506439e+00
1.166666666666666607e+01 -8.783934288638169718e+00
1.208333333333333393e+01 -8.988192914333691164e+00
1.250000000000000000e+01 -9.182255081482864512e+00
1.291666666666666607e+01 -9.365950933129715494e+00
1.333333333333333393e+01 -9.539122976810867627e+00
1.375000000000000000e+01 -9.701626074395472088e+00
1.416666666666666607e+01 -9.853327465930696860e+00
1.458333333333333393e+01 -9.994106844320752359e+00
1.500000000000000000e+01 -1.012385643651472300e+01
1.541666666666666607e+01 -1.024248088669981982e+01
1.583333333333333393e+01 -1.034989652635282376e+01
1.625000000000000000e+01 -1.044603007144322682e+01
1.666666666666666785e+01 -1.053081941053658177e+01
1.708333333333333215e+01 -1.060421407209252465e+01
1.750000000000000000e+01 -1.066617526217905088e+01
1.791666666666666785e+01 -1.071667576026499979e+01
1.833333333333333215e+01 -1.075569981696786925e+01
1.875000000000000000e+01 -1.078324307591095987e+01
1.916666666666666785e+01 -1.079931250325636505e+01
1.958333333333333215e+01 -1.080392630520386099e+01
2.000000000000000000e+01 -1.079711382316325974e+01
2.041666666666666785e+01 -1.077891540054832298e+01
2.083333333333333215e+01 -1.074938223186952868e+01
2.125000000000000000e+01 -1.070857620692757806e+01
2.166666666666666785e+01 -1.065656976407984402e+01
2.208333333333333215e+01 -1.059344575396229438e+01
2.250000000000000000e+01 -1.051929731370130128e+01
2.291666666666666785e+01 -1.043422774074392123e+01
2.333333333333333215e+01 -1.033835036815274044e+01
2.375000000000000000e+01 -1.023178846727007674e+01
2.416666666666666785e+01 -1.011467517623330359e+01
2.458333333333333215e+01 -9.987153294751342614e+00
2.500000000000000000e+01 -9.849374521534047133e+00
2.541666666666666785e+01 -9.701497961439917717e+00
2.583333333333333215e+01 -9.543691805063241773e+00
2.625000000000000000e+01 -9.376133786311275031e+00
2.666666666666666785e+01 -9.199011281253351768e+00
2.708333333333333215e+01 -9.012521062787026693e+00
2.750000000000000000e+01 -8.816868973113493269e+00
2.791666666666666785e+01 -8.612269645060061762e+00
2.833333333333333215e+01 -8.398946346456046541e+00
2.875000000000000000e+01 -8.177130939423475908e+00
2.916666666666666785e+01 -7.947063784227955452e+00
2.958333333333333215e+01 -7.708993364119569591e+00
3.000000000000000000e+01 -7.463175497825400129e+00
3.041666666666666785e+01 -7.209871923769783919e+00
3.083333333333333215e+01 -6.949351877427216273e+00
3.125000000000000000e+01 -6.681891971050267109e+00
3.166666666666666785e+01 -6.407776167599597450e+00
3.208333333333333570e+01 -6.127295420762443712e+00
3.250000000000000000e+01 -5.840747059771566718e+00
3.291666666666666430e+01 -5.548433727151412143e+00
3.333333333333333570e+01 -5.250660990321187604e+00
3.375000000000000000e+01 -4.947736422624804398e+00
3.416666666666666430e+01 -4.639969319578075790e+00
3.458333333333333570e+01 -4.327670654481325485e+00
3.500000000000000000e+01 -4.011153083689450227e+00
3.541666666666666430e+01 -3.690730952328804992e+00
3.583333333333333570e+01 -3.366720300447089809e+00
3.625000000000000000e+01 -3.039438869581585934e+00
3.666666666666666430e+01 -2.709206109730121881e+00
3.708333333333333570e+01 -2.376343186708624877e+00
3.750000000000000000e+01 -2.041172989877788169e+00
3.791666666666666430e+01 -1.704020140220780410e+00
3.833333333333333570e+01 -1.365210998753100480e+00
3.875000000000000000e+01 -1.025073675244290161e+00
3.916666666666666430e+01 -6.839380372308253575e-01
3.958333333333333570e+01 -3.421357192983246476e-01
4.000000000000000000e+01 0.000000000000000000e+00
