0.000000000000000000e+00 0.000000000000000000e+00
4.166666666666666852e-01 -3.608769557343850520e-01
8.333333333333333703e-01 -7.212689820448628941e-01
1.250000000000000000e+00 -1.080697852636546497e+00
1.666666666666666741e+00 -1.438695346300299605e+00
2.083333333333333481e+00 -1.794803721110326933e+00
2.500000000000000000e+00 -2.148575707683552771e+00
2.916666666666666519e+00 -2.499574402724443978e+00
3.333333333333333481e+00 -2.847373236298738952e+00
3.750000000000000000e+00 -3.191556031825185435e+00
4.166666666666666963e+00 -3.531717074962286596e+00
4.583333333333333037e+00 -3.867461170553802674e+00
5.000000000000000000e+00 -4.198403695560032567e+00
5.416666666666666963e+00 -4.524170668593426647e+00
5.833333333333333037e+00 -4.844398850735561979e+00
6.250000000000000000e+00 -5.158735846818876425e+00
6.666666666666666963e+00 -5.466840164680519365e+00
7.083333333333333037e+00 -5.768381276071944619e+00
7.500000000000000000e+00 -6.063039790287568565e+00
7.916666666666666963e+00 -6.350507750728074718e+00
8.333333333333333925e+00 -6.630488900490355775e+00
8.750000000000000000e+00 -6.902698613889792334e+00
9.166666666666666075e+00 -7.166863142693864042e+00
9.583333333333333925e+00 -7.422718756295672904e+00
1.000000000000000000e+01 -7.670012818411326094e+00
1.041666666666666607e+01 -7.908505156845517803e+00
1.083333333333333393e+01 -8.137968464689222969e+00
1.125000000000000000e+01 -8.358188000418611097e+00
1.166666666666666607e+01 -8.568961330394202491e+00
1.208333333333333393e+01 -8.770098069230391147e+00
1.250000000000000000e+01 -8.961419666038867859e+00
1.291666666666666607e+01 -9.142759164265038763e+00
1.333333333333333393e+01 -9.313960924537592945e+00
1.375000000000000000e+01 -9.474880152537220823e+00
1.416666666666666607e+01 -9.625383010907645698e+00
1.458333333333333393e+01 -9.765347149251764947e+00
1.500000000000000000e+01 -9.894661068186906050e+00
1.541666666666666607e+01 -1.001322422100109399e+01
1.583333333333333393e+01 -1.012094687504093571e+01
1.625000000000000000e+01 -1.021775000134440070e+01
1.666666666666666785e+01 -1.030356520245968888e+01
1.708333333333333215e+01 -1.037833466121374038e+01
1.750000000000000000e+01 -1.044201110087885986e+01
1.791666666666666785e+01 -1.049455774178985834e+01
1.833333333333333215e+01 -1.053594822675654719e+01
1.875000000000000000e+01 -1.056616649722178813e+01
1.916666666666666785e+01 -1.058520663336891054e+01
1.958333333333333215e+01 -1.059307270222188357e+01
2.000000000000000000e+01 -1.058977866765602549e+01
2.041666666666666785e+01 -1.057534839261602322e+01
2.083333333333333215e+01 -1.054981570599945151e+01
2.125000000000000000e+01 -1.051322448098678386e+01
2.166666666666666785e+01 -1.046562870032800063e+01
2.208333333333333215e+01 -1.040709251437553462e+01
2.250000000000000000e+01 -1.033769029933212380e+01
2.291666666666666785e+01 -1.025750669651464086e+01
2.333333333333333215e+01 -1.016663656379290259e+01
2.375000000000000000e+01 -1.006518474972353161e+01
2.416666666666666785e+01 -9.953265978702784622e+00
2.458333333333333215e+01 -9.831005468068779507e+00
2.500000000000000000e+01 -9.698539961107583096e+00
2.541666666666666785e+01 -9.556016767461100514e+00
2.583333333333333215e+01 -9.403592953105343710e+00
2.625000000000000000e+01 -9.241434824270328363e+00
2.666666666666666785e+01 -9.069717801722612549e+00
2.708333333333333215e+01 -8.888626383572665546e+00
2.750000000000000000e+01 -8.698354072211063936e+00
2.791666666666666785e+01 -8.499103206074774874e+00
2.833333333333333215e+01 -8.291084671245050330e+00
2.875000000000000000e+01 -8.074517474370527026e+00
2.916666666666666785e+01 -7.849628229954673131e+00
2.958333333333333215e+01 -7.616650925717793896e+00
3.000000000000000000e+01 -7.375827947621996117e+00
3.041666666666666785e+01 -7.127412240634741991e+00
3.083333333333333215e+01 -6.871666173513157894e+00
3.125000000000000000e+01 -6.608860054748151747e+00
3.166666666666666785e+01 -6.339271909414690320e+00
3.208333333333333570e+01 -6.063187538143509414e+00
3.250000000000000000e+01 -5.780900494645339727e+00
3.291666666666666430e+01 -5.492711741441142159e+00
3.333333333333333570e+01 -5.198928939235781144e+00
3.375000000000000000e+01 -4.899865231946118449e+00
3.416666666666666430e+01 -4.595837527711787551e+00
3.458333333333333570e+01 -4.287164819246847003e+00
3.500000000000000000e+01 -3.974167889030600254e+00
3.541666666666666430e+01 -3.657169203395081336e+00
3.583333333333333570e+01 -3.336492918962383314e+00
3.625000000000000000e+01 -3.012464889518103650e+00
3.666666666666666430e+01 -2.685412673311807552e+00
3.708333333333333570e+01 -2.355665540767884814e+00
3.750000000000000000e+01 -2.023554482585524283e+00
3.791666666666666430e+01 -1.689412218207382299e+00
3.833333333333333570e+01 -1.353573204631920213e+00
3.875000000000000000e+01 -1.016373645547091975e+00
3.916666666666666430e+01 -6.781515007821609098e-01
3.958333333333333570e+01 -3.392464960359322101e-01
4.000000000000000000e+01 0.000000000000000000e+00
