0.000000000000000000e+00 0.000000000000000000e+00
4.166666666666666852e-01 -3.798818274642262183e-01
8.333333333333333703e-01 -7.592273877896545953e-01
1.250000000000000000e+00 -1.137511122864155677e+00
1.666666666666666741e+00 -1.514219706606772853e+00
2.083333333333333481e+00 -1.888851803174188326e+00
2.500000000000000000e+00 -2.260918150111721481e+00
2.916666666666666519e+00 -2.629941756167746281e+00
3.333333333333333481e+00 -2.995458058262882250e+00
3.750000000000000000e+00 -3.357015015881579689e+00
4.166666666666666963e+00 -3.714173185632652974e+00
4.583333333333333037e+00 -4.066505794387013317e+00
5.000000000000000000e+00 -4.413598810091142077e+00
5.416666666666666963e+00 -4.755051010664756106e+00
5.833333333333333037e+00 -5.090474052717292253e+00
6.250000000000000000e+00 -5.419492554502094883e+00
6.666666666666666963e+00 -5.741744249185407156e+00
7.083333333333333037e+00 -6.056880202800919655e+00
7.500000000000000000e+00 -6.364564841240276216e+00
7.916666666666666963e+00 -6.664474876340558573e+00
8.333333333333333925e+00 -6.956299697874641197e+00
8.750000000000000000e+00 -7.239741626680827657e+00
9.166666666666666075e+00 -7.514515965520349283e+00
9.583333333333333925e+00 -7.780350984142484272e+00
1.000000000000000000e+01 -8.036987906877028465e+00
1.041666666666666607e+01 -8.284180919185551772e+00
1.083333333333333393e+01 -8.521697180687143103e+00
1.125000000000000000e+01 -8.749316842004194683e+00
1.166666666666666607e+01 -8.966833073719666203e+00
1.208333333333333393e+01 -9.174052100701741708e+00
1.250000000000000000e+01 -9.370793220084998154e+00
1.291666666666666607e+01 -9.556888791289027907e+00
1.333333333333333393e+01 -9.732184202583749055e+00
1.375000000000000000e+01 -9.896537833841909659e+00
1.416666666666666607e+01 -1.004982105198286391e+01
1.458333333333333393e+01 -1.019191827865294542e+01
1.500000000000000000e+01 -1.032272714393780078e+01
1.541666666666666607e+01 -1.044215860154176134e+01
1.583333333333333393e+01 -1.055013663026154447e+01
1.625000000000000000e+01 -1.064659689388727237e+01
1.666666666666666785e+01 -1.073148479310026282e+01
1.708333333333333215e+01 -1.080475494235770917e+01
1.750000000000000000e+01 -1.086637336994921199e+01
1.791666666666666785e+01 -1.091631794878083817e+01
1.833333333333333215e+01 -1.095457830848933334e+01
1.875000000000000000e+01 -1.098115566790101205e+01
1.916666666666666785e+01 -1.099606271721102146e+01
1.958333333333333215e+01 -1.099932351655232843e+01
2.000000000000000000e+01 -1.099097339116925198e+01
2.041666666666666785e+01 -1.097105881672352368e+01
2.083333333333333215e+01 -1.093963727720329260e+01
2.125000000000000000e+01 -1.089677707976986731e+01
2.166666666666666785e+01 -1.084255712842348629e+01
2.208333333333333215e+01 -1.077706668489138764e+01
2.250000000000000000e+01 -1.070040515343092657e+01
2.291666666666666785e+01 -1.061268188740086593e+01
2.333333333333333215e+01 -1.051401599045961355e+01
2.375000000000000000e+01 -1.040453614020940343e+01
2.416666666666666785e+01 -1.028438050294928097e+01
2.458333333333333215e+01 -1.015369661503092580e+01
2.500000000000000000e+01 -1.001264068662758078e+01
2.541666666666666785e+01 -9.861375750500700477e+00
2.583333333333333215e+01 -9.700072095230675373e+00
2.625000000000000000e+01 -9.528909498262491340e+00
2.666666666666666785e+01 -9.348078053374651475e+00
2.708333333333333215e+01 -9.157778175895781914e+00
2.750000000000000000e+01 -8.958220234914724855e+00
2.791666666666666785e+01 -8.749624110397311583e+00
2.833333333333333215e+01 -8.532218694710362428e+00
2.875000000000000000e+01 -8.306241283165071820e+00
2.916666666666666785e+01 -8.071937078470808657e+00
2.958333333333333215e+01 -7.829559179739252528e+00
3.000000000000000000e+01 -7.579368889394127784e+00
3.041666666666666785e+01 -7.321634933012954427e+00
3.083333333333333215e+01 -7.056630175589677201e+00
3.125000000000000000e+01 -6.784633951535445462e+00
3.166666666666666785e+01 -6.505932988346823542e+00
3.208333333333333570e+01 -6.220821395418648869e+00
3.250000000000000000e+01 -5.929599483322489206e+00
3.291666666666666430e+01 -5.632572162754035716e+00
3.333333333333333570e+01 -5.330047297518384575e+00
3.375000000000000000e+01 -5.022334704243930581e+00
3.416666666666666430e+01 -4.709745934959264524e+00
3.458333333333333570e+01 -4.392594217281446944e+00
3.500000000000000000e+01 -4.071194459760726581e+00
3.541666666666666430e+01 -3.745863257680657643e+00
3.583333333333333570e+01 -3.416918899299437928e+00
3.625000000000000000e+01 -3.084681372517047215e+00
3.666666666666666430e+01 -2.749472371952793814e+00
3.708333333333333570e+01 -2.411615306416107440e+00
3.750000000000000000e+01 -2.071435306753613315e+00
3.791666666666666430e+01 -1.729259234053213801e+00
3.833333333333333570e+01 -1.385415688186313110e+00
3.875000000000000000e+01 -1.040235016667631518e+00
3.916666666666666430e+01 -6.940493238112125374e-01
3.958333333333333570e+01 -3.471924801604846511e-01
4.000000000000000000e+01 0.000000000000000000e+00
