0.000000000000000000e+00 0.000000000000000000e+00
4.166666666666666852e-01 -3.447571385823466339e-01
8.333333333333333703e-01 -6.890145321789837851e-01
1.250000000000000000e+00 -1.032281068265791024e+00
1.666666666666666741e+00 -1.374077487933968778e+00
2.083333333333333481e+00 -1.713937262487169599e+00
2.500000000000000000e+00 -2.051406450407644133e+00
2.916666666666666519e+00 -2.386043452124399167e+00
3.333333333333333481e+00 -2.717418982245185521e+00
3.750000000000000000e+00 -3.045116149673492423e+00
4.166666666666666963e+00 -3.368730578375847884e+00
4.583333333333333037e+00 -3.687870554503217324e+00
5.000000000000000000e+00 -4.002157137571627388e+00
5.416666666666666963e+00 -4.311224203979903358e+00
5.833333333333333037e+00 -4.614718502010449086e+00
6.250000000000000000e+00 -4.912299774184905488e+00
6.666666666666666963e+00 -5.203640857514526097e+00
7.083333333333333037e+00 -5.488427645333947780e+00
7.500000000000000000e+00 -5.766358928817777674e+00
7.916666666666666963e+00 -6.037146171979447473e+00
8.333333333333333925e+00 -6.300513267492938496e+00
8.750000000000000000e+00 -6.556196307807565127e+00
9.166666666666666075e+00 -6.803943421081537046e+00
9.583333333333333925e+00 -7.043514673030890627e+00
1.000000000000000000e+01 -7.274681986584213611e+00
1.041666666666666607e+01 -7.497229073520150777e+00
1.083333333333333393e+01 -7.710951373841582246e+00
1.125000000000000000e+01 -7.915656005791182004e+00
1.166666666666666607e+01 -8.111161703143180191e+00
1.208333333333333393e+01 -8.297298751903534608e+00
1.250000000000000000e+01 -8.473908916639560474e+00
1.291666666666666607e+01 -8.640845380546219090e+00
1.333333333333333393e+01 -8.797972670074601709e+00
1.375000000000000000e+01 -8.945166569288042879e+00
1.416666666666666607e+01 -9.082314018828357760e+00
1.458333333333333393e+01 -9.209312984221103449e+00
1.500000000000000000e+01 -9.326072236915297964e+00
1.541666666666666607e+01 -9.432511144210247167e+00
1.583333333333333393e+01 -9.528559434145542184e+00
1.625000000000000000e+01 -9.614156968772832101e+00
1.666666666666666785e+01 -9.689253561805426074e+00
1.708333333333333215e+01 -9.753808902998068575e+00
1.750000000000000000e+01 -9.807792567314411514e+00
1.791666666666666785e+01 -9.851184073681976017e+00
1.833333333333333215e+01 -9.883972992394379986e+00
1.875000000000000000e+01 -9.906159075287005678e+00
1.916666666666666785e+01 -9.917752434227521618e+00
1.958333333333333215e+01 -9.918773764243107749e+00
2.000000000000000000e+01 -9.909254573942801514e+00
2.041666666666666785e+01 -9.889237377415833308e+00
2.083333333333333215e+01 -9.858775813698466450e+00
2.125000000000000000e+01 -9.817934691651100110e+00
2.166666666666666785e+01 -9.766789961765661943e+00
2.208333333333333215e+01 -9.705428587452390232e+00
2.250000000000000000e+01 -9.633948327465185812e+00
2.291666666666666785e+01 -9.552457390053760378e+00
2.333333333333333215e+01 -9.461073952166673351e+00
2.375000000000000000e+01 -9.359925953015324041e+00
2.416666666666666785e+01 -9.249151130838804136e+00
2.458333333333333215e+01 -9.128898478664320137e+00
2.500000000000000000e+01 -8.999326549264122121e+00
2.541666666666666785e+01 -8.860602792889483936e+00
2.583333333333333215e+01 -8.712903264357516164e+00
2.625000000000000000e+01 -8.556412511684776234e+00
2.666666666666666785e+01 -8.391323441454566989e+00
2.708333333333333215e+01 -8.217837089368426717e+00
2.750000000000000000e+01 -8.036162300200910380e+00
2.791666666666666785e+01 -7.846515275171611847e+00
2.833333333333333215e+01 -7.649118882725914226e+00
2.875000000000000000e+01 -7.444201695621138981e+00
2.916666666666666785e+01 -7.231997117288187837e+00
2.958333333333333215e+01 -7.012743863286655888e+00
3.000000000000000000e+01 -6.786688417699920706e+00
3.041666666666666785e+01 -6.554081293994918234e+00
3.083333333333333215e+01 -6.315175569943217937e+00
3.125000000000000000e+01 -6.070226238716800005e+00
3.166666666666666785e+01 -5.819489998926421492e+00
3.208333333333333570e+01 -5.563225254647700346e+00
3.250000000000000000e+01 -5.301692115717222542e+00
3.291666666666666430e+01 -5.035152399237142085e+00
3.333333333333333570e+01 -4.763869631978224994e+00
3.375000000000000000e+01 -4.488109052917335084e+00
3.416666666666666430e+01 -4.208137614454125597e+00
3.458333333333333570e+01 -3.924223981925980098e+00
3.500000000000000000e+01 -3.636638539454862151e+00
3.541666666666666430e+01 -3.345653395400729480e+00
3.583333333333333570e+01 -3.051542387376613430e+00
3.625000000000000000e+01 -2.754581086471486362e+00
3.666666666666666430e+01 -2.455046801924861910e+00
3.708333333333333570e+01 -2.153218586440817095e+00
3.750000000000000000e+01 -1.849377241770045810e+00
3.791666666666666430e+01 -1.543805324417338420e+00
3.833333333333333570e+01 -1.236787150916340394e+00
3.875000000000000000e+01 -9.286088025109182631e-01
3.916666666666666430e+01 -6.195581321165390953e-01
3.958333333333333570e+01 -3.099247709597132139e-01
4.000000000000000000e+01 0.000000000000000000e+00
