0.000000000000000000e+00 0.000000000000000000e+00
4.166666666666666852e-01 -3.752621581253358096e-01
8.333333333333333703e-01 -7.499963049700911766e-01
1.250000000000000000e+00 -1.123684944164086374e+00
1.666666666666666741e+00 -1.495822638874044985e+00
2.083333333333333481e+00 -1.865915809213279708e+00
2.500000000000000000e+00 -2.233482808165522027e+00
2.916666666666666519e+00 -2.598054091928901244e+00
3.333333333333333481e+00 -2.959172354125502835e+00
3.750000000000000000e+00 -3.316392607230916223e+00
4.166666666666666963e+00 -3.669282245477953008e+00
4.583333333333333037e+00 -4.017421102999353621e+00
5.000000000000000000e+00 -4.360401506202705946e+00
5.416666666666666963e+00 -4.697828316397779425e+00
5.833333333333333037e+00 -5.029318953722539121e+00
6.250000000000000000e+00 -5.354503400359793552e+00
6.666666666666666963e+00 -5.673024223915511755e+00
7.083333333333333037e+00 -5.984536728727800181e+00
7.500000000000000000e+00 -6.288709268124121898e+00
7.916666666666666963e+00 -6.585223315241122144e+00
8.333333333333333925e+00 -6.873772115369726876e+00
8.750000000000000000e+00 -7.154060640943683325e+00
9.166666666666666075e+00 -7.425806063441283023e+00
9.583333333333333925e+00 -7.688738005105799189e+00
1.000000000000000000e+01 -7.942598670192854371e+00
1.041666666666666607e+01 -8.187142896814810555e+00
1.083333333333333393e+01 -8.422138184285888229e+00
1.125000000000000000e+01 -8.647364724738309860e+00
1.166666666666666607e+01 -8.862615434084780475e+00
1.208333333333333393e+01 -9.067695966688431142e+00
1.250000000000000000e+01 -9.262424706392375029e+00
1.291666666666666607e+01 -9.446632738421390840e+00
1.333333333333333393e+01 -9.620163815395251561e+00
1.375000000000000000e+01 -9.782874342244912924e+00
1.416666666666666607e+01 -9.934633410022795985e+00
1.458333333333333393e+01 -1.007532291563120452e+01
1.500000000000000000e+01 -1.020483776004653720e+01
1.541666666666666607e+01 -1.032308594816770153e+01
1.583333333333333393e+01 -1.042998831321830266e+01
1.625000000000000000e+01 -1.052547750281625660e+01
1.666666666666666785e+01 -1.060949659610064444e+01
1.708333333333333215e+01 -1.068199959239073138e+01
1.750000000000000000e+01 -1.074295229476351921e+01
1.791666666666666785e+01 -1.079233254305340139e+01
1.833333333333333215e+01 -1.083013009445257779e+01
1.875000000000000000e+01 -1.085634641793136979e+01
1.916666666666666785e+01 -1.087099450422108404e+01
1.958333333333333215e+01 -1.087409869953561881e+01
2.000000000000000000e+01 -1.086569455057603584e+01
2.041666666666666785e+01 -1.084582865054656864e+01
2.083333333333333215e+01 -1.081455848136179299e+01
2.125000000000000000e+01 -1.077195225095444542e+01
2.166666666666666785e+01 -1.071808872894169795e+01
2.208333333333333215e+01 -1.065305707471356023e+01
2.250000000000000000e+01 -1.057695665226085602e+01
2.291666666666666785e+01 -1.048989685542225025e+01
2.333333333333333215e+01 -1.039199697482780138e+01
2.375000000000000000e+01 -1.028338612231111426e+01
2.416666666666666785e+01 -1.016420320326830584e+01
2.458333333333333215e+01 -1.003459680294489687e+01
2.500000000000000000e+01 -9.894724350765445209e+00
2.541666666666666785e+01 -9.744750269078966909e+00
2.583333333333333215e+01 -9.584847230075359548e+00
2.625000000000000000e+01 -9.415197648942783104e+00
2.666666666666666785e+01 -9.235993943418590035e+00
2.708333333333333215e+01 -9.047438252678917436e+00
2.750000000000000000e+01 -8.849742050525771120e+00
2.791666666666666785e+01 -8.643125850764416640e+00
2.833333333333333215e+01 -8.427819012008811228e+00
2.875000000000000000e+01 -8.204059605791035992e+00
2.916666666666666785e+01 -7.972094375530468291e+00
2.958333333333333215e+01 -7.732178696335137325e+00
3.000000000000000000e+01 -7.484576166021635224e+00
3.041666666666666785e+01 -7.229557381593653353e+00
3.083333333333333215e+01 -6.967398637333264588e+00
3.125000000000000000e+01 -6.698383324425749130e+00
3.166666666666666785e+01 -6.422801917781346681e+00
3.208333333333333570e+01 -6.140949415810203149e+00
3.250000000000000000e+01 -5.853123144966268399e+00
3.291666666666666430e+01 -5.559622320470904100e+00
3.333333333333333570e+01 -5.260747825949987799e+00
3.375000000000000000e+01 -4.956802217203554406e+00
3.416666666666666430e+01 -4.648089726442946379e+00
3.458333333333333570e+01 -4.334916266982068223e+00
3.500000000000000000e+01 -4.017589438371704347e+00
3.541666666666666430e+01 -3.696418531964584364e+00
3.583333333333333570e+01 -3.371714536897427728e+00
3.625000000000000000e+01 -3.043790146476873293e+00
3.666666666666666430e+01 -2.712959764954498532e+00
3.708333333333333570e+01 -2.379539514674942513e+00
3.750000000000000000e+01 -2.043847243581740969e+00
3.791666666666666430e+01 -1.706202533062634252e+00
3.833333333333333570e+01 -1.366926706117128409e+00
3.875000000000000000e+01 -1.026342835826913324e+00
3.916666666666666430e+01 -6.847757541092758249e-01
3.958333333333333570e+01 -3.425520607328350620e-01
4.000000000000000000e+01 0.000000000000000000e+00
