0.000000000000000000e+00 0.000000000000000000e+00
4.166666666666666852e-01 -3.782934000686259957e-01
8.333333333333333703e-01 -7.560529937766337083e-01
1.250000000000000000e+00 -1.132755649847357660e+00
1.666666666666666741e+00 -1.507890421725030183e+00
2.083333333333333481e+00 -1.880958299132340139e+00
2.500000000000000000e+00 -2.251472281806489839e+00
2.916666666666666519e+00 -2.618957564676873240e+00
3.333333333333333481e+00 -2.982951682528739656e+00
3.750000000000000000e+00 -3.343004593677154190e+00
4.166666666666666963e+00 -3.698678742238483697e+00
4.583333333333333037e+00 -4.049549116006295080e+00
5.000000000000000000e+00 -4.395203300262803481e+00
5.416666666666666963e+00 -4.735241525885521163e+00
5.833333333333333037e+00 -5.069276705382026016e+00
6.250000000000000000e+00 -5.396934456983372819e+00
6.666666666666666963e+00 -5.717853157633672190e+00
7.083333333333333037e+00 -6.031684124852172424e+00
7.500000000000000000e+00 -6.338091949176662965e+00
7.916666666666666963e+00 -6.636754659179559646e+00
8.333333333333333925e+00 -6.927362743421358715e+00
8.750000000000000000e+00 -7.209619387445136418e+00
9.166666666666666075e+00 -7.483240587507542507e+00
9.583333333333333925e+00 -7.747955172036371962e+00
1.000000000000000000e+01 -8.003504859693745033e+00
1.041666666666666607e+01 -8.249644306356453072e+00
1.083333333333333393e+01 -8.486141135543274316e+00
1.125000000000000000e+01 -8.712775965230864728e+00
1.166666666666666607e+01 -8.929342438833769435e+00
1.208333333333333393e+01 -9.135647245673556682e+00
1.250000000000000000e+01 -9.331510116982071779e+00
1.291666666666666607e+01 -9.516763798781246564e+00
1.333333333333333393e+01 -9.691254011357145259e+00
1.375000000000000000e+01 -9.854839415954835147e+00
1.416666666666666607e+01 -1.000739161423088319e+01
1.458333333333333393e+01 -1.014879520612452879e+01
1.500000000000000000e+01 -1.027894789799054465e+01
1.541666666666666607e+01 -1.039776048387748020e+01
1.583333333333333393e+01 -1.050515619333970641e+01
1.625000000000000000e+01 -1.060106904991171106e+01
1.666666666666666785e+01 -1.068544299804392139e+01
1.708333333333333215e+01 -1.075823296004691443e+01
1.750000000000000000e+01 -1.081940557423799021e+01
1.791666666666666785e+01 -1.086893936204566025e+01
1.833333333333333215e+01 -1.090682469000149091e+01
1.875000000000000000e+01 -1.093306368164585152e+01
1.916666666666666785e+01 -1.094767010820557118e+01
1.958333333333333215e+01 -1.095066926861077938e+01
2.000000000000000000e+01 -1.094209785786861566e+01
2.041666666666666785e+01 -1.092200381423259792e+01
2.083333333333333215e+01 -1.089044613614042412e+01
2.125000000000000000e+01 -1.084749467397217515e+01
2.166666666666666785e+01 -1.079322992104778578e+01
2.208333333333333215e+01 -1.072774282477454832e+01
2.250000000000000000e+01 -1.065113460710465354e+01
2.291666666666666785e+01 -1.056351656966729458e+01
2.333333333333333215e+01 -1.046500990672721798e+01
2.375000000000000000e+01 -1.035574556830957071e+01
2.416666666666666785e+01 -1.023586415105005187e+01
2.458333333333333215e+01 -1.010551556206107371e+01
2.500000000000000000e+01 -9.964857607510106519e+00
2.541666666666666785e+01 -9.814053265600071185e+00
2.583333333333333215e+01 -9.653272892382418036e+00
2.625000000000000000e+01 -9.482696197886870237e+00
2.666666666666666785e+01 -9.302512720628829612e+00
2.708333333333333215e+01 -9.112921679330744595e+00
2.750000000000000000e+01 -8.914131634691534245e+00
2.791666666666666785e+01 -8.706360166526893707e+00
2.833333333333333215e+01 -8.489833695543412162e+00
2.875000000000000000e+01 -8.264787503136449942e+00
2.916666666666666785e+01 -8.031465914771498404e+00
2.958333333333333215e+01 -7.790122188228886912e+00
3.000000000000000000e+01 -7.541017094592698200e+00
3.041666666666666785e+01 -7.284416982802422780e+00
3.083333333333333215e+01 -7.020594684813256769e+00
3.125000000000000000e+01 -6.749830984499949338e+00
3.166666666666666785e+01 -6.472414104101406274e+00
3.208333333333333570e+01 -6.188638742303770535e+00
3.250000000000000000e+01 -5.898804423372703276e+00
3.291666666666666430e+01 -5.603214195372160589e+00
3.333333333333333570e+01 -5.302173341872816081e+00
3.375000000000000000e+01 -4.995988955042736102e+00
3.416666666666666430e+01 -4.684969817180932417e+00
3.458333333333333570e+01 -4.369426387415427548e+00
3.500000000000000000e+01 -4.049670807024190466e+00
3.541666666666666430e+01 -3.726016905202549356e+00
3.583333333333333570e+01 -3.398780205263238763e+00
3.625000000000000000e+01 -3.068277931254662860e+00
3.666666666666666430e+01 -2.734829014981653650e+00
3.708333333333333570e+01 -2.398754103412734207e+00
3.750000000000000000e+01 -2.060375566456291274e+00
3.791666666666666430e+01 -1.720017505088234921e+00
3.833333333333333570e+01 -1.378005759811537390e+00
3.875000000000000000e+01 -1.034667919428002847e+00
3.916666666666666430e+01 -6.903333301016387757e-01
3.958333333333333570e+01 -3.453331046915312785e-01
4.000000000000000000e+01 0.000000000000000000e+00
