0.000000000000000000e+00 0.000000000000000000e+00
4.166666666666666852e-01 -3.724912075993723204e-01
8.333333333333333703e-01 -7.444744696963527808e-01
1.250000000000000000e+00 -1.115450665523074703e+00
1.666666666666666741e+00 -1.484931457759882001e+00
2.083333333333333481e+00 -1.852439565935792398e+00
2.500000000000000000e+00 -2.217508822424274495e+00
2.916666666666666519e+00 -2.579684155693051206e+00
3.333333333333333481e+00 -2.938521603671767402e+00
3.750000000000000000e+00 -3.293588368554013268e+00
4.166666666666666963e+00 -3.644462885062299762e+00
4.583333333333333037e+00 -3.990734889551619702e+00
5.000000000000000000e+00 -4.332005487582908820e+00
5.416666666666666963e+00 -4.667887218754331435e+00
5.833333333333333037e+00 -4.998004119444025228e+00
6.250000000000000000e+00 -5.321991780240464820e+00
6.666666666666666963e+00 -5.639497379313032965e+00
7.083333333333333037e+00 -5.950179664141883151e+00
7.500000000000000000e+00 -6.253708820195783780e+00
7.916666666666666963e+00 -6.549766116809168537e+00
8.333333333333333925e+00 -6.838043255392141084e+00
8.750000000000000000e+00 -7.118242723404118344e+00
9.166666666666666075e+00 -7.390078349709446215e+00
9.583333333333333925e+00 -7.653275583711296903e+00
1.000000000000000000e+01 -7.907571619042750299e+00
1.041666666666666607e+01 -8.152715476119176685e+00
1.083333333333333393e+01 -8.388468089260962657e+00
1.125000000000000000e+01 -8.614602400000674010e+00
1.166666666666666607e+01 -8.830903447053609412e+00
1.208333333333333393e+01 -9.037168447874863730e+00
1.250000000000000000e+01 -9.233206867858841704e+00
1.291666666666666607e+01 -9.418840474543262786e+00
1.333333333333333393e+01 -9.593903376828590623e+00
1.375000000000000000e+01 -9.758242047773297401e+00
1.416666666666666607e+01 -9.911715330146069647e+00
1.458333333333333393e+01 -1.005419442707744615e+01
1.500000000000000000e+01 -1.018556288013710898e+01
1.541666666666666607e+01 -1.030571655708209988e+01
1.583333333333333393e+01 -1.041456370053310287e+01
1.625000000000000000e+01 -1.051202481337487882e+01
1.666666666666666785e+01 -1.059803247067195642e+01
1.708333333333333215e+01 -1.067253135509258932e+01
1.750000000000000000e+01 -1.073547815364637792e+01
1.791666666666666785e+01 -1.078684146185813120e+01
1.833333333333333215e+01 -1.082660170861942817e+01
1.875000000000000000e+01 -1.085475109770649560e+01
1.916666666666666785e+01 -1.087129355456709234e+01
1.958333333333333215e+01 -1.087624467059437983e+01
2.000000000000000000e+01 -1.086963163851214809e+01
2.041666666666666785e+01 -1.085149317140942671e+01
2.083333333333333215e+01 -1.082187940066426535e+01
2.125000000000000000e+01 -1.078085175888361213e+01
2.166666666666666785e+01 -1.072848285940867186e+01
2.208333333333333215e+01 -1.066485637865262248e+01
2.250000000000000000e+01 -1.059006694213962518e+01
2.291666666666666785e+01 -1.050422000696435632e+01
2.333333333333333215e+01 -1.040743172443843356e+01
2.375000000000000000e+01 -1.029982876437528994e+01
2.416666666666666785e+01 -1.018154810093661489e+01
2.458333333333333215e+01 -1.005273681149985876e+01
2.500000000000000000e+01 -9.913552058445237236e+00
2.541666666666666785e+01 -9.764161226519988190e+00
2.583333333333333215e+01 -9.604741825620463302e+00
2.625000000000000000e+01 -9.435480947172020905e+00
2.666666666666666785e+01 -9.256575013218563797e+00
2.708333333333333215e+01 -9.068229606934510301e+00
2.750000000000000000e+01 -8.870659360902436674e+00
2.791666666666666785e+01 -8.664087866038780561e+00
2.833333333333333215e+01 -8.448747550769072134e+00
2.875000000000000000e+01 -8.224879450705030237e+00
2.916666666666666785e+01 -7.992732845713687695e+00
2.958333333333333215e+01 -7.752564939189573678e+00
3.000000000000000000e+01 -7.504640871894485699e+00
3.041666666666666785e+01 -7.249234113130062163e+00
3.083333333333333215e+01 -6.986625959605670566e+00
3.125000000000000000e+01 -6.717104989639937962e+00
3.166666666666666785e+01 -6.440966027184625631e+00
3.208333333333333570e+01 -6.158506886594902419e+00
3.250000000000000000e+01 -5.870027520538210197e+00
3.291666666666666430e+01 -5.575829604698459008e+00
3.333333333333333570e+01 -5.276216480992594882e+00
3.375000000000000000e+01 -4.971493161353440549e+00
3.416666666666666430e+01 -4.661966332022148940e+00
3.458333333333333570e+01 -4.347944358311804258e+00
3.500000000000000000e+01 -4.029737289825206403e+00
3.541666666666666430e+01 -3.707656866112368110e+00
3.583333333333333570e+01 -3.382016522753216403e+00
3.625000000000000000e+01 -3.053131397852138829e+00
3.666666666666666430e+01 -2.721318338928727432e+00
3.708333333333333570e+01 -2.386895910189051229e+00
3.750000000000000000e+01 -2.050184400160466325e+00
3.791666666666666430e+01 -1.711505829672456125e+00
3.833333333333333570e+01 -1.371183960164847893e+00
3.875000000000000000e+01 -1.029544302304006287e+00
3.916666666666666430e+01 -6.869141248864486515e-01
3.958333333333333570e+01 -3.436224640086610327e-01
4.000000000000000000e+01 0.000000000000000000e+00
