0.000000000000000000e+00 0.000000000000000000e+00
4.166666666666666852e-01 -6.730397423302140678e-04
8.333333333333333703e-01 -1.344485259510804637e-03
1.250000000000000000e+00 -2.012842708246367733e-03
1.666666666666666741e+00 -2.676734462572453923e-03
2.083333333333333481e+00 -3.334894720164059169e-03
2.500000000000000000e+00 -3.986164642034134564e-03
2.916666666666666519e+00 -4.629487555990252808e-03
3.333333333333333481e+00 -5.263904289045007352e-03
3.750000000000000000e+00 -5.888548716887293845e-03
4.166666666666666963e+00 -6.502643391651157477e-03
4.583333333333333037e+00 -7.105492942475755136e-03
5.000000000000000000e+00 -7.696468644966777614e-03
5.416666666666666963e+00 -8.274985698782212976e-03
5.833333333333333037e+00 -8.840493396303734236e-03
6.250000000000000000e+00 -9.392485900775722138e-03
6.666666666666666963e+00 -9.930501977885940190e-03
7.083333333333333037e+00 -1.045412220930318388e-02
7.500000000000000000e+00 -1.096296649148092994e-02
7.916666666666666963e+00 -1.145669165049007648e-02
8.333333333333333925e+00 -1.193498909840729448e-02
8.750000000000000000e+00 -1.239758254555434723e-02
9.166666666666666075e+00 -1.284422577908669004e-02
9.583333333333333925e+00 -1.327470052008032295e-02
1.000000000000000000e+01 -1.368881436490724732e-02
1.041666666666666607e+01 -1.408639880870143912e-02
1.083333333333333393e+01 -1.446730734846249714e-02
1.125000000000000000e+01 -1.483141366558245189e-02
1.166666666666666607e+01 -1.517860988833071197e-02
1.208333333333333393e+01 -1.550880493496930961e-02
1.250000000000000000e+01 -1.582192293811907416e-02
1.291666666666666607e+01 -1.611790175030376054e-02
1.333333333333333393e+01 -1.639669152925228232e-02
1.375000000000000000e+01 -1.665825340004450580e-02
1.416666666666666607e+01 -1.690255819090069958e-02
1.458333333333333393e+01 -1.712958522585004625e-02
1.500000000000000000e+01 -1.733932115059359444e-02
1.541666666666666607e+01 -1.753175856134545421e-02
1.583333333333333393e+01 -1.770689434336035137e-02
1.625000000000000000e+01 -1.786472859838096963e-02
1.666666666666666785e+01 -1.800526418725647074e-02
1.708333333333333215e+01 -1.812850639686577545e-02
1.750000000000000000e+01 -1.823446258057517116e-02
1.791666666666666785e+01 -1.832314177227519977e-02
1.833333333333333215e+01 -1.839455430855129608e-02
1.875000000000000000e+01 -1.844871149717361089e-02
1.916666666666666785e+01 -1.848562534792078105e-02
1.958333333333333215e+01 -1.850530837044100582e-02
2.000000000000000000e+01 -1.850777344047863440e-02
2.041666666666666785e+01 -1.849303373496688843e-02
2.083333333333333215e+01 -1.846110273652427913e-02
2.125000000000000000e+01 -1.841199430829457487e-02
2.166666666666666785e+01 -1.834572284089156305e-02
2.208333333333333215e+01 -1.826230347463749654e-02
2.250000000000000000e+01 -1.816175240260338442e-02
2.291666666666666785e+01 -1.804408726366999241e-02
2.333333333333333215e+01 -1.790932763444853110e-02
2.375000000000000000e+01 -1.775749561651402200e-02
2.416666666666666785e+01 -1.758861649382417736e-02
2.458333333333333215e+01 -1.740271936119615337e-02
2.500000000000000000e+01 -1.719983722955675462e-02
2.541666666666666785e+01 -1.698000627594070666e-02
2.583333333333333215e+01 -1.674327004494730736e-02
2.625000000000000000e+01 -1.648968101594289887e-02
2.666666666666666785e+01 -1.621930038580251046e-02
2.708333333333333215e+01 -1.593219833076432376e-02
2.750000000000000000e+01 -1.562845490383415331e-02
2.791666666666666785e+01 -1.530816113777538554e-02
2.833333333333333215e+01 -1.497142027493559430e-02
2.875000000000000000e+01 -1.461834909496051611e-02
2.916666666666666785e+01 -1.424907932767150061e-02
2.958333333333333215e+01 -1.386375914467474768e-02
3.000000000000000000e+01 -1.346255472666448710e-02
3.041666666666666785e+01 -1.304565190408606308e-02
3.083333333333333215e+01 -1.261325786828005995e-02
3.125000000000000000e+01 -1.216560294961348959e-02
3.166666666666666785e+01 -1.170294245892553736e-02
3.208333333333333570e+01 -1.122555858927032531e-02
3.250000000000000000e+01 -1.073376237731382514e-02
3.291666666666666430e+01 -1.022789572592020489e-02
3.333333333333333570e+01 -9.708333490952033781e-03
3.375000000000000000e+01 -9.175485648467233621e-03
3.416666666666666430e+01 -8.629799551189200682e-03
3.458333333333333570e+01 -8.071762045870232646e-03
3.500000000000000000e+01 -7.501900215522234322e-03
3.541666666666666430e+01 -6.920779041016463830e-03
3.583333333333333570e+01 -6.329008976109318056e-03
3.625000000000000000e+01 -5.727250959938780944e-03
3.666666666666666430e+01 -5.116220502320714854e-03
3.708333333333333570e+01 -4.496689946718012906e-03
3.750000000000000000e+01 -3.869491214319602940e-03
3.791666666666666430e+01 -3.235518500836327433e-03
3.833333333333333570e+01 -2.595730813810446201e-03
3.875000000000000000e+01 -1.951154295423357735e-03
3.916666666666666430e+01 -1.302884294027488151e-03
3.958333333333333570e+01 -6.520869265439237965e-04
4.000000000000000000e+01 0.000000000000000000e+00
