0.000000000000000000e+00 0.000000000000000000e+00
4.166666666666666852e-01 -7.260088073402122533e-04
8.333333333333333703e-01 -1.450029419555310664e-03
1.250000000000000000e+00 -2.170202775451587473e-03
1.666666666666666741e+00 -2.884820521755768977e-03
2.083333333333333481e+00 -3.592320234628012740e-03
2.500000000000000000e+00 -4.291279880576935428e-03
2.916666666666666519e+00 -4.980412141486819690e-03
3.333333333333333481e+00 -5.658558603218062470e-03
3.750000000000000000e+00 -6.324683775989413566e-03
4.166666666666666963e+00 -6.977868952338303621e-03
4.583333333333333037e+00 -7.617305931244489070e-03
5.000000000000000000e+00 -8.242290668128043549e-03
5.416666666666666963e+00 -8.852216973659917873e-03
5.833333333333333037e+00 -9.446570158505277967e-03
6.250000000000000000e+00 -1.002491840918983725e-02
6.666666666666666963e+00 -1.058689553317164640e-02
7.083333333333333037e+00 -1.113217640567466804e-02
7.500000000000000000e+00 -1.166046316976115244e-02
7.916666666666666963e+00 -1.217149570971164801e-02
8.333333333333333925e+00 -1.266505079754079270e-02
8.750000000000000000e+00 -1.314093892889318937e-02
9.166666666666666075e+00 -1.359900147942085837e-02
9.583333333333333925e+00 -1.403910804886257177e-02
1.000000000000000000e+01 -1.446115392064688601e-02
1.041666666666666607e+01 -1.486505764976049290e-02
1.083333333333333393e+01 -1.525075878417260153e-02
1.125000000000000000e+01 -1.561821571804025179e-02
1.166666666666666607e+01 -1.596740366819044549e-02
1.208333333333333393e+01 -1.629831276382074159e-02
1.250000000000000000e+01 -1.661094624284587679e-02
1.291666666666666607e+01 -1.690531875180122448e-02
1.333333333333333393e+01 -1.718145474768478093e-02
1.375000000000000000e+01 -1.743938700034479775e-02
1.416666666666666607e+01 -1.767915519397755125e-02
1.458333333333333393e+01 -1.790080462629741603e-02
1.500000000000000000e+01 -1.810438500423806885e-02
1.541666666666666607e+01 -1.828994933575311260e-02
1.583333333333333393e+01 -1.845755291773576445e-02
1.625000000000000000e+01 -1.860725242000278376e-02
1.666666666666666785e+01 -1.873910506551917585e-02
1.708333333333333215e+01 -1.885316790814582644e-02
1.750000000000000000e+01 -1.894949721104287332e-02
1.791666666666666785e+01 -1.902814793058480933e-02
1.833333333333333215e+01 -1.908917331041446938e-02
1.875000000000000000e+01 -1.913262458496393231e-02
1.916666666666666785e+01 -1.915855077075662161e-02
1.958333333333333215e+01 -1.916699849880471387e-02
2.000000000000000000e+01 -1.915801165691067426e-02
2.041666666666666785e+01 -1.913163123107744501e-02
2.083333333333333215e+01 -1.908790043732790098e-02
2.125000000000000000e+01 -1.902686300149379964e-02
2.166666666666666785e+01 -1.894856095060716561e-02
2.208333333333333215e+01 -1.885303400382825484e-02
2.250000000000000000e+01 -1.874031986673958816e-02
2.291666666666666785e+01 -1.861045467267703063e-02
2.333333333333333215e+01 -1.846347349257940543e-02
2.375000000000000000e+01 -1.829941091938976430e-02
2.416666666666666785e+01 -1.811830173744202396e-02
2.458333333333333215e+01 -1.792018167547019397e-02
2.500000000000000000e+01 -1.770508823227695885e-02
2.541666666666666785e+01 -1.747306156788454995e-02
2.583333333333333215e+01 -1.722414546568858465e-02
2.625000000000000000e+01 -1.695838837657609455e-02
2.666666666666666785e+01 -1.667584455149900835e-02
2.708333333333333215e+01 -1.637657526373779635e-02
2.750000000000000000e+01 -1.606065012014229812e-02
2.791666666666666785e+01 -1.572814846028957811e-02
2.833333333333333215e+01 -1.537916084196333522e-02
2.875000000000000000e+01 -1.501379061029570541e-02
2.916666666666666785e+01 -1.463215554712342208e-02
2.958333333333333215e+01 -1.423438959734192426e-02
3.000000000000000000e+01 -1.382064466938458594e-02
3.041666666666666785e+01 -1.339109250606654311e-02
3.083333333333333215e+01 -1.294592662045349757e-02
3.125000000000000000e+01 -1.248536429111943985e-02
3.166666666666666785e+01 -1.200964861226583129e-02
3.208333333333333570e+01 -1.151905059062370562e-02
3.250000000000000000e+01 -1.101387122833774775e-02
3.291666666666666430e+01 -1.049444319356467731e-02
3.333333333333333570e+01 -9.961130682714305559e-03
3.375000000000000000e+01 -9.414326146937480183e-03
3.416666666666666430e+01 -8.854453848139607133e-03
3.458333333333333570e+01 -8.281978818686716246e-03
3.500000000000000000e+01 -7.697411161851065893e-03
3.541666666666666430e+01 -7.101308960404523023e-03
3.583333333333333570e+01 -6.494281462699120523e-03
3.625000000000000000e+01 -5.876992288903030125e-03
3.666666666666666430e+01 -5.250162586970366467e-03
3.708333333333333570e+01 -4.614574150166974101e-03
3.750000000000000000e+01 -3.971072500841504524e-03
3.791666666666666430e+01 -3.320569923891456172e-03
3.833333333333333570e+01 -2.664048412884007389e-03
3.875000000000000000e+01 -2.002562465316113163e-03
3.916666666666666430e+01 -1.337241623367305988e-03
3.958333333333333570e+01 -6.692924603593149472e-04
4.000000000000000000e+01 0.000000000000000000e+00
