0.000000000000000000e+00 0.000000000000000000e+00
4.166666666666666852e-01 -3.707746134908549984e-01
8.333333333333333703e-01 -7.410450193215359915e-01
1.250000000000000000e+00 -1.110315934413681038e+00
1.666666666666666741e+00 -1.478102724970497439e+00
2.083333333333333481e+00 -1.843931514637743962e+00
2.500000000000000000e+00 -2.207339217203031279e+00
2.916666666666666519e+00 -2.567873530388932402e+00
3.333333333333333481e+00 -2.925092945829539826e+00
3.750000000000000000e+00 -3.278566791492025345e+00
4.166666666666666963e+00 -3.627875296993373855e+00
4.583333333333333037e+00 -3.972609675747829083e+00
5.000000000000000000e+00 -4.312372222314482251e+00
5.416666666666666963e+00 -4.646776421773251897e+00
5.833333333333333037e+00 -4.975447062840728130e+00
6.250000000000000000e+00 -5.298020340642432657e+00
6.666666666666666963e+00 -5.614143928403569461e+00
7.083333333333333037e+00 -5.923476998783701930e+00
7.500000000000000000e+00 -6.225690181592394623e+00
7.916666666666666963e+00 -6.520465445115094738e+00
8.333333333333333925e+00 -6.807495948996424850e+00
8.750000000000000000e+00 -7.086486198590603358e+00
9.166666666666666075e+00 -7.357152303328535758e+00
9.583333333333333925e+00 -7.619222111225755434e+00
1.000000000000000000e+01 -7.872435255714962388e+00
1.041666666666666607e+01 -8.116543184299473523e+00
1.083333333333333393e+01 -8.351309192847368834e+00
1.125000000000000000e+01 -8.576508465740223741e+00
1.166666666666666607e+01 -8.791928115246196995e+00
1.208333333333333393e+01 -8.997367218700480507e+00
1.250000000000000000e+01 -9.192636855675878849e+00
1.291666666666666607e+01 -9.377560147072882657e+00
1.333333333333333393e+01 -9.551972294724830448e+00
1.375000000000000000e+01 -9.715720614792989096e+00
1.416666666666666607e+01 -9.868664553014003360e+00
1.458333333333333393e+01 -1.001067567236539801e+01
1.500000000000000000e+01 -1.014163761049039536e+01
1.541666666666666607e+01 -1.026144604443882535e+01
1.583333333333333393e+01 -1.037000878910427737e+01
1.625000000000000000e+01 -1.046724601561471601e+01
1.666666666666666785e+01 -1.055309015479168799e+01
1.708333333333333215e+01 -1.062748567928458954e+01
1.750000000000000000e+01 -1.069038898608546440e+01
1.791666666666666785e+01 -1.074176833287976152e+01
1.833333333333333215e+01 -1.078160377256354074e+01
1.875000000000000000e+01 -1.080988707441164820e+01
1.916666666666666785e+01 -1.082662164794291648e+01
1.958333333333333215e+01 -1.083182247228329231e+01
2.000000000000000000e+01 -1.082551602063911211e+01
2.041666666666666785e+01 -1.080774017315061286e+01
2.083333333333333215e+01 -1.077854412190136379e+01
2.125000000000000000e+01 -1.073798827315816418e+01
2.166666666666666785e+01 -1.068614413860031931e+01
2.208333333333333215e+01 -1.062309419787641396e+01
2.250000000000000000e+01 -1.054893172879229724e+01
2.291666666666666785e+01 -1.046376062132195983e+01
2.333333333333333215e+01 -1.036769518821032676e+01
2.375000000000000000e+01 -1.026085997144106798e+01
2.416666666666666785e+01 -1.014338953554215550e+01
2.458333333333333215e+01 -1.001542831299046732e+01
2.500000000000000000e+01 -9.877130719872907250e+00
2.541666666666666785e+01 -9.728661573262078477e+00
2.583333333333333215e+01 -9.570195733794601978e+00
2.625000000000000000e+01 -9.401917529135788598e+00
2.666666666666666785e+01 -9.224020479309418263e+00
2.708333333333333215e+01 -9.036707132753914351e+00
2.750000000000000000e+01 -8.840188958771083350e+00
2.791666666666666785e+01 -8.634686290883424320e+00
2.833333333333333215e+01 -8.420428291646665286e+00
2.875000000000000000e+01 -8.197652816239006768e+00
2.916666666666666785e+01 -7.966606067143215064e+00
2.958333333333333215e+01 -7.727542164747692510e+00
3.000000000000000000e+01 -7.480723042109677756e+00
3.041666666666666785e+01 -7.226418839052062282e+00
3.083333333333333215e+01 -6.964907119686124304e+00
3.125000000000000000e+01 -6.696472903577736169e+00
3.166666666666666785e+01 -6.421407967375069248e+00
3.208333333333333570e+01 -6.140009808363599220e+00
3.250000000000000000e+01 -5.852578682755000372e+00
3.291666666666666430e+01 -5.559416898159160958e+00
3.333333333333333570e+01 -5.260828467577187695e+00
3.375000000000000000e+01 -4.957119074314233487e+00
3.416666666666666430e+01 -4.648596076256013454e+00
3.458333333333333570e+01 -4.335568510611683024e+00
3.500000000000000000e+01 -4.018347099110121334e+00
3.541666666666666430e+01 -3.697244253637332001e+00
3.583333333333333570e+01 -3.372574082300880960e+00
3.625000000000000000e+01 -3.044652395907106790e+00
3.666666666666666430e+01 -2.713796714836166135e+00
3.708333333333333570e+01 -2.380326276298476262e+00
3.750000000000000000e+01 -2.044562041956243803e+00
3.791666666666666430e+01 -1.706826705891596019e+00
3.833333333333333570e+01 -1.367444702903282350e+00
3.875000000000000000e+01 -1.026742217111918265e+00
3.916666666666666430e+01 -6.850471908534933041e-01
3.958333333333333570e+01 -3.426893338396071464e-01
4.000000000000000000e+01 0.000000000000000000e+00
