0.000000000000000000e+00 0.000000000000000000e+00
4.166666666666666852e-01 -3.736509700739636952e-01
8.333333333333333703e-01 -7.467697020273916797e-01
1.250000000000000000e+00 -1.118834594851216835e+00
1.666666666666666741e+00 -1.489336235809758380e+00
2.083333333333333481e+00 -1.857777212521895871e+00
2.500000000000000000e+00 -2.223672225537428826e+00
2.916666666666666519e+00 -2.586548279438773967e+00
3.333333333333333481e+00 -2.945944812115118161e+00
3.750000000000000000e+00 -3.301413764461261113e+00
4.166666666666666963e+00 -3.652519634089291589e+00
4.583333333333333037e+00 -3.998839525211936419e+00
5.000000000000000000e+00 -4.339963191437308687e+00
5.416666666666666963e+00 -4.675493065491144407e+00
5.833333333333333037e+00 -5.005044272760501123e+00
6.250000000000000000e+00 -5.328244659799940663e+00
6.666666666666666963e+00 -5.644734934085872347e+00
7.083333333333333037e+00 -5.954168981120904647e+00
7.500000000000000000e+00 -6.256214144050905368e+00
7.916666666666666963e+00 -6.550550625883788669e+00
8.333333333333333925e+00 -6.836871205340188773e+00
8.750000000000000000e+00 -7.114881399977242005e+00
9.166666666666666075e+00 -7.384299550668657730e+00
9.583333333333333925e+00 -7.644856892364343182e+00
1.000000000000000000e+01 -7.896297606011007275e+00
1.041666666666666607e+01 -8.138378849307033036e+00
1.083333333333333393e+01 -8.370870782332019644e+00
1.125000000000000000e+01 -8.593556594742342014e+00
1.166666666666666607e+01 -8.806232525560758972e+00
1.208333333333333393e+01 -9.008707864878703120e+00
1.250000000000000000e+01 -9.200804937177469611e+00
1.291666666666666607e+01 -9.382359073827789331e+00
1.333333333333333393e+01 -9.553218586912207044e+00
1.375000000000000000e+01 -9.713244757087586834e+00
1.416666666666666607e+01 -9.862311850928668022e+00
1.458333333333333393e+01 -1.000030718311530364e+01
1.500000000000000000e+01 -1.012713121304036612e+01
1.541666666666666607e+01 -1.024269756863593273e+01
1.583333333333333393e+01 -1.034693268648874387e+01
1.625000000000000000e+01 -1.043977483611485901e+01
1.666666666666666785e+01 -1.052117302009353139e+01
1.708333333333333215e+01 -1.059108666089538886e+01
1.750000000000000000e+01 -1.064948684310778226e+01
1.791666666666666785e+01 -1.069635694010676552e+01
1.833333333333333215e+01 -1.073169266960777435e+01
1.875000000000000000e+01 -1.075550193256545661e+01
1.916666666666666785e+01 -1.076780462907185765e+01
1.958333333333333215e+01 -1.076863249385764476e+01
2.000000000000000000e+01 -1.075802894482071359e+01
2.041666666666666785e+01 -1.073604893093354917e+01
2.083333333333333215e+01 -1.070275877579004842e+01
2.125000000000000000e+01 -1.065823602057764852e+01
2.166666666666666785e+01 -1.060256926745999628e+01
2.208333333333333215e+01 -1.053585801600686089e+01
2.250000000000000000e+01 -1.045821248362495481e+01
2.291666666666666785e+01 -1.036975340273094481e+01
2.333333333333333215e+01 -1.027061178615240244e+01
2.375000000000000000e+01 -1.016092865118583966e+01
2.416666666666666785e+01 -1.004085465861176552e+01
2.458333333333333215e+01 -9.910549425411852908e+00
2.500000000000000000e+01 -9.770179956146753497e+00
2.541666666666666785e+01 -9.619918047326523336e+00
2.583333333333333215e+01 -9.459942491316553514e+00
2.625000000000000000e+01 -9.290440952275734077e+00
2.666666666666666785e+01 -9.111610385432207693e+00
2.708333333333333215e+01 -8.923657061545394953e+00
2.750000000000000000e+01 -8.726796394650998323e+00
2.791666666666666785e+01 -8.521252896580849168e+00
2.833333333333333215e+01 -8.307260297141906946e+00
2.875000000000000000e+01 -8.085061586266089506e+00
2.916666666666666785e+01 -7.854908960778902660e+00
2.958333333333333215e+01 -7.617063345823624765e+00
3.000000000000000000e+01 -7.371792941419388789e+00
3.041666666666666785e+01 -7.119369871101207892e+00
3.083333333333333215e+01 -6.860068689447780699e+00
3.125000000000000000e+01 -6.594167358728895145e+00
3.166666666666666785e+01 -6.321946697991575270e+00
3.208333333333333570e+01 -6.043689923874657310e+00
3.250000000000000000e+01 -5.759682414060465661e+00
3.291666666666666430e+01 -5.470211474625449988e+00
3.333333333333333570e+01 -5.175566168765822539e+00
3.375000000000000000e+01 -4.876037261935544542e+00
3.416666666666666430e+01 -4.571917209167266627e+00
3.458333333333333570e+01 -4.263500156918981432e+00
3.500000000000000000e+01 -3.951081947755163082e+00
3.541666666666666430e+01 -3.634960125418910337e+00
3.583333333333333570e+01 -3.315433940285255510e+00
3.625000000000000000e+01 -2.992804355182092202e+00
3.666666666666666430e+01 -2.667374051567543702e+00
3.708333333333333570e+01 -2.339447436048952333e+00
3.750000000000000000e+01 -2.009330647230240352e+00
3.791666666666666430e+01 -1.677331562871977377e+00
3.833333333333333570e+01 -1.343759807348553270e+00
3.875000000000000000e+01 -1.008926759385540439e+00
3.916666666666666430e+01 -6.731455600597963107e-01
3.958333333333333570e+01 -3.367311210439097313e-01
4.000000000000000000e+01 0.000000000000000000e+00
