0.000000000000000000e+00 0.000000000000000000e+00
4.166666666666666852e-01 -3.757954275125541810e-01
8.333333333333333703e-01 -7.510524235731963483e-01
1.250000000000000000e+00 -1.125243603922283953e+00
1.666666666666666741e+00 -1.497854001221017972e+00
2.083333333333333481e+00 -1.868380742704443653e+00
2.500000000000000000e+00 -2.236333216771142496e+00
2.916666666666666519e+00 -2.601233360248556892e+00
3.333333333333333481e+00 -2.962615844535042786e+00
3.750000000000000000e+00 -3.320028163855502701e+00
4.166666666666666963e+00 -3.673030691977798412e+00
4.583333333333333037e+00 -4.021196728666192044e+00
5.000000000000000000e+00 -4.364112534588550751e+00
5.416666666666666963e+00 -4.701377349965310870e+00
5.833333333333333037e+00 -5.032603415034543559e+00
6.250000000000000000e+00 -5.357416087859506959e+00
6.666666666666666963e+00 -5.675454164549615932e+00
7.083333333333333037e+00 -5.986370246366560011e+00
7.500000000000000000e+00 -6.289830293139826445e+00
7.916666666666666963e+00 -6.585513305207608248e+00
8.333333333333333925e+00 -6.873111524761961633e+00
8.750000000000000000e+00 -7.152330362164802224e+00
9.166666666666666075e+00 -7.422888352589265715e+00
9.583333333333333925e+00 -7.684517174973489517e+00
1.000000000000000000e+01 -7.936961668151573335e+00
1.041666666666666607e+01 -8.179979841256907136e+00
1.083333333333333393e+01 -8.413342890670307384e+00
1.125000000000000000e+01 -8.636835225171822117e+00
1.166666666666666607e+01 -8.850254485708592966e+00
1.208333333333333393e+01 -9.053411544796091448e+00
1.250000000000000000e+01 -9.246130482849792998e+00
1.291666666666666607e+01 -9.428248551857711490e+00
1.333333333333333393e+01 -9.599616145138051948e+00
1.375000000000000000e+01 -9.760096798370492266e+00
1.416666666666666607e+01 -9.909567248764762581e+00
1.458333333333333393e+01 -1.004791753327072712e+01
1.500000000000000000e+01 -1.017505100287522879e+01
1.541666666666666607e+01 -1.029088421255054087e+01
1.583333333333333393e+01 -1.039534666530852647e+01
1.625000000000000000e+01 -1.048837995270170254e+01
1.666666666666666785e+01 -1.056993631625244134e+01
1.708333333333333215e+01 -1.063997800894741275e+01
1.750000000000000000e+01 -1.069847694862701459e+01
1.791666666666666785e+01 -1.074541579511360290e+01
1.833333333333333215e+01 -1.078078934112212828e+01
1.875000000000000000e+01 -1.080460468524005435e+01
1.916666666666666785e+01 -1.081688104073485057e+01
1.958333333333333215e+01 -1.081764948051489661e+01
2.000000000000000000e+01 -1.080695272137640295e+01
2.041666666666666785e+01 -1.078484494297992846e+01
2.083333333333333215e+01 -1.075139162009863014e+01
2.125000000000000000e+01 -1.070666935540568687e+01
2.166666666666666785e+01 -1.065076571035516118e+01
2.208333333333333215e+01 -1.058377903018420874e+01
2.250000000000000000e+01 -1.050581824541798426e+01
2.291666666666666785e+01 -1.041700261213620315e+01
2.333333333333333215e+01 -1.031746143716448216e+01
2.375000000000000000e+01 -1.020733384563888535e+01
2.416666666666666785e+01 -1.008676859672571346e+01
2.458333333333333215e+01 -9.955923859886452121e+00
2.500000000000000000e+01 -9.814966226650732040e+00
2.541666666666666785e+01 -9.664068052496624261e+00
2.583333333333333215e+01 -9.503407813966907369e+00
2.625000000000000000e+01 -9.333172760111912325e+00
2.666666666666666785e+01 -9.153559855570000181e+00
2.708333333333333215e+01 -8.964776067518952729e+00
2.750000000000000000e+01 -8.767038207156815588e+00
2.791666666666666785e+01 -8.560572601059270426e+00
2.833333333333333215e+01 -8.345614895296133540e+00
2.875000000000000000e+01 -8.122410083195276798e+00
2.916666666666666785e+01 -7.891212434319229807e+00
2.958333333333333215e+01 -7.652284980254005831e+00
3.000000000000000000e+01 -7.405897188502544637e+00
3.041666666666666785e+01 -7.152322617710456854e+00
3.083333333333333215e+01 -6.891837144560311046e+00
3.125000000000000000e+01 -6.624719529465930457e+00
3.166666666666666785e+01 -6.351251463291110788e+00
3.208333333333333570e+01 -6.071717232730639680e+00
3.250000000000000000e+01 -5.786403470310529151e+00
3.291666666666666430e+01 -5.495598891210830672e+00
3.333333333333333570e+01 -5.199594063602357430e+00
3.375000000000000000e+01 -4.898681276478715318e+00
3.416666666666666430e+01 -4.593154513531437111e+00
3.458333333333333570e+01 -4.283309448800775243e+00
3.500000000000000000e+01 -3.969443451394862876e+00
3.541666666666666430e+01 -3.651855590604623281e+00
3.583333333333333570e+01 -3.330846641403919950e+00
3.625000000000000000e+01 -3.006719090322312660e+00
3.666666666666666430e+01 -2.679777141677791352e+00
3.708333333333333570e+01 -2.350326724155531455e+00
3.750000000000000000e+01 -2.018675497718446454e+00
3.791666666666666430e+01 -1.685132860834033464e+00
3.833333333333333570e+01 -1.350009958001453070e+00
3.875000000000000000e+01 -1.013619687561868155e+00
3.916666666666666430e+01 -6.762767097741881894e-01
3.958333333333333570e+01 -3.382974551376000671e-01
4.000000000000000000e+01 0.000000000000000000e+00
