0.000000000000000000e+00 0.000000000000000000e+00
4.166666666666666852e-01 -3.717011765076905228e-01
8.333333333333333703e-01 -7.428961436216817704e-01
1.250000000000000000e+00 -1.113087596902631926e+00
1.666666666666666741e+00 -1.481788939489073309e+00
2.083333333333333481e+00 -1.848524451605174646e+00
2.500000000000000000e+00 -2.212829349107024335e+00
2.916666666666666519e+00 -2.574249800277903955e+00
3.333333333333333481e+00 -2.932342964250072459e+00
3.750000000000000000e+00 -3.286677054974623147e+00
4.166666666666666963e+00 -3.636831409813276128e+00
4.583333333333333037e+00 -3.982396559612921827e+00
5.000000000000000000e+00 -4.322974303455473510e+00
5.416666666666666963e+00 -4.658177785081545785e+00
5.833333333333333037e+00 -4.987631565057759175e+00
6.250000000000000000e+00 -5.310971681263091604e+00
6.666666666666666963e+00 -5.627845682520987936e+00
7.083333333333333037e+00 -5.937912612235233922e+00
7.500000000000000000e+00 -6.240842908022895763e+00
7.916666666666666963e+00 -6.536318175955992515e+00
8.333333333333333925e+00 -6.824030880514889041e+00
8.750000000000000000e+00 -7.103684561239582251e+00
9.166666666666666075e+00 -7.374994213844682456e+00
9.583333333333333925e+00 -7.637686487670157121e+00
1.000000000000000000e+01 -7.891499760679134390e+00
1.041666666666666607e+01 -8.136184187005088830e+00
1.083333333333333393e+01 -8.371501750885670390e+00
1.125000000000000000e+01 -8.597226327844746052e+00
1.166666666666666607e+01 -8.813143744915143074e+00
1.208333333333333393e+01 -9.019051837304814967e+00
1.250000000000000000e+01 -9.214760503314048279e+00
1.291666666666666607e+01 -9.400091761147674418e+00
1.333333333333333393e+01 -9.574879807012020905e+00
1.375000000000000000e+01 -9.738971065017617335e+00
1.416666666666666607e+01 -9.892224214326233778e+00
1.458333333333333393e+01 -1.003451018340064849e+01
1.500000000000000000e+01 -1.016571210710051965e+01
1.541666666666666607e+01 -1.028572527772390721e+01
1.583333333333333393e+01 -1.039445719672183266e+01
1.625000000000000000e+01 -1.049182766643795972e+01
1.666666666666666785e+01 -1.057776871474700897e+01
1.708333333333333215e+01 -1.065222443393236951e+01
1.750000000000000000e+01 -1.071515085797519440e+01
1.791666666666666785e+01 -1.076651589748362525e+01
1.833333333333333215e+01 -1.080629929807038891e+01
1.875000000000000000e+01 -1.083449260365469513e+01
1.916666666666666785e+01 -1.085109911756254597e+01
1.958333333333333215e+01 -1.085613385513441109e+01
2.000000000000000000e+01 -1.084962348213873007e+01
2.041666666666666785e+01 -1.083160623586905835e+01
2.083333333333333215e+01 -1.080213182847192499e+01
2.125000000000000000e+01 -1.076126133666188878e+01
2.166666666666666785e+01 -1.070906707817204406e+01
2.208333333333333215e+01 -1.064563247161615145e+01
2.250000000000000000e+01 -1.057105188682481689e+01
2.291666666666666785e+01 -1.048543050096228058e+01
2.333333333333333215e+01 -1.038888415877828209e+01
2.375000000000000000e+01 -1.028153921019012706e+01
2.416666666666666785e+01 -1.016353229101314426e+01
2.458333333333333215e+01 -1.003501013538854814e+01
2.500000000000000000e+01 -9.896129657037677774e+00
2.541666666666666785e+01 -9.747058262921596494e+00
2.583333333333333215e+01 -9.587973533272574400e+00
2.625000000000000000e+01 -9.419062623659050004e+00
2.666666666666666785e+01 -9.240521982139870971e+00
2.708333333333333215e+01 -9.052557181772693085e+00
2.750000000000000000e+01 -8.855382808127147953e+00
2.791666666666666785e+01 -8.649222351245530405e+00
2.833333333333333215e+01 -8.434308053349477419e+00
2.875000000000000000e+01 -8.210880642642901961e+00
2.916666666666666785e+01 -7.979188913700489216e+00
2.958333333333333215e+01 -7.739489264302527260e+00
3.000000000000000000e+01 -7.492045521716512724e+00
3.041666666666666785e+01 -7.237129302279244669e+00
3.083333333333333215e+01 -6.975019800493138966e+00
3.125000000000000000e+01 -6.706003308382485706e+00
3.166666666666666785e+01 -6.430372486859815773e+00
3.208333333333333570e+01 -6.148424654751181606e+00
3.250000000000000000e+01 -5.860459434797807177e+00
3.291666666666666430e+01 -5.566778350414185894e+00
3.333333333333333570e+01 -5.267684591653779336e+00
3.375000000000000000e+01 -4.963483019003300356e+00
3.416666666666666430e+01 -4.654480167664375223e+00
3.458333333333333570e+01 -4.340984252300402524e+00
3.500000000000000000e+01 -4.023305172235105864e+00
3.541666666666666430e+01 -3.701754517089867580e+00
3.583333333333333570e+01 -3.376645572845818233e+00
3.625000000000000000e+01 -3.048293328316513229e+00
3.666666666666666430e+01 -2.717014482016532284e+00
3.708333333333333570e+01 -2.383127449409534027e+00
3.750000000000000000e+01 -2.046952370519674602e+00
3.791666666666666430e+01 -1.708811117888092479e+00
3.833333333333333570e+01 -1.369027304856332838e+00
3.875000000000000000e+01 -1.027926294157273990e+00
3.916666666666666430e+01 -6.858352067929649465e-01
3.958333333333333570e+01 -3.430829311782143121e-01
4.000000000000000000e+01 0.000000000000000000e+00
