0.000000000000000000e+00 0.000000000000000000e+00
4.166666666666666852e-01 -3.673588225089499115e-01
8.333333333333333703e-01 -7.342215674384601209e-01
1.250000000000000000e+00 -1.100100752262677117e+00
1.666666666666666741e+00 -1.464519263463158749e+00
2.083333333333333481e+00 -1.827010530682120937e+00
2.500000000000000000e+00 -2.187118535178320222e+00
2.916666666666666519e+00 -2.544397737597467568e+00
3.333333333333333481e+00 -2.898413026334142550e+00
3.750000000000000000e+00 -3.248739727051125570e+00
4.166666666666666963e+00 -3.594963659779725429e+00
4.583333333333333037e+00 -3.936681223104888883e+00
5.000000000000000000e+00 -4.273499495846293073e+00
5.416666666666666963e+00 -4.605036349230756443e+00
5.833333333333333037e+00 -4.930920560762970695e+00
6.250000000000000000e+00 -5.250791922199232964e+00
6.666666666666666963e+00 -5.564301330147260138e+00
7.083333333333333037e+00 -5.871110846175589870e+00
7.500000000000000000e+00 -6.170893718020982632e+00
7.916666666666666963e+00 -6.463334313245311158e+00
8.333333333333333925e+00 -6.748127890798430784e+00
8.750000000000000000e+00 -7.024980281876104016e+00
9.166666666666666075e+00 -7.293608619660656878e+00
9.583333333333333925e+00 -7.553741649738920039e+00
1.000000000000000000e+01 -7.805119813267133999e+00
1.041666666666666607e+01 -8.047495277944035408e+00
1.083333333333333393e+01 -8.280631963257885531e+00
1.125000000000000000e+01 -8.504305573538948337e+00
1.166666666666666607e+01 -8.718303631144024735e+00
1.208333333333333393e+01 -8.922425507893331442e+00
1.250000000000000000e+01 -9.116482458488267326e+00
1.291666666666666607e+01 -9.300297656839312310e+00
1.333333333333333393e+01 -9.473706231980600023e+00
1.375000000000000000e+01 -9.636555295776418006e+00
1.416666666666666607e+01 -9.788703948763522789e+00
1.458333333333333393e+01 -9.930023257193154151e+00
1.500000000000000000e+01 -1.006039621424120867e+01
1.541666666666666607e+01 -1.017971776086525004e+01
1.583333333333333393e+01 -1.028789497934122643e+01
1.625000000000000000e+01 -1.038484726106687717e+01
1.666666666666666785e+01 -1.047050614542378533e+01
1.708333333333333215e+01 -1.054481510012915280e+01
1.750000000000000000e+01 -1.060772941634443001e+01
1.791666666666666785e+01 -1.065921614307466925e+01
1.833333333333333215e+01 -1.069925400057329767e+01
1.875000000000000000e+01 -1.072783326351680877e+01
1.916666666666666785e+01 -1.074495563710019042e+01
1.958333333333333215e+01 -1.075063414367577863e+01
2.000000000000000000e+01 -1.074489302894145837e+01
2.041666666666666785e+01 -1.072776769304442190e+01
2.083333333333333215e+01 -1.069930464366192702e+01
2.125000000000000000e+01 -1.065956145417458956e+01
2.166666666666666785e+01 -1.060860671022881796e+01
2.208333333333333215e+01 -1.054651993299235713e+01
2.250000000000000000e+01 -1.047339147707269369e+01
2.291666666666666785e+01 -1.038932240881473490e+01
2.333333333333333215e+01 -1.029442436121329685e+01
2.375000000000000000e+01 -1.018881934636565312e+01
2.416666666666666785e+01 -1.007263951210370401e+01
2.458333333333333215e+01 -9.946026918278949580e+00
2.500000000000000000e+01 -9.809133598777165730e+00
2.541666666666666785e+01 -9.662122002815069166e+00
2.583333333333333215e+01 -9.505164571694843190e+00
2.625000000000000000e+01 -9.338443131866217328e+00
2.666666666666666785e+01 -9.162148624358414040e+00
2.708333333333333215e+01 -8.976480956691286650e+00
2.750000000000000000e+01 -8.781648902909910959e+00
2.791666666666666785e+01 -8.577870046316570907e+00
2.833333333333333215e+01 -8.365370776674794229e+00
2.875000000000000000e+01 -8.144386233465844782e+00
2.916666666666666785e+01 -7.915160031030687549e+00
2.958333333333333215e+01 -7.677943760393074690e+00
3.000000000000000000e+01 -7.432996670797507477e+00
3.041666666666666785e+01 -7.180585508929445915e+00
3.083333333333333215e+01 -6.920984894639259366e+00
3.125000000000000000e+01 -6.654476788190289760e+00
3.166666666666666785e+01 -6.381350030419568498e+00
3.208333333333333570e+01 -6.101899558422983816e+00
3.250000000000000000e+01 -5.816424790341038431e+00
3.291666666666666430e+01 -5.525227406972908817e+00
3.333333333333333570e+01 -5.228610967714725000e+00
3.375000000000000000e+01 -4.926880703306394160e+00
3.416666666666666430e+01 -4.620343520070411714e+00
3.458333333333333570e+01 -4.309308004614095466e+00
3.500000000000000000e+01 -3.994084428983140533e+00
3.541666666666666430e+01 -3.674984756253847351e+00
3.583333333333333570e+01 -3.352322646550212504e+00
3.625000000000000000e+01 -3.026413463472317655e+00
3.666666666666666430e+01 -2.697574280920146172e+00
3.708333333333333570e+01 -2.366123890297403776e+00
3.750000000000000000e+01 -2.032382808078248004e+00
3.791666666666666430e+01 -1.696673283719337899e+00
3.833333333333333570e+01 -1.359319307898657847e+00
3.875000000000000000e+01 -1.020646621061501502e+00
3.916666666666666430e+01 -6.809827222532536251e-01
3.958333333333333570e+01 -3.406568782176535026e-01
4.000000000000000000e+01 0.000000000000000000e+00
