0.000000000000000000e+00 0.000000000000000000e+00
4.166666666666666852e-01 -3.758264178227628260e-01
8.333333333333333703e-01 -7.511230008078669806e-01
1.250000000000000000e+00 -1.125370292899779967e+00
1.666666666666666741e+00 -1.498060836507388416e+00
2.083333333333333481e+00 -1.868699037503991356e+00
2.500000000000000000e+00 -2.236801244803352962e+00
2.916666666666666519e+00 -2.601895900112300986e+00
3.333333333333333481e+00 -2.963523653813776360e+00
3.750000000000000000e+00 -3.321237436626466977e+00
4.166666666666666963e+00 -3.674602518306163024e+00
4.583333333333333037e+00 -4.023196564058136637e+00
5.000000000000000000e+00 -4.366609685532257146e+00
5.416666666666666963e+00 -4.704444482339412481e+00
5.833333333333333037e+00 -5.036316067348076686e+00
6.250000000000000000e+00 -5.361852078177678393e+00
6.666666666666666963e+00 -5.680692717598571306e+00
7.083333333333333037e+00 -5.992490920022646606e+00
7.500000000000000000e+00 -6.296912675971083395e+00
7.916666666666666963e+00 -6.593637196004181078e+00
8.333333333333333925e+00 -6.882355994566662361e+00
8.750000000000000000e+00 -7.162772945728116625e+00
9.166666666666666075e+00 -7.434604481955051192e+00
9.583333333333333925e+00 -7.697579709782877977e+00
1.000000000000000000e+01 -7.951440475806539787e+00
1.041666666666666607e+01 -8.195941393684494258e+00
1.083333333333333393e+01 -8.430849862906896419e+00
1.125000000000000000e+01 -8.655946092902137678e+00
1.166666666666666607e+01 -8.871023124773829593e+00
1.208333333333333393e+01 -9.075886839225407954e+00
1.250000000000000000e+01 -9.270355947999002311e+00
1.291666666666666607e+01 -9.454261972864244967e+00
1.333333333333333393e+01 -9.627449221595322015e+00
1.375000000000000000e+01 -9.789774775246124605e+00
1.416666666666666607e+01 -9.941108503330982060e+00
1.458333333333333393e+01 -1.008133312767259859e+01
1.500000000000000000e+01 -1.021034433048448875e+01
1.541666666666666607e+01 -1.032805080496303773e+01
1.583333333333333393e+01 -1.043437403902267491e+01
1.625000000000000000e+01 -1.052924747918634552e+01
1.666666666666666785e+01 -1.061261524233533216e+01
1.708333333333333215e+01 -1.068443268180138439e+01
1.750000000000000000e+01 -1.074466713990574718e+01
1.791666666666666785e+01 -1.079329814944972732e+01
1.833333333333333215e+01 -1.083031734443816596e+01
1.875000000000000000e+01 -1.085572830119782495e+01
1.916666666666666785e+01 -1.086954638411043028e+01
1.958333333333333215e+01 -1.087179859956490269e+01
2.000000000000000000e+01 -1.086252344872623254e+01
2.041666666666666785e+01 -1.084177077629052022e+01
2.083333333333333215e+01 -1.080960161922609686e+01
2.125000000000000000e+01 -1.076608806249192085e+01
2.166666666666666785e+01 -1.071131310234488510e+01
2.208333333333333215e+01 -1.064537050539799168e+01
2.250000000000000000e+01 -1.056836464607268766e+01
2.291666666666666785e+01 -1.048041031550311786e+01
2.333333333333333215e+01 -1.038163250465419907e+01
2.375000000000000000e+01 -1.027216617261726661e+01
2.416666666666666785e+01 -1.015215601251870048e+01
2.458333333333333215e+01 -1.002175612240614022e+01
2.500000000000000000e+01 -9.881129130233457403e+00
2.541666666666666785e+01 -9.730444655768774709e+00
2.583333333333333215e+01 -9.569880284761458356e+00
2.625000000000000000e+01 -9.399622778668476286e+00
2.666666666666666785e+01 -9.219868340644330473e+00
2.708333333333333215e+01 -9.030822478458681246e+00
2.750000000000000000e+01 -8.832699748609364576e+00
2.791666666666666785e+01 -8.625723546956068688e+00
2.833333333333333215e+01 -8.410125983467368727e+00
2.875000000000000000e+01 -8.186147824979713050e+00
2.916666666666666785e+01 -7.954038439656323511e+00
2.958333333333333215e+01 -7.714055521409987293e+00
3.000000000000000000e+01 -7.466464151479004663e+00
3.041666666666666785e+01 -7.211534488501586182e+00
3.083333333333333215e+01 -6.949543743109959593e+00
3.125000000000000000e+01 -6.680776421022270206e+00
3.166666666666666785e+01 -6.405521181379356221e+00
3.208333333333333570e+01 -6.124069800203563396e+00
3.250000000000000000e+01 -5.836715964217170871e+00
3.291666666666666430e+01 -5.543755111038067618e+00
3.333333333333333570e+01 -5.245484350235790849e+00
3.375000000000000000e+01 -4.942202467001504118e+00
3.416666666666666430e+01 -4.634209926269705626e+00
3.458333333333333570e+01 -4.321808877280414407e+00
3.500000000000000000e+01 -4.005303158571310362e+00
3.541666666666666430e+01 -3.684998303387716945e+00
3.583333333333333570e+01 -3.361201545498469834e+00
3.625000000000000000e+01 -3.034221825403854655e+00
3.666666666666666430e+01 -2.704369796922148517e+00
3.708333333333333570e+01 -2.371957834139606369e+00
3.750000000000000000e+01 -2.037300038708553807e+00
3.791666666666666430e+01 -1.700712247476596328e+00
3.833333333333333570e+01 -1.362512040430151172e+00
3.875000000000000000e+01 -1.023018748933660405e+00
3.916666666666666430e+01 -6.825534642456101420e-01
3.958333333333333570e+01 -3.414390462910935065e-01
4.000000000000000000e+01 0.000000000000000000e+00
