0.000000000000000000e+00 0.000000000000000000e+00
4.166666666666666852e-01 -3.813833760328738109e-01
8.333333333333333703e-01 -7.621514317249619141e-01
1.250000000000000000e+00 -1.141704421318942675e+00
1.666666666666666741e+00 -1.519460747083987817e+00
2.083333333333333481e+00 -1.894856825540756518e+00
2.500000000000000000e+00 -2.267347095482897146e+00
2.916666666666666519e+00 -2.636403923101248381e+00
3.333333333333333481e+00 -3.001517403407935713e+00
3.750000000000000000e+00 -3.362195122144191917e+00
4.166666666666666963e+00 -3.717961910507946222e+00
4.583333333333333037e+00 -4.068359571882197656e+00
5.000000000000000000e+00 -4.412946619901751077e+00
5.416666666666666963e+00 -4.751298186844858940e+00
5.833333333333333037e+00 -5.083006250408933724e+00
6.250000000000000000e+00 -5.407680206226728181e+00
6.666666666666666963e+00 -5.724947521229370118e+00
7.083333333333333037e+00 -6.034453219882290220e+00
7.500000000000000000e+00 -6.335859275358087572e+00
7.916666666666666963e+00 -6.628844543791140076e+00
8.333333333333333925e+00 -6.913105675461259203e+00
8.750000000000000000e+00 -7.188357043803459412e+00
9.166666666666666075e+00 -7.454330550978577108e+00
9.583333333333333925e+00 -7.710775694749028908e+00
1.000000000000000000e+01 -7.957459448089855947e+00
1.041666666666666607e+01 -8.194166099173923357e+00
1.083333333333333393e+01 -8.420696955840625719e+00
1.125000000000000000e+01 -8.636869934330944076e+00
1.166666666666666607e+01 -8.842518911614700272e+00
1.208333333333333393e+01 -9.037492976690474578e+00
1.250000000000000000e+01 -9.221655665156614390e+00
1.291666666666666607e+01 -9.394884405936322125e+00
1.333333333333333393e+01 -9.557069880992481004e+00
1.375000000000000000e+01 -9.708115439517413847e+00
1.416666666666666607e+01 -9.847937168871631286e+00
1.458333333333333393e+01 -9.976464055328326808e+00
1.500000000000000000e+01 -1.009363821298647679e+01
1.541666666666666607e+01 -1.019941483576788066e+01
1.583333333333333393e+01 -1.029376139694514869e+01
1.625000000000000000e+01 -1.037665528540146553e+01
1.666666666666666785e+01 -1.044808139077162856e+01
1.708333333333333215e+01 -1.050803278863796564e+01
1.750000000000000000e+01 -1.055651247635168488e+01
1.791666666666666785e+01 -1.059353456149671402e+01
1.833333333333333215e+01 -1.061912584921195091e+01
1.875000000000000000e+01 -1.063332593356161659e+01
1.916666666666666785e+01 -1.063618658213337298e+01
1.958333333333333215e+01 -1.062777104670914952e+01
2.000000000000000000e+01 -1.060815350062622819e+01
2.041666666666666785e+01 -1.057741864974996204e+01
2.083333333333333215e+01 -1.053566149244563022e+01
2.125000000000000000e+01 -1.048298716933696362e+01
2.166666666666666785e+01 -1.041951085894456419e+01
2.208333333333333215e+01 -1.034535772808291831e+01
2.250000000000000000e+01 -1.026066297417000683e+01
2.291666666666666785e+01 -1.016557203743393423e+01
2.333333333333333215e+01 -1.006024106124865902e+01
2.375000000000000000e+01 -9.944837732870867697e+00
2.416666666666666785e+01 -9.819542028317023608e+00
2.458333333333333215e+01 -9.684545451195424093e+00
2.500000000000000000e+01 -9.540047126185278614e+00
2.541666666666666785e+01 -9.386250298522808677e+00
2.583333333333333215e+01 -9.223364489970887092e+00
2.625000000000000000e+01 -9.051606012054373096e+00
2.666666666666666785e+01 -8.871196737362037510e+00
2.708333333333333215e+01 -8.682363036909691800e+00
2.750000000000000000e+01 -8.485334855455342051e+00
2.791666666666666785e+01 -8.280345154051413914e+00
2.833333333333333215e+01 -8.067629639337942749e+00
2.875000000000000000e+01 -7.847426641140208048e+00
2.916666666666666785e+01 -7.619977002627293494e+00
2.958333333333333215e+01 -7.385523861069875906e+00
3.000000000000000000e+01 -7.144312307477943769e+00
3.041666666666666785e+01 -6.896589266516911287e+00
3.083333333333333215e+01 -6.642603746847331792e+00
3.125000000000000000e+01 -6.382607036157587288e+00
3.166666666666666785e+01 -6.116852555772540612e+00
3.208333333333333570e+01 -5.845595791021408694e+00
3.250000000000000000e+01 -5.569094215656894775e+00
3.291666666666666430e+01 -5.287607263908689070e+00
3.333333333333333570e+01 -5.001396333370715652e+00
3.375000000000000000e+01 -4.710724777066882751e+00
3.416666666666666430e+01 -4.415857805219901344e+00
3.458333333333333570e+01 -4.117062274753662265e+00
3.500000000000000000e+01 -3.814606811903294314e+00
3.541666666666666430e+01 -3.508761893235247786e+00
3.583333333333333570e+01 -3.199799887496319606e+00
3.625000000000000000e+01 -2.887995038009595117e+00
3.666666666666666430e+01 -2.573623454411209099e+00
3.708333333333333570e+01 -2.256963124428331025e+00
3.750000000000000000e+01 -1.938293925891073410e+00
3.791666666666666430e+01 -1.617897631895047317e+00
3.833333333333333570e+01 -1.296057879053257977e+00
3.875000000000000000e+01 -9.730600903959384373e-01
3.916666666666666430e+01 -6.491915126327570951e-01
3.958333333333333570e+01 -3.247412234902251615e-01
4.000000000000000000e+01 0.000000000000000000e+00
