0.000000000000000000e+00 0.000000000000000000e+00
4.166666666666666852e-01 -3.224477422174524266e-01
8.333333333333333703e-01 -6.444744436267224597e-01
1.250000000000000000e+00 -9.656671460472942004e-01
1.666666666666666741e+00 -1.285622391704832612e+00
2.083333333333333481e+00 -1.603945962961606853e+00
2.500000000000000000e+00 -1.920252655688749810e+00
2.916666666666666519e+00 -2.234166178902494249e+00
3.333333333333333481e+00 -2.545319152013183928e+00
3.750000000000000000e+00 -2.853353189978564686e+00
4.166666666666666963e+00 -3.157919055633618743e+00
4.583333333333333037e+00 -3.458676739399723754e+00
5.000000000000000000e+00 -3.755295169259989851e+00
5.416666666666666963e+00 -4.047451667162158984e+00
5.833333333333333037e+00 -4.334832068332447719e+00
6.250000000000000000e+00 -4.617130958864502865e+00
6.666666666666666963e+00 -4.894051951955179725e+00
7.083333333333333037e+00 -5.165307800993812926e+00
7.500000000000000000e+00 -5.430620351504604315e+00
7.916666666666666963e+00 -5.689720648108381518e+00
8.333333333333333925e+00 -5.942349106781584567e+00
8.750000000000000000e+00 -6.188255506424940933e+00
9.166666666666666075e+00 -6.427198871644672629e+00
9.583333333333333925e+00 -6.658947555346870217e+00
1.000000000000000000e+01 -6.883279395234994880e+00
1.041666666666666607e+01 -7.099981698574036493e+00
1.083333333333333393e+01 -7.308851112812055462e+00
1.125000000000000000e+01 -7.509693662088342769e+00
1.166666666666666607e+01 -7.702324757835357083e+00
1.208333333333333393e+01 -7.886569061732234154e+00
1.250000000000000000e+01 -8.062260685473935595e+00
1.291666666666666607e+01 -8.229243415985157739e+00
1.333333333333333393e+01 -8.387370651953895972e+00
1.375000000000000000e+01 -8.536505197764441277e+00
1.416666666666666607e+01 -8.676519016675884544e+00
1.458333333333333393e+01 -8.807293016613284564e+00
1.500000000000000000e+01 -8.928717174073335983e+00
1.541666666666666607e+01 -9.040690597578706189e+00
1.583333333333333393e+01 -9.143121319535952196e+00
1.625000000000000000e+01 -9.235925819306466167e+00
1.666666666666666785e+01 -9.319028930494630103e+00
1.708333333333333215e+01 -9.392364023909612669e+00
1.750000000000000000e+01 -9.455872798353098574e+00
1.791666666666666785e+01 -9.509504819642598861e+00
1.833333333333333215e+01 -9.553217964357944680e+00
1.875000000000000000e+01 -9.586978613957978013e+00
1.916666666666666785e+01 -9.610761307007001264e+00
1.958333333333333215e+01 -9.624548633511595952e+00
2.000000000000000000e+01 -9.628331870546601223e+00
2.041666666666666785e+01 -9.622111145240806351e+00
2.083333333333333215e+01 -9.605895018769547988e+00
2.125000000000000000e+01 -9.579700724904647302e+00
2.166666666666666785e+01 -9.543554781608078130e+00
2.208333333333333215e+01 -9.497493617653011810e+00
2.250000000000000000e+01 -9.441562981888525385e+00
2.291666666666666785e+01 -9.375817031388486100e+00
2.333333333333333215e+01 -9.300317990342843899e+00
2.375000000000000000e+01 -9.215135378394316845e+00
2.416666666666666785e+01 -9.120346402926804430e+00
2.458333333333333215e+01 -9.016036148235262004e+00
2.500000000000000000e+01 -8.902297378745984702e+00
2.541666666666666785e+01 -8.779230591581073995e+00
2.583333333333333215e+01 -8.646943813041792382e+00
2.625000000000000000e+01 -8.505552701930247039e+00
2.666666666666666785e+01 -8.355180984331340710e+00
2.708333333333333215e+01 -8.195960874882988634e+00
2.750000000000000000e+01 -8.028033275050063367e+00
2.791666666666666785e+01 -7.851547474303476548e+00
2.833333333333333215e+01 -7.666662236680635623e+00
2.875000000000000000e+01 -7.473546036650473567e+00
2.916666666666666785e+01 -7.272376075827995834e+00
2.958333333333333215e+01 -7.063337810336896894e+00
3.000000000000000000e+01 -6.846626102239215861e+00
3.041666666666666785e+01 -6.622444383664820577e+00
3.083333333333333215e+01 -6.391004542434917113e+00
3.125000000000000000e+01 -6.152527055000128087e+00
3.166666666666666785e+01 -5.907241266543355351e+00
3.208333333333333570e+01 -5.655385327181930322e+00
3.250000000000000000e+01 -5.397206226361703330e+00
3.291666666666666430e+01 -5.132959903591757467e+00
3.333333333333333570e+01 -4.862910935829065195e+00
3.375000000000000000e+01 -4.587331627692381453e+00
3.416666666666666430e+01 -4.306501522510582269e+00
3.458333333333333570e+01 -4.020707348461981745e+00
3.500000000000000000e+01 -3.730243831709754154e+00
3.541666666666666430e+01 -3.435413711312045759e+00
3.583333333333333570e+01 -3.136528250353742386e+00
3.625000000000000000e+01 -2.833907052056974685e+00
3.666666666666666430e+01 -2.527879289575184707e+00
3.708333333333333570e+01 -2.218785214108174753e+00
3.750000000000000000e+01 -1.906976327962466744e+00
3.791666666666666430e+01 -1.592814637364835306e+00
3.833333333333333570e+01 -1.276671072645865657e+00
3.875000000000000000e+01 -9.589251335329351811e-01
3.916666666666666430e+01 -6.399649165282951246e-01
3.958333333333333570e+01 -3.201877814486303597e-01
4.000000000000000000e+01 0.000000000000000000e+00
