0.000000000000000000e+00 0.000000000000000000e+00
4.166666666666666852e-01 -3.722601403878898485e-01
8.333333333333333703e-01 -7.440100803284709352e-01
1.250000000000000000e+00 -1.114748573153524269e+00
1.666666666666666741e+00 -1.483985244431817785e+00
2.083333333333333481e+00 -1.851240826526961536e+00
2.500000000000000000e+00 -2.216047222482658174e+00
2.916666666666666519e+00 -2.577947512180179146e+00
3.333333333333333481e+00 -2.936495981317313042e+00
3.750000000000000000e+00 -3.291258182121502340e+00
4.166666666666666963e+00 -3.641811003849091843e+00
4.583333333333333037e+00 -3.987742744522354776e+00
5.000000000000000000e+00 -4.328653182652511866e+00
5.416666666666666963e+00 -4.664153649334606300e+00
5.833333333333333037e+00 -4.993867104377740063e+00
6.250000000000000000e+00 -5.317428214237437167e+00
6.666666666666666963e+00 -5.634483405304266057e+00
7.083333333333333037e+00 -5.944690834676677582e+00
7.500000000000000000e+00 -6.247720213489289520e+00
7.916666666666666963e+00 -6.543252527293332399e+00
8.333333333333333925e+00 -6.830979935158207894e+00
8.750000000000000000e+00 -7.110606085937016374e+00
9.166666666666666075e+00 -7.381846386589313802e+00
9.583333333333333925e+00 -7.644428133322002772e+00
1.000000000000000000e+01 -7.898090588417074898e+00
1.041666666666666607e+01 -8.142585049181246148e+00
1.083333333333333393e+01 -8.377674908842898560e+00
1.125000000000000000e+01 -8.603135697283027739e+00
1.166666666666666607e+01 -8.818755101604692115e+00
1.208333333333333393e+01 -9.024332981731324921e+00
1.250000000000000000e+01 -9.219681393179044449e+00
1.291666666666666607e+01 -9.404624617267192122e+00
1.333333333333333393e+01 -9.578999190312362799e+00
1.375000000000000000e+01 -9.742653918996335705e+00
1.416666666666666607e+01 -9.895449872431173688e+00
1.458333333333333393e+01 -1.003726034229566011e+01
1.500000000000000000e+01 -1.016797076753125317e+01
1.541666666666666607e+01 -1.028747865688001184e+01
1.583333333333333393e+01 -1.039569361906266387e+01
1.625000000000000000e+01 -1.049253757310460244e+01
1.666666666666666785e+01 -1.057794486007678181e+01
1.708333333333333215e+01 -1.065186212440675106e+01
1.750000000000000000e+01 -1.071424801638662849e+01
1.791666666666666785e+01 -1.076507303498687307e+01
1.833333333333333215e+01 -1.080431945011895678e+01
1.875000000000000000e+01 -1.083198125430138425e+01
1.916666666666666785e+01 -1.084806411416458083e+01
1.958333333333333215e+01 -1.085258530822410350e+01
2.000000000000000000e+01 -1.084557364671538515e+01
2.041666666666666785e+01 -1.082706937939134306e+01
2.083333333333333215e+01 -1.079712409849852683e+01
2.125000000000000000e+01 -1.075580063243432782e+01
2.166666666666666785e+01 -1.070317291791885062e+01
2.208333333333333215e+01 -1.063932584971450090e+01
2.250000000000000000e+01 -1.056435512067715443e+01
2.291666666666666785e+01 -1.047836706437902876e+01
2.333333333333333215e+01 -1.038147850511298742e+01
2.375000000000000000e+01 -1.027381661069079577e+01
2.416666666666666785e+01 -1.015551873588456111e+01
2.458333333333333215e+01 -1.002673226484916036e+01
2.500000000000000000e+01 -9.887614603269749836e+00
2.541666666666666785e+01 -9.738333259679775367e+00
2.583333333333333215e+01 -9.579065840726368464e+00
2.625000000000000000e+01 -9.409999426102359621e+00
2.666666666666666785e+01 -9.231330308083215641e+00
2.708333333333333215e+01 -9.043263850240951029e+00
2.750000000000000000e+01 -8.846014422890423390e+00
2.791666666666666785e+01 -8.639805314341723275e+00
2.833333333333333215e+01 -8.424868556935127373e+00
2.875000000000000000e+01 -8.201444636342376526e+00
2.916666666666666785e+01 -7.969782216796592600e+00
2.958333333333333215e+01 -7.730137991156674993e+00
3.000000000000000000e+01 -7.482776673776306176e+00
3.041666666666666785e+01 -7.227971284777444438e+00
3.083333333333333215e+01 -6.966002515731108069e+00
3.125000000000000000e+01 -6.697158234070168525e+00
3.166666666666666785e+01 -6.421732249034326045e+00
3.208333333333333570e+01 -6.140020763962642292e+00
3.250000000000000000e+01 -5.852322038758394740e+00
3.291666666666666430e+01 -5.558935998585435634e+00
3.333333333333333570e+01 -5.260164236991076159e+00
3.375000000000000000e+01 -4.956310019611792406e+00
3.416666666666666430e+01 -4.647678288384283540e+00
3.458333333333333570e+01 -4.334575666226204049e+00
3.500000000000000000e+01 -4.017310462164384255e+00
3.541666666666666430e+01 -3.696192676896172369e+00
3.583333333333333570e+01 -3.371534008770201041e+00
3.625000000000000000e+01 -3.043647860173554154e+00
3.666666666666666430e+01 -2.712849344309440802e+00
3.708333333333333570e+01 -2.379455292350793005e+00
3.750000000000000000e+01 -2.043784260952596021e+00
3.791666666666666430e+01 -1.706156540106015918e+00
3.833333333333333570e+01 -1.366894161315908462e+00
3.875000000000000000e+01 -1.026320906082750506e+00
3.916666666666666430e+01 -6.847623146687719098e-01
3.958333333333333570e+01 -3.425456951274220563e-01
4.000000000000000000e+01 0.000000000000000000e+00
