0.000000000000000000e+00 0.000000000000000000e+00
4.166666666666666852e-01 -3.708080266673212111e-01
8.333333333333333703e-01 -7.410994926391377691e-01
1.250000000000000000e+00 -1.110367180232247009e+00
1.666666666666666741e+00 -1.478115078646123237e+00
2.083333333333333481e+00 -1.843858528365997840e+00
2.500000000000000000e+00 -2.207124280502393177e+00
2.916666666666666519e+00 -2.567450531193634422e+00
3.333333333333333481e+00 -2.924386969211024923e+00
3.750000000000000000e+00 -3.277494838031597357e+00
4.166666666666666963e+00 -3.626347001717856511e+00
4.583333333333333037e+00 -3.970528010499538851e+00
5.000000000000000000e+00 -4.309634166892707619e+00
5.416666666666666963e+00 -4.643273596475365750e+00
5.833333333333333037e+00 -4.971066330669536626e+00
6.250000000000000000e+00 -5.292644406390111023e+00
6.666666666666666963e+00 -5.607651985140116757e+00
7.083333333333333037e+00 -5.915745494333130239e+00
7.500000000000000000e+00 -6.216593713446068037e+00
7.916666666666666963e+00 -6.509877562077343249e+00
8.333333333333333925e+00 -6.795289755969926127e+00
8.750000000000000000e+00 -7.072535361159122402e+00
9.166666666666666075e+00 -7.341332108016934477e+00
9.583333333333333925e+00 -7.601410417549799625e+00
1.000000000000000000e+01 -7.852513316597820037e+00
1.041666666666666607e+01 -8.094396363423218332e+00
1.083333333333333393e+01 -8.326827610174252214e+00
1.125000000000000000e+01 -8.549587590296120254e+00
1.166666666666666607e+01 -8.762469320776437698e+00
1.208333333333333393e+01 -8.965278311752282292e+00
1.250000000000000000e+01 -9.157832576495774646e+00
1.291666666666666607e+01 -9.339962634859700685e+00
1.333333333333333393e+01 -9.511511502815237051e+00
1.375000000000000000e+01 -9.672334660986583899e+00
1.416666666666666607e+01 -9.822299992354743381e+00
1.458333333333333393e+01 -9.961287685200689523e+00
1.500000000000000000e+01 -1.008919012147938155e+01
1.541666666666666607e+01 -1.020591181746940634e+01
1.583333333333333393e+01 -1.031136953646008081e+01
1.625000000000000000e+01 -1.040549245654027466e+01
1.666666666666666785e+01 -1.048822195956668146e+01
1.708333333333333215e+01 -1.055951119839851415e+01
1.750000000000000000e+01 -1.061932511587779437e+01
1.791666666666666785e+01 -1.066764052585465272e+01
1.833333333333333215e+01 -1.070444614736803679e+01
1.875000000000000000e+01 -1.072974259303554767e+01
1.916666666666666785e+01 -1.074354232845695556e+01
1.958333333333333215e+01 -1.074586961344193092e+01
2.000000000000000000e+01 -1.073676043239494859e+01
2.041666666666666785e+01 -1.071626241126873857e+01
2.083333333333333215e+01 -1.068443471274791534e+01
2.125000000000000000e+01 -1.064134791378131695e+01
2.166666666666666785e+01 -1.058708388040534665e+01
2.208333333333333215e+01 -1.052173563732479522e+01
2.250000000000000000e+01 -1.044540721285006590e+01
2.291666666666666785e+01 -1.035821345294101903e+01
2.333333333333333215e+01 -1.026027980995990596e+01
2.375000000000000000e+01 -1.015174208786380561e+01
2.416666666666666785e+01 -1.003274611025842589e+01
2.458333333333333215e+01 -9.903447285196081751e+00
2.500000000000000000e+01 -9.764010117370929720e+00
2.541666666666666785e+01 -9.614607528410818560e+00
2.583333333333333215e+01 -9.455421765337257867e+00
2.625000000000000000e+01 -9.286644291929379236e+00
2.666666666666666785e+01 -9.108475811386540499e+00
2.708333333333333215e+01 -8.921126179111213972e+00
2.750000000000000000e+01 -8.724814251377955188e+00
2.791666666666666785e+01 -8.519767803388580418e+00
2.833333333333333215e+01 -8.306223491892644972e+00
2.875000000000000000e+01 -8.084426625298023694e+00
2.916666666666666785e+01 -7.854630810698104426e+00
2.958333333333333215e+01 -7.617097415754024325e+00
3.000000000000000000e+01 -7.372095393258039309e+00
3.041666666666666785e+01 -7.119901503670305054e+00
3.083333333333333215e+01 -6.860794799302437852e+00
3.125000000000000000e+01 -6.595056926367476535e+00
3.166666666666666785e+01 -6.322971360765090587e+00
3.208333333333333570e+01 -6.044823347509076683e+00
3.250000000000000000e+01 -5.760899870628438002e+00
3.291666666666666430e+01 -5.471489623990215101e+00
3.333333333333333570e+01 -5.176882990793500561e+00
3.375000000000000000e+01 -4.877372039161572026e+00
3.416666666666666430e+01 -4.573250523800759026e+00
3.458333333333333570e+01 -4.264813889981527772e+00
3.500000000000000000e+01 -3.952359278254342634e+00
3.541666666666666430e+01 -3.636185529561200003e+00
3.583333333333333570e+01 -3.316593190731274898e+00
3.625000000000000000e+01 -2.993884520348691236e+00
3.666666666666666430e+01 -2.668363494979487438e+00
3.708333333333333570e+01 -2.340335815743959103e+00
3.750000000000000000e+01 -2.010108915220001347e+00
3.791666666666666430e+01 -1.677991964662168378e+00
3.833333333333333570e+01 -1.344295881520173097e+00
3.875000000000000000e+01 -1.009333337240097661e+00
3.916666666666666430e+01 -6.734187653302325938e-01
3.958333333333333570e+01 -3.368683696730783161e-01
4.000000000000000000e+01 0.000000000000000000e+00
