0.000000000000000000e+00 0.000000000000000000e+00
4.166666666666666852e-01 -3.673116368417893574e-01
8.333333333333333703e-01 -7.341164473046026817e-01
1.250000000000000000e+00 -1.099916220759400876e+00
1.666666666666666741e+00 -1.464223476496363530e+00
2.083333333333333481e+00 -1.826561822628052223e+00
2.500000000000000000e+00 -2.186465955971650832e+00
2.916666666666666519e+00 -2.543481574243136478e+00
3.333333333333333481e+00 -2.897165361524222327e+00
3.750000000000000000e+00 -3.247085041232331548e+00
4.166666666666666963e+00 -3.592819447639361119e+00
4.583333333333333037e+00 -3.933958599795467581e+00
5.000000000000000000e+00 -4.270103778424135577e+00
5.416666666666666963e+00 -4.600867615243267927e+00
5.833333333333333037e+00 -4.925874199435873457e+00
6.250000000000000000e+00 -5.244759175508903581e+00
6.666666666666666963e+00 -5.557169816322882205e+00
7.083333333333333037e+00 -5.862765132438908289e+00
7.500000000000000000e+00 -6.161216075765596045e+00
7.916666666666666963e+00 -6.452205720785894272e+00
8.333333333333333925e+00 -6.735429086114027797e+00
8.750000000000000000e+00 -7.010592472844328071e+00
9.166666666666666075e+00 -7.277413346101677227e+00
9.583333333333333925e+00 -7.535621348300279188e+00
1.000000000000000000e+01 -7.784958971783566994e+00
1.041666666666666607e+01 -8.025181571555208393e+00
1.083333333333333393e+01 -8.256057165409274035e+00
1.125000000000000000e+01 -8.477366249754428651e+00
1.166666666666666607e+01 -8.688901690272761158e+00
1.208333333333333393e+01 -8.890468681206515456e+00
1.250000000000000000e+01 -9.081884741873826883e+00
1.291666666666666607e+01 -9.262979718509892990e+00
1.333333333333333393e+01 -9.433595767925044839e+00
1.375000000000000000e+01 -9.593587315539473082e+00
1.416666666666666607e+01 -9.742821018393829746e+00
1.458333333333333393e+01 -9.881175871414829004e+00
1.500000000000000000e+01 -1.000854339429422346e+01
1.541666666666666607e+01 -1.012482716237814451e+01
1.583333333333333393e+01 -1.022994261460582521e+01
1.625000000000000000e+01 -1.032381746527058475e+01
1.666666666666666785e+01 -1.040639152191716654e+01
1.708333333333333215e+01 -1.047761653484330324e+01
1.750000000000000000e+01 -1.053745611034144147e+01
1.791666666666666785e+01 -1.058588568565014754e+01
1.833333333333333215e+01 -1.062289252743916279e+01
1.875000000000000000e+01 -1.064847571255721270e+01
1.916666666666666785e+01 -1.066264609620298387e+01
1.958333333333333215e+01 -1.066542627019598655e+01
2.000000000000000000e+01 -1.065685051415265683e+01
2.041666666666666785e+01 -1.063696473578835722e+01
2.083333333333333215e+01 -1.060582638652773113e+01
2.125000000000000000e+01 -1.056350434361397639e+01
2.166666666666666785e+01 -1.051007876650224304e+01
2.208333333333333215e+01 -1.044564093457727338e+01
2.250000000000000000e+01 -1.037029305297363102e+01
2.291666666666666785e+01 -1.028414801171871495e+01
2.333333333333333215e+01 -1.018732908291735129e+01
2.375000000000000000e+01 -1.007996956632865881e+01
2.416666666666666785e+01 -9.962212465817897211e+00
2.458333333333333215e+01 -9.834210394319159221e+00
2.500000000000000000e+01 -9.696125689080773213e+00
2.541666666666666785e+01 -9.548129856191371445e+00
2.583333333333333215e+01 -9.390403944245745649e+00
2.625000000000000000e+01 -9.223138032122301766e+00
2.666666666666666785e+01 -9.046531177155332060e+00
2.708333333333333215e+01 -8.860791343085217875e+00
2.750000000000000000e+01 -8.666135262479381041e+00
2.791666666666666785e+01 -8.462788229784775851e+00
2.833333333333333215e+01 -8.250983902017551941e+00
2.875000000000000000e+01 -8.030963997497076790e+00
2.916666666666666785e+01 -7.802977829073813432e+00
2.958333333333333215e+01 -7.567281898728645650e+00
3.000000000000000000e+01 -7.324139847538670089e+00
3.041666666666666785e+01 -7.073823106859943088e+00
3.083333333333333215e+01 -6.816609127038083749e+00
3.125000000000000000e+01 -6.552778595294800112e+00
3.166666666666666785e+01 -6.282614400664248144e+00
3.208333333333333570e+01 -6.006401195407661042e+00
3.250000000000000000e+01 -5.724425318266492368e+00
3.291666666666666430e+01 -5.436974792187824868e+00
3.333333333333333570e+01 -5.144339323092089522e+00
3.375000000000000000e+01 -4.846810300841566388e+00
3.416666666666666430e+01 -4.544680802558170640e+00
3.458333333333333570e+01 -4.238245596745961130e+00
3.500000000000000000e+01 -3.927801147974908869e+00
3.541666666666666430e+01 -3.613645621957982890e+00
3.583333333333333570e+01 -3.296078891010259415e+00
3.625000000000000000e+01 -2.975402539877987529e+00
3.666666666666666430e+01 -2.651919871924833139e+00
3.708333333333333570e+01 -2.325935915661522468e+00
3.750000000000000000e+01 -1.997757431604649359e+00
3.791666666666666430e+01 -1.667692919449213607e+00
3.833333333333333570e+01 -1.336052625539119409e+00
3.875000000000000000e+01 -1.003148550618557788e+00
3.916666666666666430e+01 -6.692944578466505368e-01
3.958333333333333570e+01 -3.348058810565902599e-01
4.000000000000000000e+01 0.000000000000000000e+00
