0.000000000000000000e+00 0.000000000000000000e+00
4.166666666666666852e-01 -3.624099762179530670e-01
8.333333333333333703e-01 -7.243141914061012043e-01
1.250000000000000000e+00 -1.085215898223787612e+00
1.666666666666666741e+00 -1.444629379696048099e+00
2.083333333333333481e+00 -1.802080206784233640e+00
2.500000000000000000e+00 -2.157105260060822260e+00
2.916666666666666519e+00 -2.509252694498684821e+00
3.333333333333333481e+00 -2.858081948758536495e+00
3.750000000000000000e+00 -3.203163797481483055e+00
4.166666666666666963e+00 -3.544080417878632705e+00
4.583333333333333037e+00 -3.880425457339132578e+00
5.000000000000000000e+00 -4.211804102273427830e+00
5.416666666666666963e+00 -4.537833155633116178e+00
5.833333333333333037e+00 -4.858141119451473422e+00
6.250000000000000000e+00 -5.172368254594060133e+00
6.666666666666666963e+00 -5.480166616764023502e+00
7.083333333333333037e+00 -5.781200130141658455e+00
7.500000000000000000e+00 -6.075144722866228086e+00
7.916666666666666963e+00 -6.361688518847430807e+00
8.333333333333333925e+00 -6.640531907498833597e+00
8.750000000000000000e+00 -6.911387170120391943e+00
9.166666666666666075e+00 -7.173977892363861741e+00
9.583333333333333925e+00 -7.428039077484306141e+00
1.000000000000000000e+01 -7.673318243884808432e+00
1.041666666666666607e+01 -7.909575735563361576e+00
1.083333333333333393e+01 -8.136584612831267549e+00
1.125000000000000000e+01 -8.354130486405120237e+00
1.166666666666666607e+01 -8.562011396175501332e+00
1.208333333333333393e+01 -8.760037741183738902e+00
1.250000000000000000e+01 -8.948032221949295817e+00
1.291666666666666607e+01 -9.125829745385333425e+00
1.333333333333333393e+01 -9.293277253821882411e+00
1.375000000000000000e+01 -9.450233476696674018e+00
1.416666666666666607e+01 -9.596568737319540077e+00
1.458333333333333393e+01 -9.732165262256057048e+00
1.500000000000000000e+01 -9.856918080139529081e+00
1.541666666666666607e+01 -9.970735006411558743e+00
1.583333333333333393e+01 -1.007353571588144980e+01
1.625000000000000000e+01 -1.016525145015469356e+01
1.666666666666666785e+01 -1.024582499515936718e+01
1.708333333333333215e+01 -1.031521073082939211e+01
1.750000000000000000e+01 -1.037337466064446190e+01
1.791666666666666785e+01 -1.042029448455298812e+01
1.833333333333333215e+01 -1.045595967026344475e+01
1.875000000000000000e+01 -1.048037145180198948e+01
1.916666666666666785e+01 -1.049354280101294634e+01
1.958333333333333215e+01 -1.049549839102100712e+01
2.000000000000000000e+01 -1.048627455751067572e+01
2.041666666666666785e+01 -1.046591924082905933e+01
2.083333333333333215e+01 -1.043449189006414990e+01
2.125000000000000000e+01 -1.039206334253320740e+01
2.166666666666666785e+01 -1.033871570237502802e+01
2.208333333333333215e+01 -1.027454220160840848e+01
2.250000000000000000e+01 -1.019964700134555002e+01
2.291666666666666785e+01 -1.011414492389812736e+01
2.333333333333333215e+01 -1.001816107638627251e+01
2.375000000000000000e+01 -9.911830354336403914e+00
2.416666666666666785e+01 -9.795296995621367131e+00
2.458333333333333215e+01 -9.668714520476553886e+00
2.500000000000000000e+01 -9.532245849399846094e+00
2.541666666666666785e+01 -9.386062864699868058e+00
2.583333333333333215e+01 -9.230345732223710797e+00
2.625000000000000000e+01 -9.065283044161768444e+00
2.666666666666666785e+01 -8.891072141867690348e+00
2.708333333333333215e+01 -8.707919297527830338e+00
2.750000000000000000e+01 -8.516039579776155222e+00
2.791666666666666785e+01 -8.315656592154944349e+00
2.833333333333333215e+01 -8.107002352467914008e+00
2.875000000000000000e+01 -7.890317149137930919e+00
2.916666666666666785e+01 -7.665849189897878446e+00
2.958333333333333215e+01 -7.433854030769579069e+00
3.000000000000000000e+01 -7.194593635884126037e+00
3.041666666666666785e+01 -6.948335749311151055e+00
3.083333333333333215e+01 -6.695351631516170521e+00
3.125000000000000000e+01 -6.435914773752076101e+00
3.166666666666666785e+01 -6.170300565375069546e+00
3.208333333333333570e+01 -5.898786121084492962e+00
3.250000000000000000e+01 -5.621650270360038171e+00
3.291666666666666430e+01 -5.339173546720759056e+00
3.333333333333333570e+01 -5.051638179038438814e+00
3.375000000000000000e+01 -4.759328088063418782e+00
3.416666666666666430e+01 -4.462528888585527653e+00
3.458333333333333570e+01 -4.161527893052848981e+00
3.500000000000000000e+01 -3.856614115993770575e+00
3.541666666666666430e+01 -3.548078278809022379e+00
3.583333333333333570e+01 -3.236212814923062009e+00
3.625000000000000000e+01 -2.921311875283618686e+00
3.666666666666666430e+01 -2.603671334197908305e+00
3.708333333333333570e+01 -2.283588795492975443e+00
3.750000000000000000e+01 -1.961363598987056367e+00
3.791666666666666430e+01 -1.637296827257584519e+00
3.833333333333333570e+01 -1.311691312691666500e+00
3.875000000000000000e+01 -9.848516448029694947e-01
3.916666666666666430e+01 -6.570841777988039034e-01
3.958333333333333570e+01 -3.286970383802828577e-01
4.000000000000000000e+01 0.000000000000000000e+00
