0.000000000000000000e+00 0.000000000000000000e+00
4.166666666666666852e-01 -3.691762829379718336e-01
8.333333333333333703e-01 -7.378520885821139297e-01
1.250000000000000000e+00 -1.105535363192094334e+00
1.666666666666666741e+00 -1.471744407219631734e+00
2.083333333333333481e+00 -1.836008187090357957e+00
2.500000000000000000e+00 -2.197866386223681801e+00
2.916666666666666519e+00 -2.556869354101428016e+00
3.333333333333333481e+00 -2.912578085457086630e+00
3.750000000000000000e+00 -3.264564255566035467e+00
4.166666666666666963e+00 -3.612410279903687460e+00
4.583333333333333037e+00 -3.955709383499775189e+00
5.000000000000000000e+00 -4.294065679261034774e+00
5.416666666666666963e+00 -4.627094251569182859e+00
5.833333333333333037e+00 -4.954421243463842828e+00
6.250000000000000000e+00 -5.275683952933817089e+00
6.666666666666666963e+00 -5.590530934541736663e+00
7.083333333333333037e+00 -5.898622081385060945e+00
7.500000000000000000e+00 -6.199628648466422476e+00
7.916666666666666963e+00 -6.493233154764218362e+00
8.333333333333333925e+00 -6.779129153568761446e+00
8.750000000000000000e+00 -7.057020579804553329e+00
9.166666666666666075e+00 -7.326623358056910007e+00
9.583333333333333925e+00 -7.587665763620567105e+00
1.000000000000000000e+01 -7.839888283263324098e+00
1.041666666666666607e+01 -8.083043414400224336e+00
1.083333333333333393e+01 -8.316895543699027726e+00
1.125000000000000000e+01 -8.541220926467852692e+00
1.166666666666666607e+01 -8.755807708684100632e+00
1.208333333333333393e+01 -8.960455956840648994e+00
1.250000000000000000e+01 -9.154977685415445876e+00
1.291666666666666607e+01 -9.339196881211854873e+00
1.333333333333333393e+01 -9.512949523774398841e+00
1.375000000000000000e+01 -9.676083595299354911e+00
1.416666666666666607e+01 -9.828459068097938456e+00
1.458333333333333393e+01 -9.969947856401317310e+00
1.500000000000000000e+01 -1.010043372582684107e+01
1.541666666666666607e+01 -1.021981221419627417e+01
1.583333333333333393e+01 -1.032799076762543500e+01
1.625000000000000000e+01 -1.042488914747361051e+01
1.666666666666666785e+01 -1.051043954028569871e+01
1.708333333333333215e+01 -1.058458621141996225e+01
1.750000000000000000e+01 -1.064728524637215656e+01
1.791666666666666785e+01 -1.069850443866860168e+01
1.833333333333333215e+01 -1.073822323430344738e+01
1.875000000000000000e+01 -1.076643268469330472e+01
1.916666666666666785e+01 -1.078313539036141400e+01
1.958333333333333215e+01 -1.078834543460837203e+01
2.000000000000000000e+01 -1.078208831323076566e+01
2.041666666666666785e+01 -1.076440086869299861e+01
2.083333333333333215e+01 -1.073533122826354180e+01
2.125000000000000000e+01 -1.069493873862238686e+01
2.166666666666666785e+01 -1.064329388709475843e+01
2.208333333333333215e+01 -1.058047820563544406e+01
2.250000000000000000e+01 -1.050658415977914828e+01
2.291666666666666785e+01 -1.042171502244554304e+01
2.333333333333333215e+01 -1.032598472422755265e+01
2.375000000000000000e+01 -1.021951766589302402e+01
2.416666666666666785e+01 -1.010244848901797354e+01
2.458333333333333215e+01 -9.974921877364202771e+00
2.500000000000000000e+01 -9.837092637792931527e+00
2.541666666666666785e+01 -9.689126056083052774e+00
2.583333333333333215e+01 -9.531197634894949644e+00
2.625000000000000000e+01 -9.363492362072985742e+00
2.666666666666666785e+01 -9.186204407967961671e+00
2.708333333333333215e+01 -8.999536992057919349e+00
2.750000000000000000e+01 -8.803702327888032642e+00
2.791666666666666785e+01 -8.598921538909904072e+00
2.833333333333333215e+01 -8.385424494502570880e+00
2.875000000000000000e+01 -8.163449525456661249e+00
2.916666666666666785e+01 -7.933243100368488676e+00
2.958333333333333215e+01 -7.695059577440779286e+00
3.000000000000000000e+01 -7.449161193607954701e+00
3.041666666666666785e+01 -7.195818497429359084e+00
3.083333333333333215e+01 -6.935309537957250470e+00
3.125000000000000000e+01 -6.667919545944437587e+00
3.166666666666666785e+01 -6.393940158370465809e+00
3.208333333333333570e+01 -6.113667534167133155e+00
3.250000000000000000e+01 -5.827400102780529778e+00
3.291666666666666430e+01 -5.535438184954497132e+00
3.333333333333333570e+01 -5.238083770187951238e+00
3.375000000000000000e+01 -4.935640520452670543e+00
3.416666666666666430e+01 -4.628413774393509428e+00
3.458333333333333570e+01 -4.316710551990047051e+00
3.500000000000000000e+01 -4.000839559665592127e+00
3.541666666666666430e+01 -3.681111195828712379e+00
3.583333333333333570e+01 -3.357837556835665538e+00
3.625000000000000000e+01 -3.031332443358700779e+00
3.666666666666666430e+01 -2.701911367145702680e+00
3.708333333333333570e+01 -2.369891558155759359e+00
3.750000000000000000e+01 -2.035591972053823362e+00
3.791666666666666430e+01 -1.699333298047296603e+00
3.833333333333333570e+01 -1.361437967046147390e+00
3.875000000000000000e+01 -1.022230160127479470e+00
3.916666666666666430e+01 -6.820358172844560585e-01
3.958333333333333570e+01 -3.411826464384190571e-01
4.000000000000000000e+01 0.000000000000000000e+00
