0.000000000000000000e+00 0.000000000000000000e+00
4.166666666666666852e-01 -3.848718872207701480e-01
8.333333333333333703e-01 -7.692009143650201386e-01
1.250000000000000000e+00 -1.152455559998708301e+00
1.666666666666666741e+00 -1.534116945030906898e+00
2.083333333333333481e+00 -1.913678333944930143e+00
2.500000000000000000e+00 -2.290645221730777337e+00
2.916666666666666519e+00 -2.664535617699371528e+00
3.333333333333333481e+00 -3.034880263858000582e+00
3.750000000000000000e+00 -3.401222754668352444e+00
4.166666666666666963e+00 -3.763119618459919824e+00
4.583333333333333037e+00 -4.120140387553465011e+00
5.000000000000000000e+00 -4.471867656817991588e+00
5.416666666666666963e+00 -4.817897123881623500e+00
5.833333333333333037e+00 -5.157837607722012052e+00
6.250000000000000000e+00 -5.491311079832830622e+00
6.666666666666666963e+00 -5.817952833389097300e+00
7.083333333333333037e+00 -6.137411895966780051e+00
7.500000000000000000e+00 -6.449351400046910321e+00
7.916666666666666963e+00 -6.753447717012783791e+00
8.333333333333333925e+00 -7.049389757447318772e+00
8.750000000000000000e+00 -7.336879008377839462e+00
9.166666666666666075e+00 -7.615629761547086041e+00
9.583333333333333925e+00 -7.885369278393373094e+00
1.000000000000000000e+01 -8.145837860352090232e+00
1.041666666666666607e+01 -8.396788849742153005e+00
1.083333333333333393e+01 -8.637988602364853108e+00
1.125000000000000000e+01 -8.869216478888176880e+00
1.166666666666666607e+01 -9.090264846963618695e+00
1.208333333333333393e+01 -9.300939074045004418e+00
1.250000000000000000e+01 -9.501057498275329749e+00
1.291666666666666607e+01 -9.690451371073169895e+00
1.333333333333333393e+01 -9.868964782011206083e+00
1.375000000000000000e+01 -1.003645458592197492e+01
1.416666666666666607e+01 -1.019279039252032248e+01
1.458333333333333393e+01 -1.033785468563579002e+01
1.500000000000000000e+01 -1.047154301489113948e+01
1.541666666666666607e+01 -1.059376401914694910e+01
1.583333333333333393e+01 -1.070443914779095529e+01
1.625000000000000000e+01 -1.080350143727913093e+01
1.666666666666666785e+01 -1.089089349009152485e+01
1.708333333333333215e+01 -1.096656681145916856e+01
1.750000000000000000e+01 -1.103048351592557275e+01
1.791666666666666785e+01 -1.108261729475555413e+01
1.833333333333333215e+01 -1.112295357566131671e+01
1.875000000000000000e+01 -1.115148926279479902e+01
1.916666666666666785e+01 -1.116823241414482837e+01
1.958333333333333215e+01 -1.117320199650399104e+01
2.000000000000000000e+01 -1.116642775321543013e+01
2.041666666666666785e+01 -1.114795017301454472e+01
2.083333333333333215e+01 -1.111782050027117386e+01
2.125000000000000000e+01 -1.107610071208093139e+01
2.166666666666666785e+01 -1.102286342121714746e+01
2.208333333333333215e+01 -1.095819168582713843e+01
2.250000000000000000e+01 -1.088217870748250959e+01
2.291666666666666785e+01 -1.079492742106391923e+01
2.333333333333333215e+01 -1.069655005157860650e+01
2.375000000000000000e+01 -1.058716782864446770e+01
2.416666666666666785e+01 -1.046691111082038539e+01
2.458333333333333215e+01 -1.033591995064167079e+01
2.500000000000000000e+01 -1.019434430611379305e+01
2.541666666666666785e+01 -1.004234219622604130e+01
2.583333333333333215e+01 -9.880077313029891783e+00
2.625000000000000000e+01 -9.707721493611307650e+00
2.666666666666666785e+01 -9.525457195875226546e+00
2.708333333333333215e+01 -9.333477803025271413e+00
2.750000000000000000e+01 -9.131987110362581817e+00
2.791666666666666785e+01 -8.921198654548218698e+00
2.833333333333333215e+01 -8.701335235229690213e+00
2.875000000000000000e+01 -8.472628693568848846e+00
2.916666666666666785e+01 -8.235319939501584585e+00
2.958333333333333215e+01 -7.989659122757165832e+00
3.000000000000000000e+01 -7.735905484830778889e+00
3.041666666666666785e+01 -7.474325877710239929e+00
3.083333333333333215e+01 -7.205191338677921387e+00
3.125000000000000000e+01 -6.928780393959749873e+00
3.166666666666666785e+01 -6.645379336238909751e+00
3.208333333333333570e+01 -6.355282327008319854e+00
3.250000000000000000e+01 -6.058791038928426964e+00
3.291666666666666430e+01 -5.756214313859936205e+00
3.333333333333333570e+01 -5.447867642594572679e+00
3.375000000000000000e+01 -5.134072101279524070e+00
3.416666666666666430e+01 -4.815153188523361827e+00
3.458333333333333570e+01 -4.491439809119156301e+00
3.500000000000000000e+01 -4.163263288534222006e+00
3.541666666666666430e+01 -3.830956780502525749e+00
3.583333333333333570e+01 -3.494855169110800741e+00
3.625000000000000000e+01 -3.155295025536595688e+00
3.666666666666666430e+01 -2.812614616027542702e+00
3.708333333333333570e+01 -2.467153910323605093e+00
3.750000000000000000e+01 -2.119254590501150393e+00
3.791666666666666430e+01 -1.769260060216981900e+00
3.833333333333333570e+01 -1.417515454329259406e+00
3.875000000000000000e+01 -1.064367648871178851e+00
3.916666666666666430e+01 -7.101652713528114891e-01
3.958333333333333570e+01 -3.552587113646068495e-01
4.000000000000000000e+01 0.000000000000000000e+00
