0.000000000000000000e+00 0.000000000000000000e+00
4.166666666666666852e-01 -3.665717027129398731e-01
8.333333333333333703e-01 -7.326483036190204468e-01
1.250000000000000000e+00 -1.097743539246708533e+00
1.666666666666666741e+00 -1.461381564500613184e+00
2.083333333333333481e+00 -1.823096981034005415e+00
2.500000000000000000e+00 -2.182434873939112396e+00
2.916666666666666519e+00 -2.538950840725873181e+00
3.333333333333333481e+00 -2.892211029532044453e+00
3.750000000000000000e+00 -3.241792193976045233e+00
4.166666666666666963e+00 -3.587281756589431492e+00
4.583333333333333037e+00 -3.928277874626817656e+00
5.000000000000000000e+00 -4.264389507267668300e+00
5.416666666666666963e+00 -4.595236483940293937e+00
5.833333333333333037e+00 -4.920449572630113622e+00
6.250000000000000000e+00 -5.239670546840208942e+00
6.666666666666666963e+00 -5.552552248929573331e+00
7.083333333333333037e+00 -5.858758647428423671e+00
7.500000000000000000e+00 -6.157964886995878295e+00
7.916666666666666963e+00 -6.449857325692598842e+00
8.333333333333333925e+00 -6.734133553783126835e+00
8.750000000000000000e+00 -7.010502412141161876e+00
9.166666666666666075e+00 -7.278684149677895121e+00
9.583333333333333925e+00 -7.538410489136632364e+00
1.000000000000000000e+01 -7.789424652965045937e+00
1.041666666666666607e+01 -8.031481383989598655e+00
1.083333333333333393e+01 -8.264346968416374395e+00
1.125000000000000000e+01 -8.487799260699182113e+00
1.166666666666666607e+01 -8.701627707581973681e+00
1.208333333333333393e+01 -8.905633369575559399e+00
1.250000000000000000e+01 -9.099628940259350429e+00
1.291666666666666607e+01 -9.283438761503067127e+00
1.333333333333333393e+01 -9.456898833727619191e+00
1.375000000000000000e+01 -9.619856823811108626e+00
1.416666666666666607e+01 -9.772172076150061670e+00
1.458333333333333393e+01 -9.913715634497647144e+00
1.500000000000000000e+01 -1.004437027862014986e+01
1.541666666666666607e+01 -1.016403058939161141e+01
1.583333333333333393e+01 -1.027260303170425360e+01
1.625000000000000000e+01 -1.037000593678788718e+01
1.666666666666666785e+01 -1.045616942934259797e+01
1.708333333333333215e+01 -1.053103533878381803e+01
1.750000000000000000e+01 -1.059455711321072613e+01
1.791666666666666785e+01 -1.064669973574920192e+01
1.833333333333333215e+01 -1.068743964130863411e+01
1.875000000000000000e+01 -1.071676463318672035e+01
1.916666666666666785e+01 -1.073467380754891032e+01
1.958333333333333215e+01 -1.074117749080300754e+01
2.000000000000000000e+01 -1.073629718176908021e+01
2.041666666666666785e+01 -1.072006548312712404e+01
2.083333333333333215e+01 -1.069252600426755606e+01
2.125000000000000000e+01 -1.065373323324168275e+01
2.166666666666666785e+01 -1.060375239641310507e+01
2.208333333333333215e+01 -1.054265932168757303e+01
2.250000000000000000e+01 -1.047054031012362074e+01
2.291666666666666785e+01 -1.038749201282714196e+01
2.333333333333333215e+01 -1.029362132555630360e+01
2.375000000000000000e+01 -1.018904530821064292e+01
2.416666666666666785e+01 -1.007389111646541480e+01
2.458333333333333215e+01 -9.948295916222877011e+00
2.500000000000000000e+01 -9.812406780453617472e+00
2.541666666666666785e+01 -9.666380393392820736e+00
2.583333333333333215e+01 -9.510383269045314947e+00
2.625000000000000000e+01 -9.344591480996360389e+00
2.666666666666666785e+01 -9.169190489299626989e+00
2.708333333333333215e+01 -8.984374927089721297e+00
2.750000000000000000e+01 -8.790348377126749213e+00
2.791666666666666785e+01 -8.587323159444519405e+00
2.833333333333333215e+01 -8.375520193786783807e+00
2.875000000000000000e+01 -8.155168945554787996e+00
2.916666666666666785e+01 -7.926507346548486765e+00
2.958333333333333215e+01 -7.689781619063950302e+00
3.000000000000000000e+01 -7.445246243882235326e+00
3.041666666666666785e+01 -7.193164311283514856e+00
3.083333333333333215e+01 -6.933807088470495650e+00
3.125000000000000000e+01 -6.667453444197840362e+00
3.166666666666666785e+01 -6.394389504514341738e+00
3.208333333333333570e+01 -6.114908309919793616e+00
3.250000000000000000e+01 -5.829309259515087049e+00
3.291666666666666430e+01 -5.537897105961688382e+00
3.333333333333333570e+01 -5.240979990401945621e+00
3.375000000000000000e+01 -4.938868133890531809e+00
3.416666666666666430e+01 -4.631873524053315094e+00
3.458333333333333570e+01 -4.320309824461016746e+00
3.500000000000000000e+01 -4.004492379975141070e+00
3.541666666666666430e+01 -3.684738222550228759e+00
3.583333333333333570e+01 -3.361366077477568659e+00
3.625000000000000000e+01 -3.034696370055864012e+00
3.666666666666666430e+01 -2.705051232672221140e+00
3.708333333333333570e+01 -2.372754512276850747e+00
3.750000000000000000e+01 -2.038131778233775560e+00
3.791666666666666430e+01 -1.701510330528568149e+00
3.833333333333333570e+01 -1.363219208313942943e+00
3.875000000000000000e+01 -1.023589198772051567e+00
3.916666666666666430e+01 -6.829528462725812377e-01
3.958333333333333570e+01 -3.416444618036968417e-01
4.000000000000000000e+01 0.000000000000000000e+00
