0.000000000000000000e+00 0.000000000000000000e+00
4.166666666666666852e-01 -3.484575812097965297e-01
8.333333333333333703e-01 -6.964256283580408935e-01
1.250000000000000000e+00 -1.043422585441603712e+00
1.666666666666666741e+00 -1.388977798821113163e+00
2.083333333333333481e+00 -1.732632235390275222e+00
2.500000000000000000e+00 -2.073938455859774432e+00
2.916666666666666519e+00 -2.412460441129138378e+00
3.333333333333333481e+00 -2.747773562548554871e+00
3.750000000000000000e+00 -3.079464646012237683e+00
4.166666666666666963e+00 -3.407132042570029107e+00
4.583333333333333037e+00 -3.730385704176286676e+00
5.000000000000000000e+00 -4.048847283904195571e+00
5.416666666666666963e+00 -4.362150239027275944e+00
5.833333333333333037e+00 -4.669939877263627359e+00
6.250000000000000000e+00 -4.971873362498549831e+00
6.666666666666666963e+00 -5.267619773725662924e+00
7.083333333333333037e+00 -5.556860221687796475e+00
7.500000000000000000e+00 -5.839287936761882847e+00
7.916666666666666963e+00 -6.114608285916168562e+00
8.333333333333333925e+00 -6.382538730915533698e+00
8.750000000000000000e+00 -6.642808755208072569e+00
9.166666666666666075e+00 -6.895159789950827900e+00
9.583333333333333925e+00 -7.139345142465117533e+00
1.000000000000000000e+01 -7.375129920975347808e+00
1.041666666666666607e+01 -7.602290957932305915e+00
1.083333333333333393e+01 -7.820616733283130451e+00
1.125000000000000000e+01 -8.029907309381480118e+00
1.166666666666666607e+01 -8.229974283784372346e+00
1.208333333333333393e+01 -8.420640758878517929e+00
1.250000000000000000e+01 -8.601741320819728642e+00
1.291666666666666607e+01 -8.773122020664246179e+00
1.333333333333333393e+01 -8.934640342967323789e+00
1.375000000000000000e+01 -9.086165153043916476e+00
1.416666666666666607e+01 -9.227576613806780514e+00
1.458333333333333393e+01 -9.358766070558727890e+00
1.500000000000000000e+01 -9.479635899577834479e+00
1.541666666666666607e+01 -9.590099326068317609e+00
1.583333333333333393e+01 -9.690080210653174930e+00
1.625000000000000000e+01 -9.779512835989727648e+00
1.666666666666666785e+01 -9.858341724155053498e+00
1.708333333333333215e+01 -9.926521490469367492e+00
1.750000000000000000e+01 -9.984016720708268622e+00
1.791666666666666785e+01 -1.003080187198295192e+01
1.833333333333333215e+01 -1.006686122057839405e+01
1.875000000000000000e+01 -1.009218887160952782e+01
1.916666666666666785e+01 -1.010678882275466250e+01
1.958333333333333215e+01 -1.011067505793521626e+01
2.000000000000000000e+01 -1.010387165969934209e+01
2.041666666666666785e+01 -1.008641293740102540e+01
2.083333333333333215e+01 -1.005834355842177885e+01
2.125000000000000000e+01 -1.001971865383988813e+01
2.166666666666666785e+01 -9.970603857193189867e+00
2.208333333333333215e+01 -9.911075237333363930e+00
2.250000000000000000e+01 -9.841219096797177102e+00
2.291666666666666785e+01 -9.761131615133567863e+00
2.333333333333333215e+01 -9.670918333100683384e+00
2.375000000000000000e+01 -9.570693831637656857e+00
2.416666666666666785e+01 -9.460582449190621190e+00
2.458333333333333215e+01 -9.340719740088722745e+00
2.500000000000000000e+01 -9.211251887050071474e+00
2.541666666666666785e+01 -9.072333875656823921e+00
2.583333333333333215e+01 -8.924129054489531754e+00
2.625000000000000000e+01 -8.766809173478282702e+00
2.666666666666666785e+01 -8.600554530095845251e+00
2.708333333333333215e+01 -8.425553996206733842e+00
2.750000000000000000e+01 -8.242004871244001052e+00
2.791666666666666785e+01 -8.050112545232840588e+00
2.833333333333333215e+01 -7.850089920554153444e+00
2.875000000000000000e+01 -7.642156594080003806e+00
2.916666666666666785e+01 -7.426538261957496445e+00
2.958333333333333215e+01 -7.203468001008758392e+00
3.000000000000000000e+01 -6.973190284110873272e+00
3.041666666666666785e+01 -6.735959041749849163e+00
3.083333333333333215e+01 -6.492034954072956054e+00
3.125000000000000000e+01 -6.241684490928676610e+00
3.166666666666666785e+01 -5.985179163942974334e+00
3.208333333333333570e+01 -5.722794376442640107e+00
3.250000000000000000e+01 -5.454807735179634243e+00
3.291666666666666430e+01 -5.181498717272432053e+00
3.333333333333333570e+01 -4.903148502685803045e+00
3.375000000000000000e+01 -4.620039965168748708e+00
3.416666666666666430e+01 -4.332457675544758580e+00
3.458333333333333570e+01 -4.040687905108941713e+00
3.500000000000000000e+01 -3.745018630214919764e+00
3.541666666666666430e+01 -3.445739537126706775e+00
3.583333333333333570e+01 -3.143142027125729321e+00
3.625000000000000000e+01 -2.837519221813888048e+00
3.666666666666666430e+01 -2.529165968770461959e+00
3.708333333333333570e+01 -2.218378847576921498e+00
3.750000000000000000e+01 -1.905456176148107028e+00
3.791666666666666430e+01 -1.590698017337730308e+00
3.833333333333333570e+01 -1.274406185730348362e+00
3.875000000000000000e+01 -9.568842545832951796e-01
3.916666666666666430e+01 -6.384375632948250390e-01
3.958333333333333570e+01 -3.193732250281176022e-01
4.000000000000000000e+01 0.000000000000000000e+00
