0.000000000000000000e+00 0.000000000000000000e+00
4.166666666666666852e-01 -3.665909461363067723e-01
8.333333333333333703e-01 -7.326430302353845736e-01
1.250000000000000000e+00 -1.097629030575262954e+00
1.666666666666666741e+00 -1.461035202740415873e+00
2.083333333333333481e+00 -1.822361167319114017e+00
2.500000000000000000e+00 -2.181120006564193581e+00
2.916666666666666519e+00 -2.536838354555666974e+00
3.333333333333333481e+00 -2.889056411319161910e+00
3.750000000000000000e+00 -3.237327915219902597e+00
4.166666666666666963e+00 -3.581220089862430456e+00
4.583333333333333037e+00 -3.920313548262150505e+00
5.000000000000000000e+00 -4.254202146247726191e+00
5.416666666666666963e+00 -4.582492827150772108e+00
5.833333333333333037e+00 -4.904805501712811378e+00
6.250000000000000000e+00 -5.220772955456335573e+00
6.666666666666666963e+00 -5.530040833285528201e+00
7.083333333333333037e+00 -5.832267856137207218e+00
7.500000000000000000e+00 -6.127126224403896870e+00
7.916666666666666963e+00 -6.414301395994291610e+00
8.333333333333333925e+00 -6.693491767115121505e+00
8.750000000000000000e+00 -6.964408589982438613e+00
9.166666666666666075e+00 -7.226776624652184289e+00
9.583333333333333925e+00 -7.480334351796133596e+00
1.000000000000000000e+01 -7.724834034901782331e+00
1.041666666666666607e+01 -7.960041709680242938e+00
1.083333333333333393e+01 -8.185737267833165021e+00
1.125000000000000000e+01 -8.401714464016535544e+00
1.166666666666666607e+01 -8.607780849531975420e+00
1.208333333333333393e+01 -8.803757702085684755e+00
1.250000000000000000e+01 -8.989479953207766272e+00
1.291666666666666607e+01 -9.164796093431982982e+00
1.333333333333333393e+01 -9.329567991346749523e+00
1.375000000000000000e+01 -9.483670738050669513e+00
1.416666666666666607e+01 -9.626992488376314938e+00
1.458333333333333393e+01 -9.759434252751855610e+00
1.500000000000000000e+01 -9.880909511299609704e+00
1.541666666666666607e+01 -9.991343561432445952e+00
1.583333333333333393e+01 -1.009067265257207957e+01
1.625000000000000000e+01 -1.017884288385625524e+01
1.666666666666666785e+01 -1.025581038466359374e+01
1.708333333333333215e+01 -1.032154197133234774e+01
1.750000000000000000e+01 -1.037601620192387841e+01
1.791666666666666785e+01 -1.041922378183249442e+01
1.833333333333333215e+01 -1.045116754731122022e+01
1.875000000000000000e+01 -1.047186231759011044e+01
1.916666666666666785e+01 -1.048133474421708833e+01
1.958333333333333215e+01 -1.047962317238973640e+01
2.000000000000000000e+01 -1.046677750410016650e+01
2.041666666666666785e+01 -1.044285906193130309e+01
2.083333333333333215e+01 -1.040794044455109457e+01
2.125000000000000000e+01 -1.036210534894102508e+01
2.166666666666666785e+01 -1.030544834928233833e+01
2.208333333333333215e+01 -1.023807464425236979e+01
2.250000000000000000e+01 -1.016009979723637002e+01
2.291666666666666785e+01 -1.007164949202902982e+01
2.333333333333333215e+01 -9.972859351195102917e+00
2.375000000000000000e+01 -9.863874881068790401e+00
2.416666666666666785e+01 -9.744851400622174253e+00
2.458333333333333215e+01 -9.615953435535146809e+00
2.500000000000000000e+01 -9.477352533836214121e+00
2.541666666666666785e+01 -9.329225727139856872e+00
2.583333333333333215e+01 -9.171759116816378565e+00
2.625000000000000000e+01 -9.005148419266983950e+00
2.666666666666666785e+01 -8.829599082347007410e+00
2.708333333333333215e+01 -8.645326011458932314e+00
2.750000000000000000e+01 -8.452553381950670186e+00
2.791666666666666785e+01 -8.251514345424196151e+00
2.833333333333333215e+01 -8.042450268922829437e+00
2.875000000000000000e+01 -7.825608538471128917e+00
2.916666666666666785e+01 -7.601240523638583824e+00
2.958333333333333215e+01 -7.369600707381140481e+00
3.000000000000000000e+01 -7.130946137685272745e+00
3.041666666666666785e+01 -6.885536025500984536e+00
3.083333333333333215e+01 -6.633631390812857020e+00
3.125000000000000000e+01 -6.375495229294872779e+00
3.166666666666666785e+01 -6.111392442708248218e+00
3.208333333333333570e+01 -5.841589824286935517e+00
3.250000000000000000e+01 -5.566355982874491737e+00
3.291666666666666430e+01 -5.285961293568140817e+00
3.333333333333333570e+01 -5.000677872990344497e+00
3.375000000000000000e+01 -4.710779564959140409e+00
3.416666666666666430e+01 -4.416541934040724371e+00
3.458333333333333570e+01 -4.118242262060868519e+00
3.500000000000000000e+01 -3.816159545536200959e+00
3.541666666666666430e+01 -3.510574496079716056e+00
3.583333333333333570e+01 -3.201769544422645719e+00
3.625000000000000000e+01 -2.890028845149235526e+00
3.666666666666666430e+01 -2.575638282071857077e+00
3.708333333333333570e+01 -2.258885473905714480e+00
3.750000000000000000e+01 -1.940059780232347597e+00
3.791666666666666430e+01 -1.619452307738765251e+00
3.833333333333333570e+01 -1.297355916719679536e+00
3.875000000000000000e+01 -9.740652278286544563e-01
3.916666666666666430e+01 -6.498766290638174903e-01
3.958333333333333570e+01 -3.250882829725823542e-01
4.000000000000000000e+01 0.000000000000000000e+00
