0.000000000000000000e+00 0.000000000000000000e+00
4.166666666666666852e-01 -3.713110008714803345e-01
8.333333333333333703e-01 -7.421150806794712951e-01
1.250000000000000000e+00 -1.111914146242880985e+00
1.666666666666666741e+00 -1.480220904585626274e+00
2.083333333333333481e+00 -1.846559137155931341e+00
2.500000000000000000e+00 -2.210463745306834760e+00
2.916666666666666519e+00 -2.571480725020101943e+00
3.333333333333333481e+00 -2.929167178572046115e+00
3.750000000000000000e+00 -3.283091370488076421e+00
4.166666666666666963e+00 -3.632832796402762465e+00
4.583333333333333037e+00 -3.977982253041893568e+00
5.000000000000000000e+00 -4.318141909161022696e+00
5.416666666666666963e+00 -4.652925377170298304e+00
5.833333333333333037e+00 -4.981957786442893443e+00
6.250000000000000000e+00 -5.304875850646620705e+00
6.666666666666666963e+00 -5.621327902253088205e+00
7.083333333333333037e+00 -5.930973865091810460e+00
7.500000000000000000e+00 -6.233485140719134954e+00
7.916666666666666963e+00 -6.528544344720783599e+00
8.333333333333333925e+00 -6.815844860460948063e+00
8.750000000000000000e+00 -7.095090374422563961e+00
9.166666666666666075e+00 -7.365995539817637550e+00
9.583333333333333925e+00 -7.628286430499920279e+00
1.000000000000000000e+01 -7.881700775364808287e+00
1.041666666666666607e+01 -8.125988111854098861e+00
1.083333333333333393e+01 -8.360909913067299470e+00
1.125000000000000000e+01 -8.586239697573311958e+00
1.166666666666666607e+01 -8.801763116793363650e+00
1.208333333333333393e+01 -9.007278024763223812e+00
1.250000000000000000e+01 -9.202594534987742492e+00
1.291666666666666607e+01 -9.387535065388277644e+00
1.333333333333333393e+01 -9.561934371320722548e+00
1.375000000000000000e+01 -9.725639563870487336e+00
1.416666666666666607e+01 -9.878510113670627035e+00
1.458333333333333393e+01 -1.002041784575054884e+01
1.500000000000000000e+01 -1.015124692690427288e+01
1.541666666666666607e+01 -1.027089386752813560e+01
1.583333333333333393e+01 -1.037926755374686039e+01
1.625000000000000000e+01 -1.047628884179745157e+01
1.666666666666666785e+01 -1.056189083454192890e+01
1.708333333333333215e+01 -1.063601872124966441e+01
1.750000000000000000e+01 -1.069862961308578164e+01
1.791666666666666785e+01 -1.074969242561302885e+01
1.833333333333333215e+01 -1.078918780733715010e+01
1.875000000000000000e+01 -1.081710808877944885e+01
1.916666666666666785e+01 -1.083345723377418857e+01
1.958333333333333215e+01 -1.083825079368934396e+01
2.000000000000000000e+01 -1.083151586774924979e+01
2.041666666666666785e+01 -1.081329106408428586e+01
2.083333333333333215e+01 -1.078362644733073239e+01
2.125000000000000000e+01 -1.074258346421207300e+01
2.166666666666666785e+01 -1.069023484576840488e+01
2.208333333333333215e+01 -1.062666448880412240e+01
2.250000000000000000e+01 -1.055196732162722739e+01
2.291666666666666785e+01 -1.046624915802846978e+01
2.333333333333333215e+01 -1.036962653978533488e+01
2.375000000000000000e+01 -1.026222656396394939e+01
2.416666666666666785e+01 -1.014418669247906024e+01
2.458333333333333215e+01 -1.001565457173710350e+01
2.500000000000000000e+01 -9.876787986805684483e+00
2.541666666666666785e+01 -9.727754859220969053e+00
2.583333333333333215e+01 -9.568733282602529755e+00
2.625000000000000000e+01 -9.399911007121938056e+00
2.666666666666666785e+01 -9.221485201116687236e+00
2.708333333333333215e+01 -9.033662268130221662e+00
2.750000000000000000e+01 -8.836657682754836429e+00
2.791666666666666785e+01 -8.630695792360379315e+00
2.833333333333333215e+01 -8.416009582501677855e+00
2.875000000000000000e+01 -8.192840405601161891e+00
2.916666666666666785e+01 -7.961437663666437459e+00
2.958333333333333215e+01 -7.722058507059220922e+00
3.000000000000000000e+01 -7.474967867011736544e+00
3.041666666666666785e+01 -7.220438915419198800e+00
3.083333333333333215e+01 -6.958752597188772704e+00
3.125000000000000000e+01 -6.690196718597742453e+00
3.166666666666666785e+01 -6.415064860567055050e+00
3.208333333333333570e+01 -6.133652983158075500e+00
3.250000000000000000e+01 -5.846259069417308218e+00
3.291666666666666430e+01 -5.553182768141261327e+00
3.333333333333333570e+01 -5.254725396938702886e+00
3.375000000000000000e+01 -4.951189945857751518e+00
3.416666666666666430e+01 -4.642881081574382840e+00
3.458333333333333570e+01 -4.330105152056240136e+00
3.500000000000000000e+01 -4.013170191678312015e+00
3.541666666666666430e+01 -3.692385926770164861e+00
3.583333333333333570e+01 -3.368063781582090854e+00
3.625000000000000000e+01 -3.040516884655948271e+00
3.666666666666666430e+01 -2.710060075586134598e+00
3.708333333333333570e+01 -2.377009912155044091e+00
3.750000000000000000e+01 -2.041684677826675287e+00
3.791666666666666430e+01 -1.704404389581148704e+00
3.833333333333333570e+01 -1.365490806071735674e+00
3.875000000000000000e+01 -1.025267436085811390e+00
3.916666666666666430e+01 -6.840595472892582185e-01
3.958333333333333570e+01 -3.421941752337290255e-01
4.000000000000000000e+01 0.000000000000000000e+00
