0.000000000000000000e+00 0.000000000000000000e+00
4.166666666666666852e-01 -3.640298017843494605e-01
8.333333333333333703e-01 -7.275304666494274430e-01
1.250000000000000000e+00 -1.089983276285274805e+00
1.666666666666666741e+00 -1.450882216494284505e+00
2.083333333333333481e+00 -1.809734184503784427e+00
2.500000000000000000e+00 -2.166058970897243530e+00
2.916666666666666519e+00 -2.519389223552208623e+00
3.333333333333333481e+00 -2.869270460949739032e+00
3.750000000000000000e+00 -3.215261110615250217e+00
4.166666666666666963e+00 -3.556932553406586539e+00
4.583333333333333037e+00 -3.893869170593770246e+00
5.000000000000000000e+00 -4.225668381284147124e+00
5.416666666666666963e+00 -4.551940625218487746e+00
5.833333333333333037e+00 -4.872309276746679352e+00
6.250000000000000000e+00 -5.186410571144153714e+00
6.666666666666666963e+00 -5.493893636720305729e+00
7.083333333333333037e+00 -5.794420650103460524e+00
7.500000000000000000e+00 -6.087667026613527987e+00
7.916666666666666963e+00 -6.373321234592295603e+00
8.333333333333333925e+00 -6.651084219124459906e+00
8.750000000000000000e+00 -6.920668747188773118e+00
9.166666666666666075e+00 -7.181800006311307882e+00
9.583333333333333925e+00 -7.434216564081248535e+00
1.000000000000000000e+01 -7.677670850613995235e+00
1.041666666666666607e+01 -7.911929082767541033e+00
1.083333333333333393e+01 -8.136771097222737836e+00
1.125000000000000000e+01 -8.351990208583616848e+00
1.166666666666666607e+01 -8.557393085643839825e+00
1.208333333333333393e+01 -8.752799652496172200e+00
1.250000000000000000e+01 -8.938042975651057986e+00
1.291666666666666607e+01 -9.112969038963083079e+00
1.333333333333333393e+01 -9.277436373432676575e+00
1.375000000000000000e+01 -9.431315709811752157e+00
1.416666666666666607e+01 -9.574489727663994643e+00
1.458333333333333393e+01 -9.706853482275178635e+00
1.500000000000000000e+01 -9.828315322850981417e+00
1.541666666666666607e+01 -9.938796210778896523e+00
1.583333333333333393e+01 -1.003822833865772601e+01
1.625000000000000000e+01 -1.012655439478973740e+01
1.666666666666666785e+01 -1.020372773798094634e+01
1.708333333333333215e+01 -1.026971284539366636e+01
1.750000000000000000e+01 -1.032448586637172561e+01
1.791666666666666785e+01 -1.036803487214071318e+01
1.833333333333333215e+01 -1.040035989560012730e+01
1.875000000000000000e+01 -1.042147288835088936e+01
1.916666666666666785e+01 -1.043139765907235983e+01
1.958333333333333215e+01 -1.043016979881433315e+01
2.000000000000000000e+01 -1.041783658244988864e+01
2.041666666666666785e+01 -1.039445685803111985e+01
2.083333333333333215e+01 -1.036010093848505775e+01
2.125000000000000000e+01 -1.031485047276164124e+01
2.166666666666666785e+01 -1.025879826793437211e+01
2.208333333333333215e+01 -1.019204806289905996e+01
2.250000000000000000e+01 -1.011471432361754097e+01
2.291666666666666785e+01 -1.002692205924449453e+01
2.333333333333333215e+01 -9.928806573480223108e+00
2.375000000000000000e+01 -9.820513195346295632e+00
2.416666666666666785e+01 -9.702196921934650220e+00
2.458333333333333215e+01 -9.574021925629226715e+00
2.500000000000000000e+01 -9.436159982179098904e+00
2.541666666666666785e+01 -9.288790730699265197e+00
2.583333333333333215e+01 -9.132102661558581858e+00
2.625000000000000000e+01 -8.966293328706232302e+00
2.666666666666666785e+01 -8.791569333557712085e+00
2.708333333333333215e+01 -8.608146203694808207e+00
2.750000000000000000e+01 -8.416248375019961259e+00
2.791666666666666785e+01 -8.216109116341844043e+00
2.833333333333333215e+01 -8.007969990467131538e+00
2.875000000000000000e+01 -7.792079400596798600e+00
2.916666666666666785e+01 -7.568689631388147099e+00
2.958333333333333215e+01 -7.338055482172904043e+00
3.000000000000000000e+01 -7.100433816618187954e+00
3.041666666666666785e+01 -6.856083360633823176e+00
3.083333333333333215e+01 -6.605264572534890632e+00
3.125000000000000000e+01 -6.348239704642527848e+00
3.166666666666666785e+01 -6.085272778461864540e+00
3.208333333333333570e+01 -5.816629580200782357e+00
3.250000000000000000e+01 -5.542577634053840185e+00
3.291666666666666430e+01 -5.263386185456298882e+00
3.333333333333333570e+01 -4.979326193623452745e+00
3.375000000000000000e+01 -4.690670328143013990e+00
3.416666666666666430e+01 -4.397692968687634263e+00
3.458333333333333570e+01 -4.100670206035834653e+00
3.500000000000000000e+01 -3.799879843647129274e+00
3.541666666666666430e+01 -3.495601400541436643e+00
3.583333333333333570e+01 -3.188116115712503973e+00
3.625000000000000000e+01 -2.877706953003738466e+00
3.666666666666666430e+01 -2.564658606412480779e+00
3.708333333333333570e+01 -2.249257505690975378e+00
3.750000000000000000e+01 -1.931791822233045242e+00
3.791666666666666430e+01 -1.612551475233769072e+00
3.833333333333333570e+01 -1.291828138109710977e+00
3.875000000000000000e+01 -9.699152451657298002e-01
3.916666666666666430e+01 -6.471079984941776608e-01
3.958333333333333570e+01 -3.237033750912647334e-01
4.000000000000000000e+01 0.000000000000000000e+00
