0.000000000000000000e+00 0.000000000000000000e+00
4.166666666666666852e-01 -3.803353517589355692e-01
8.333333333333333703e-01 -7.601271108569775947e-01
1.250000000000000000e+00 -1.138842922436666294e+00
1.666666666666666741e+00 -1.515962833017917788e+00
2.083333333333333481e+00 -1.890978844858414165e+00
2.500000000000000000e+00 -2.263395135456144125e+00
2.916666666666666519e+00 -2.632728425881849521e+00
3.333333333333333481e+00 -2.998508212943741036e+00
3.750000000000000000e+00 -3.360276884993714575e+00
4.166666666666666963e+00 -3.717589801004733019e+00
4.583333333333333037e+00 -4.070015353239963218e+00
5.000000000000000000e+00 -4.417135005947851134e+00
5.416666666666666963e+00 -4.758543296803387612e+00
5.833333333333333037e+00 -5.093847834538716590e+00
6.250000000000000000e+00 -5.422669425611803540e+00
6.666666666666666963e+00 -5.744642510771921451e+00
7.083333333333333037e+00 -6.059415858331778537e+00
7.500000000000000000e+00 -6.366652828457140423e+00
7.916666666666666963e+00 -6.666029124021924268e+00
8.333333333333333925e+00 -6.957233603695128110e+00
8.750000000000000000e+00 -7.239968563026772053e+00
9.166666666666666075e+00 -7.513949709958747114e+00
9.583333333333333925e+00 -7.778906099606834879e+00
1.000000000000000000e+01 -8.034580081392734385e+00
1.041666666666666607e+01 -8.280727279370138305e+00
1.083333333333333393e+01 -8.517116588243313302e+00
1.125000000000000000e+01 -8.743530190087758669e+00
1.166666666666666607e+01 -8.959763592120015829e+00
1.208333333333333393e+01 -9.165625682486737702e+00
1.250000000000000000e+01 -9.360938801063189985e+00
1.291666666666666607e+01 -9.545538802428749747e+00
1.333333333333333393e+01 -9.719275102865202243e+00
1.375000000000000000e+01 -9.882010714183717681e+00
1.416666666666666607e+01 -1.003362229946799111e+01
1.458333333333333393e+01 -1.017400034348913707e+01
1.500000000000000000e+01 -1.030304938008086779e+01
1.541666666666666607e+01 -1.042068817564116578e+01
1.583333333333333393e+01 -1.052684958401226112e+01
1.625000000000000000e+01 -1.062147928728628798e+01
1.666666666666666785e+01 -1.070453242024394136e+01
1.708333333333333215e+01 -1.077597040601841272e+01
1.750000000000000000e+01 -1.083576475977115905e+01
1.791666666666666785e+01 -1.088389891510017016e+01
1.833333333333333215e+01 -1.092036861210483600e+01
1.875000000000000000e+01 -1.094518168921902657e+01
1.916666666666666785e+01 -1.095835777807195122e+01
1.958333333333333215e+01 -1.095992803557521889e+01
2.000000000000000000e+01 -1.094993494413733970e+01
2.041666666666666785e+01 -1.092843216935786366e+01
2.083333333333333215e+01 -1.089548444253806458e+01
2.125000000000000000e+01 -1.085116743023644403e+01
2.166666666666666785e+01 -1.079556756292831565e+01
2.208333333333333215e+01 -1.072878181437273248e+01
2.250000000000000000e+01 -1.065091741558081395e+01
2.291666666666666785e+01 -1.056209148245228313e+01
2.333333333333333215e+01 -1.046243059813467724e+01
2.375000000000000000e+01 -1.035207049188113793e+01
2.416666666666666785e+01 -1.023115592795252482e+01
2.458333333333333215e+01 -1.009984057078100861e+01
2.500000000000000000e+01 -9.958285900353379461e+00
2.541666666666666785e+01 -9.806658381030283422e+00
2.583333333333333215e+01 -9.645128937427458027e+00
2.625000000000000000e+01 -9.473876846534464491e+00
2.666666666666666785e+01 -9.293090758029926235e+00
2.708333333333333215e+01 -9.102968839578732485e+00
2.750000000000000000e+01 -8.903718373722773194e+00
2.791666666666666785e+01 -8.695555388529102814e+00
2.833333333333333215e+01 -8.478704466673427476e+00
2.875000000000000000e+01 -8.253398791680577773e+00
2.916666666666666785e+01 -8.019880552808634988e+00
2.958333333333333215e+01 -7.778401649115381566e+00
3.000000000000000000e+01 -7.529223793172432622e+00
3.041666666666666785e+01 -7.272615915474667680e+00
3.083333333333333215e+01 -7.008850365954613082e+00
3.125000000000000000e+01 -6.738206890380548764e+00
3.166666666666666785e+01 -6.460971284890844046e+00
3.208333333333333570e+01 -6.177435091689120306e+00
3.250000000000000000e+01 -5.887894031918065707e+00
3.291666666666666430e+01 -5.592646970213565716e+00
3.333333333333333570e+01 -5.291995367138076389e+00
3.375000000000000000e+01 -4.986242932682498186e+00
3.416666666666666430e+01 -4.675695432772768889e+00
3.458333333333333570e+01 -4.360660548693553018e+00
3.500000000000000000e+01 -4.041447748404002560e+00
3.541666666666666430e+01 -3.718368211329158068e+00
3.583333333333333570e+01 -3.391734820117580540e+00
3.625000000000000000e+01 -3.061862160320753645e+00
3.666666666666666430e+01 -2.729066527248819263e+00
3.708333333333333570e+01 -2.393665933205139762e+00
3.750000000000000000e+01 -2.055980115083019477e+00
3.791666666666666430e+01 -1.716330542306834017e+00
3.833333333333333570e+01 -1.375040425099732566e+00
3.875000000000000000e+01 -1.032434723057775283e+00
3.916666666666666430e+01 -6.888401540110992149e-01
3.958333333333333570e+01 -3.445852031504140212e-01
4.000000000000000000e+01 0.000000000000000000e+00
