0.000000000000000000e+00 0.000000000000000000e+00
4.166666666666666852e-01 -3.821909539881749862e-01
8.333333333333333703e-01 -7.638364200998005726e-01
1.250000000000000000e+00 -1.144402155544679944e+00
1.666666666666666741e+00 -1.523366594190716850e+00
2.083333333333333481e+00 -1.900220495694541656e+00
2.500000000000000000e+00 -2.274467053235386338e+00
2.916666666666666519e+00 -2.645622139425567010e+00
3.333333333333333481e+00 -3.013214474205582860e+00
3.750000000000000000e+00 -3.376785705356214251e+00
4.166666666666666963e+00 -3.735890462057348760e+00
4.583333333333333037e+00 -4.090096399402108673e+00
5.000000000000000000e+00 -4.438984232286620646e+00
5.416666666666666963e+00 -4.782147753861797135e+00
5.833333333333333037e+00 -5.119193833200662347e+00
6.250000000000000000e+00 -5.449742432684359983e+00
6.666666666666666963e+00 -5.773426795571476866e+00
7.083333333333333037e+00 -6.089893919156981639e+00
7.500000000000000000e+00 -6.398804957459878651e+00
7.916666666666666963e+00 -6.699834179527909939e+00
8.333333333333333925e+00 -6.992668749137595618e+00
8.750000000000000000e+00 -7.277008837779427530e+00
9.166666666666666075e+00 -7.552567707718672807e+00
9.583333333333333925e+00 -7.819071787099765025e+00
1.000000000000000000e+01 -8.076260732251943963e+00
1.041666666666666607e+01 -8.323887464088915777e+00
1.083333333333333393e+01 -8.561718194102288848e+00
1.125000000000000000e+01 -8.789532456885183365e+00
1.166666666666666607e+01 -9.007123140600716837e+00
1.208333333333333393e+01 -9.214296494468310783e+00
1.250000000000000000e+01 -9.410872107129623743e+00
1.291666666666666607e+01 -9.596682863982232803e+00
1.333333333333333393e+01 -9.771574901549502812e+00
1.375000000000000000e+01 -9.935407582959564721e+00
1.416666666666666607e+01 -1.008805352331633109e+01
1.458333333333333393e+01 -1.022939870285154207e+01
1.500000000000000000e+01 -1.035934268085857290e+01
1.541666666666666607e+01 -1.047779879236895262e+01
1.583333333333333393e+01 -1.058469392444280466e+01
1.625000000000000000e+01 -1.067996744873867598e+01
1.666666666666666785e+01 -1.076356953184074072e+01
1.708333333333333215e+01 -1.083545941609517094e+01
1.750000000000000000e+01 -1.089560775088741096e+01
1.791666666666666785e+01 -1.094399767499118070e+01
1.833333333333333215e+01 -1.098062491888303605e+01
1.875000000000000000e+01 -1.100549753281609888e+01
1.916666666666666785e+01 -1.101863559169106566e+01
1.958333333333333215e+01 -1.102007094772763729e+01
2.000000000000000000e+01 -1.100984701828960333e+01
2.041666666666666785e+01 -1.098801857955685080e+01
2.083333333333333215e+01 -1.095465155499229049e+01
2.125000000000000000e+01 -1.090982281035964796e+01
2.166666666666666785e+01 -1.085361996776913429e+01
2.208333333333333215e+01 -1.078614122834887290e+01
2.250000000000000000e+01 -1.070749518705593140e+01
2.291666666666666785e+01 -1.061780064260317147e+01
2.333333333333333215e+01 -1.051718641092567985e+01
2.375000000000000000e+01 -1.040579113691707036e+01
2.416666666666666785e+01 -1.028376309257541443e+01
2.458333333333333215e+01 -1.015125979164961834e+01
2.500000000000000000e+01 -1.000844663697028913e+01
2.541666666666666785e+01 -9.855494128373697649e+00
2.583333333333333215e+01 -9.692578230736641487e+00
2.625000000000000000e+01 -9.519884014494630620e+00
2.666666666666666785e+01 -9.337606056262268694e+00
2.708333333333333215e+01 -9.145948493070521934e+00
2.750000000000000000e+01 -8.945124713727059529e+00
2.791666666666666785e+01 -8.735357141855390140e+00
2.833333333333333215e+01 -8.516877337642583257e+00
2.875000000000000000e+01 -8.289926431390428618e+00
2.916666666666666785e+01 -8.054755564085404274e+00
2.958333333333333215e+01 -7.811625837967406838e+00
3.000000000000000000e+01 -7.560807075030909097e+00
3.041666666666666785e+01 -7.302574942166067729e+00
3.083333333333333215e+01 -7.037207866926052269e+00
3.125000000000000000e+01 -6.764990788924294840e+00
3.166666666666666785e+01 -6.486213526478576519e+00
3.208333333333333570e+01 -6.201169529059028740e+00
3.250000000000000000e+01 -5.910155234055909368e+00
3.291666666666666430e+01 -5.613469428139476136e+00
3.333333333333333570e+01 -5.311412775771723993e+00
3.375000000000000000e+01 -5.004287664737282704e+00
3.416666666666666430e+01 -4.692398165226393303e+00
3.458333333333333570e+01 -4.376050027868258141e+00
3.500000000000000000e+01 -4.055550688893144518e+00
3.541666666666666430e+01 -3.731209275724469254e+00
3.583333333333333570e+01 -3.403336612989225518e+00
3.625000000000000000e+01 -3.072245228931850036e+00
3.666666666666666430e+01 -2.738249362217478389e+00
3.708333333333333570e+01 -2.401664969109310377e+00
3.750000000000000000e+01 -2.062809731003224289e+00
3.791666666666666430e+01 -1.722003062303284926e+00
3.833333333333333570e+01 -1.379566118619393711e+00
3.875000000000000000e+01 -1.035821805268589246e+00
3.916666666666666430e+01 -6.910947860601961423e-01
3.958333333333333570e+01 -3.457114923437606957e-01
4.000000000000000000e+01 0.000000000000000000e+00
