0.000000000000000000e+00 4.266318756607212492e-10
4.166666666666666852e-01 1.503886032715266197e+02
8.333333333333333703e-01 2.962639411266350749e+02
1.250000000000000000e+00 4.378351111194299961e+02
1.666666666666666741e+00 5.751117089617531519e+02
2.083333333333333481e+00 7.080565567878082902e+02
2.500000000000000000e+00 8.366780895966262506e+02
2.916666666666666519e+00 9.610118001660964637e+02
3.333333333333333481e+00 1.081101446944530153e+03
3.750000000000000000e+00 1.196971314809659589e+03
4.166666666666666963e+00 1.308675750541855678e+03
4.583333333333333037e+00 1.416346411390087269e+03
5.000000000000000000e+00 1.520090989311457633e+03
5.416666666666666963e+00 1.619816158639987407e+03
5.833333333333333037e+00 1.714988881096564683e+03
6.250000000000000000e+00 1.804606188145689885e+03
6.666666666666666963e+00 1.889309638281252091e+03
7.083333333333333037e+00 1.969701955978550586e+03
7.500000000000000000e+00 2.046096597246005786e+03
7.916666666666666963e+00 2.118193873090177476e+03
8.333333333333333925e+00 2.186071930264184175e+03
8.750000000000000000e+00 2.249807744592931613e+03
9.166666666666666075e+00 2.309491417986160286e+03
9.583333333333333925e+00 2.365150476926383817e+03
1.000000000000000000e+01 2.416837726562384432e+03
1.041666666666666607e+01 2.464665543715894728e+03
1.083333333333333393e+01 2.508817931449148546e+03
1.125000000000000000e+01 2.549557217371574552e+03
1.166666666666666607e+01 2.587112005994526044e+03
1.208333333333333393e+01 2.621598090563462392e+03
1.250000000000000000e+01 2.653160983627312817e+03
1.291666666666666607e+01 2.681895956771911642e+03
1.333333333333333393e+01 2.707537964762749652e+03
1.375000000000000000e+01 2.729930870135114219e+03
1.416666666666666607e+01 2.748754502170469095e+03
1.458333333333333393e+01 2.764094222090884614e+03
1.500000000000000000e+01 2.775807306838499244e+03
1.541666666666666607e+01 2.784024440766347197e+03
1.583333333333333393e+01 2.788764533953776663e+03
1.625000000000000000e+01 2.790256737116216300e+03
1.666666666666666785e+01 2.789007721509578460e+03
1.708333333333333215e+01 2.787196255599743836e+03
1.750000000000000000e+01 2.784888461017322697e+03
1.791666666666666785e+01 2.779704228483857150e+03
1.833333333333333215e+01 2.771539700736668692e+03
1.875000000000000000e+01 2.760587496061510137e+03
1.916666666666666785e+01 2.747025282794329542e+03
1.958333333333333215e+01 2.730982237782992797e+03
2.000000000000000000e+01 2.712558438643206046e+03
2.041666666666666785e+01 2.691841745713652926e+03
2.083333333333333215e+01 2.668903158402489680e+03
2.125000000000000000e+01 2.643791832816798433e+03
2.166666666666666785e+01 2.616516476839252846e+03
2.208333333333333215e+01 2.587002403636010058e+03
2.250000000000000000e+01 2.555038683989081619e+03
2.291666666666666785e+01 2.520236362396116874e+03
2.333333333333333215e+01 2.482064265554688518e+03
2.375000000000000000e+01 2.440165922055944520e+03
2.416666666666666785e+01 2.394513575772743025e+03
2.458333333333333215e+01 2.348387675890406172e+03
2.500000000000000000e+01 2.301894578278731387e+03
2.541666666666666785e+01 2.255034462966409137e+03
2.583333333333333215e+01 2.205028103370161716e+03
2.625000000000000000e+01 2.151780226672187837e+03
2.666666666666666785e+01 2.095770054888319464e+03
2.708333333333333215e+01 2.037488578558106838e+03
2.750000000000000000e+01 1.977448172985374867e+03
2.791666666666666785e+01 1.916906653424423212e+03
2.833333333333333215e+01 1.855998276548406238e+03
2.875000000000000000e+01 1.794723703628001203e+03
2.916666666666666785e+01 1.733083560363593733e+03
2.958333333333333215e+01 1.671078313701857041e+03
3.000000000000000000e+01 1.608708151849269143e+03
3.041666666666666785e+01 1.545972974168805422e+03
3.083333333333333215e+01 1.482872716693425900e+03
3.125000000000000000e+01 1.419407500331307119e+03
3.166666666666666785e+01 1.355576784701567021e+03
3.208333333333333570e+01 1.291379594622584364e+03
3.250000000000000000e+01 1.226814516865565565e+03
3.291666666666666430e+01 1.161879847593585737e+03
3.333333333333333570e+01 1.096573832309481077e+03
3.375000000000000000e+01 1.030894898527158830e+03
3.416666666666666430e+01 9.648417668687882269e+02
3.458333333333333570e+01 8.984126829267891026e+02
3.500000000000000000e+01 8.316066538147570100e+02
3.541666666666666430e+01 7.644223379361303614e+02
3.583333333333333570e+01 6.968577484364791417e+02
3.625000000000000000e+01 6.289101168449974466e+02
3.666666666666666430e+01 5.605760905778442975e+02
3.708333333333333570e+01 4.918520311617307925e+02
3.750000000000000000e+01 4.227343004010493246e+02
3.791666666666666430e+01 3.532195120820586567e+02
3.833333333333333570e+01 2.833045879132149594e+02
3.875000000000000000e+01 2.129863775813909399e+02
3.916666666666666430e+01 1.422622070970498385e+02
3.958333333333333570e+01 7.112907195007119299e+01
4.000000000000000000e+01 -3.570097807659156075e-09
