0.000000000000000000e+00 -4.485578228297093517e-10
4.166666666666666852e-01 1.162969835106176362e+02
8.333333333333333703e-01 2.295099645830425459e+02
1.250000000000000000e+00 3.397458341726799631e+02
1.666666666666666741e+00 4.471077139481201925e+02
2.083333333333333481e+00 5.517470088022132586e+02
2.500000000000000000e+00 6.538122396281223700e+02
2.916666666666666519e+00 7.533830430449602318e+02
3.333333333333333481e+00 8.504946990818800714e+02
3.750000000000000000e+00 9.451661323840254454e+02
4.166666666666666963e+00 1.037406663517968809e+03
4.583333333333333037e+00 1.127220062768559728e+03
5.000000000000000000e+00 1.214608031289619930e+03
5.416666666666666963e+00 1.299556443916128728e+03
5.833333333333333037e+00 1.382035059591508116e+03
6.250000000000000000e+00 1.462017532573426706e+03
6.666666666666666963e+00 1.539490971659963861e+03
7.083333333333333037e+00 1.614420154981895848e+03
7.500000000000000000e+00 1.686730230086503980e+03
7.916666666666666963e+00 1.756383258000877504e+03
8.333333333333333925e+00 1.823533863625065806e+03
8.750000000000000000e+00 1.888546852254697114e+03
9.166666666666666075e+00 1.951100263475619386e+03
9.583333333333333925e+00 2.010822372090982299e+03
1.000000000000000000e+01 2.067671762963509991e+03
1.041666666666666607e+01 2.121739327578799475e+03
1.083333333333333393e+01 2.173114394088610879e+03
1.125000000000000000e+01 2.221855969406214626e+03
1.166666666666666607e+01 2.267989843963117892e+03
1.208333333333333393e+01 2.311496275881769179e+03
1.250000000000000000e+01 2.352277940400111675e+03
1.291666666666666607e+01 2.390131173807552841e+03
1.333333333333333393e+01 2.424772962343055497e+03
1.375000000000000000e+01 2.456163583344719882e+03
1.416666666666666607e+01 2.484583782766224431e+03
1.458333333333333393e+01 2.512572410364231473e+03
1.500000000000000000e+01 2.537682130667220008e+03
1.541666666666666607e+01 2.559786349926951516e+03
1.583333333333333393e+01 2.579101964227860208e+03
1.625000000000000000e+01 2.595834968195913461e+03
1.666666666666666785e+01 2.610118175616737972e+03
1.708333333333333215e+01 2.622025236610777938e+03
1.750000000000000000e+01 2.631593631693232965e+03
1.791666666666666785e+01 2.638838237320667758e+03
1.833333333333333215e+01 2.643761113552680854e+03
1.875000000000000000e+01 2.646359434860051806e+03
1.916666666666666785e+01 2.646632938900634144e+03
1.958333333333333215e+01 2.644584307921450090e+03
2.000000000000000000e+01 2.640205876561284185e+03
2.041666666666666785e+01 2.633468531918771532e+03
2.083333333333333215e+01 2.624336214336219655e+03
2.125000000000000000e+01 2.612788770580944401e+03
2.166666666666666785e+01 2.598830046740587022e+03
2.208333333333333215e+01 2.582470956110993939e+03
2.250000000000000000e+01 2.563697928680910991e+03
2.291666666666666785e+01 2.542433184464573060e+03
2.333333333333333215e+01 2.518511277045639872e+03
2.375000000000000000e+01 2.491715953344232730e+03
2.416666666666666785e+01 2.462043740512024215e+03
2.458333333333333215e+01 2.429692810756251674e+03
2.500000000000000000e+01 2.396863996246988791e+03
2.541666666666666785e+01 2.361494235014295555e+03
2.583333333333333215e+01 2.323350617208476706e+03
2.625000000000000000e+01 2.282598615662916018e+03
2.666666666666666785e+01 2.239419761433968688e+03
2.708333333333333215e+01 2.193971194943886530e+03
2.750000000000000000e+01 2.146372575080445586e+03
2.791666666666666785e+01 2.096719180586822404e+03
2.833333333333333215e+01 2.045118274347648821e+03
2.875000000000000000e+01 1.991702279805405851e+03
2.916666666666666785e+01 1.936584823386763446e+03
2.958333333333333215e+01 1.879659156905149530e+03
3.000000000000000000e+01 1.820207002251734593e+03
3.041666666666666785e+01 1.758415885519641961e+03
3.083333333333333215e+01 1.694833339113718012e+03
3.125000000000000000e+01 1.629523900388857555e+03
3.166666666666666785e+01 1.562363801212317185e+03
3.208333333333333570e+01 1.493238195380458137e+03
3.250000000000000000e+01 1.422149229205301026e+03
3.291666666666666430e+01 1.349156187162397828e+03
3.333333333333333570e+01 1.274376106221636064e+03
3.375000000000000000e+01 1.197911516923923045e+03
3.416666666666666430e+01 1.120904354123852045e+03
3.458333333333333570e+01 1.043487766321204163e+03
3.500000000000000000e+01 9.656610846557109653e+02
3.541666666666666430e+01 8.874236832789438267e+02
3.583333333333333570e+01 8.087750498725986290e+02
3.625000000000000000e+01 7.297148075594818692e+02
3.666666666666666430e+01 6.502426543162920325e+02
3.708333333333333570e+01 5.703583061706814306e+02
3.750000000000000000e+01 4.900614240154503136e+02
3.791666666666666430e+01 4.093515447293634111e+02
3.833333333333333570e+01 3.282280384205702148e+02
3.875000000000000000e+01 2.466901511761741119e+02
3.916666666666666430e+01 1.647371553228595076e+02
3.958333333333333570e+01 8.236845487400307775e+01
4.000000000000000000e+01 4.280594628758294107e-11
