0.000000000000000000e+00 -2.597868013147486277e-06
4.166666666666666852e-01 6.041797475757395830e+01
8.333333333333333703e-01 1.173551346474662864e+02
1.250000000000000000e+00 1.708437971234309884e+02
1.666666666666666741e+00 2.210081907158088086e+02
2.083333333333333481e+00 2.679806162939885326e+02
2.500000000000000000e+00 3.118713567349945492e+02
2.916666666666666519e+00 3.527750196402851657e+02
3.333333333333333481e+00 3.907627475336132079e+02
3.750000000000000000e+00 4.258676340102817335e+02
4.166666666666666963e+00 4.581400362415197378e+02
4.583333333333333037e+00 4.879988107549455663e+02
5.000000000000000000e+00 5.164230128384652971e+02
5.416666666666666963e+00 5.438954415234305770e+02
5.833333333333333037e+00 5.695725637493076192e+02
6.250000000000000000e+00 5.934917447523691862e+02
6.666666666666666963e+00 6.157470230272252820e+02
7.083333333333333037e+00 6.364104960002829330e+02
7.500000000000000000e+00 6.555587367669386367e+02
7.916666666666666963e+00 6.732713160860228072e+02
8.333333333333333925e+00 6.896278457102411039e+02
8.750000000000000000e+00 7.047058325485126034e+02
9.166666666666666075e+00 7.185797454921531653e+02
9.583333333333333925e+00 7.313210139483758212e+02
1.000000000000000000e+01 7.429981485510760422e+02
1.041666666666666607e+01 7.536767659754776787e+02
1.083333333333333393e+01 7.634195817055547195e+02
1.125000000000000000e+01 7.722863982483580685e+02
1.166666666666666607e+01 7.803341065227052695e+02
1.208333333333333393e+01 7.876166871181670786e+02
1.250000000000000000e+01 7.941851846631722083e+02
1.291666666666666607e+01 8.000876663723438469e+02
1.333333333333333393e+01 8.053692204990245500e+02
1.375000000000000000e+01 8.100720858972133556e+02
1.416666666666666607e+01 8.142366522335619266e+02
1.458333333333333393e+01 8.179043222992423807e+02
1.500000000000000000e+01 8.211278116816264401e+02
1.541666666666666607e+01 8.239984330178734808e+02
1.583333333333333393e+01 8.265432564598003182e+02
1.625000000000000000e+01 8.287490607313333157e+02
1.666666666666666785e+01 8.306204260542334623e+02
1.708333333333333215e+01 8.321703818682644851e+02
1.750000000000000000e+01 8.334112487171609018e+02
1.791666666666666785e+01 8.343540008138479607e+02
1.833333333333333215e+01 8.350077347423326728e+02
1.875000000000000000e+01 8.353796187839762979e+02
1.916666666666666785e+01 8.354748993161937278e+02
1.958333333333333215e+01 8.352969094364818829e+02
2.000000000000000000e+01 8.348470674446086832e+02
2.041666666666666785e+01 8.341248706527538843e+02
2.083333333333333215e+01 8.331278954526928828e+02
2.125000000000000000e+01 8.318518083483671717e+02
2.166666666666666785e+01 8.302903818146598951e+02
2.208333333333333215e+01 8.284354966560342746e+02
2.250000000000000000e+01 8.262770987824540043e+02
2.291666666666666785e+01 8.238030708004713460e+02
2.333333333333333215e+01 8.209990899952709924e+02
2.375000000000000000e+01 8.178492131496368529e+02
2.416666666666666785e+01 8.143404088334438029e+02
2.458333333333333215e+01 8.104810674011428091e+02
2.500000000000000000e+01 8.063515211320124081e+02
2.541666666666666785e+01 8.018365761507792513e+02
2.583333333333333215e+01 7.968409559963863558e+02
2.625000000000000000e+01 7.913586804627419724e+02
2.666666666666666785e+01 7.853667133185522289e+02
2.708333333333333215e+01 7.788279685597287880e+02
2.750000000000000000e+01 7.716999728341709215e+02
2.791666666666666785e+01 7.639364787720941194e+02
2.833333333333333215e+01 7.554880019934931852e+02
2.875000000000000000e+01 7.463018879240586330e+02
2.916666666666666785e+01 7.363223571685759907e+02
2.958333333333333215e+01 7.254913448482716376e+02
3.000000000000000000e+01 7.137499384129789632e+02
3.041666666666666785e+01 7.010388775281907101e+02
3.083333333333333215e+01 6.872977208878613737e+02
3.125000000000000000e+01 6.724641064635605971e+02
3.166666666666666785e+01 6.564738701313186766e+02
3.208333333333333570e+01 6.392614750275973847e+02
3.250000000000000000e+01 6.207603229051279641e+02
3.291666666666666430e+01 6.009025442518618547e+02
3.333333333333333570e+01 5.796180935781442258e+02
3.375000000000000000e+01 5.568345933011880788e+02
3.416666666666666430e+01 5.324887884504772728e+02
3.458333333333333570e+01 5.065852810998964060e+02
3.500000000000000000e+01 4.793428575374763341e+02
3.541666666666666430e+01 4.505930410532379824e+02
3.583333333333333570e+01 4.200805390181897110e+02
3.625000000000000000e+01 3.876833633480072194e+02
3.666666666666666430e+01 3.533378598420227377e+02
3.708333333333333570e+01 3.169601286228128743e+02
3.750000000000000000e+01 2.784698484174877535e+02
3.791666666666666430e+01 2.377941986210284995e+02
3.833333333333333570e+01 1.948691471496997565e+02
3.875000000000000000e+01 1.496405385565465167e+02
3.916666666666666430e+01 1.020670384148677954e+02
3.958333333333333570e+01 5.214360920028734370e+01
4.000000000000000000e+01 -2.622198207895276578e-06
