0.000000000000000000e+00 9.635660325191253150e-12
4.166666666666666852e-01 1.234332403401018041e+02
8.333333333333333703e-01 2.437099851694405288e+02
1.250000000000000000e+00 3.610254597998176109e+02
1.666666666666666741e+00 4.754367599893531064e+02
2.083333333333333481e+00 5.868932002579274467e+02
2.500000000000000000e+00 6.953227677586166919e+02
2.916666666666666519e+00 8.006872090218221274e+02
3.333333333333333481e+00 9.029751725247699596e+02
3.750000000000000000e+00 1.002190858118853043e+03
4.166666666666666963e+00 1.098355648896493221e+03
4.583333333333333037e+00 1.191516368635041317e+03
5.000000000000000000e+00 1.281761841004820553e+03
5.416666666666666963e+00 1.369240071914162627e+03
5.833333333333333037e+00 1.454162777163926876e+03
6.250000000000000000e+00 1.536783819187091240e+03
6.666666666666666963e+00 1.617373676859551551e+03
7.083333333333333037e+00 1.696267835376735547e+03
7.500000000000000000e+00 1.774744974229634636e+03
7.916666666666666963e+00 1.851884856500645355e+03
8.333333333333333925e+00 1.927173395369575928e+03
8.750000000000000000e+00 2.000114542130539348e+03
9.166666666666666075e+00 2.070345406912423641e+03
9.583333333333333925e+00 2.137615846644976955e+03
1.000000000000000000e+01 2.201756845695875199e+03
1.041666666666666607e+01 2.262651964911442519e+03
1.083333333333333393e+01 2.320216743833524561e+03
1.125000000000000000e+01 2.374396538400037571e+03
1.166666666666666607e+01 2.425163980824779173e+03
1.208333333333333393e+01 2.472511151093672652e+03
1.250000000000000000e+01 2.516442600798728108e+03
1.291666666666666607e+01 2.556965417825445002e+03
1.333333333333333393e+01 2.594081209949070399e+03
1.375000000000000000e+01 2.627772711331930623e+03
1.416666666666666607e+01 2.657984688498590913e+03
1.458333333333333393e+01 2.684614471253114516e+03
1.500000000000000000e+01 2.707536395152700607e+03
1.541666666666666607e+01 2.726795165876415012e+03
1.583333333333333393e+01 2.742551111305304858e+03
1.625000000000000000e+01 2.754854690823452074e+03
1.666666666666666785e+01 2.764504193166489131e+03
1.708333333333333215e+01 2.771394975373860689e+03
1.750000000000000000e+01 2.775045156718675571e+03
1.791666666666666785e+01 2.775434278074449139e+03
1.833333333333333215e+01 2.772663608944104908e+03
1.875000000000000000e+01 2.766840714474763445e+03
1.916666666666666785e+01 2.758053977806876901e+03
1.958333333333333215e+01 2.746373651570167112e+03
2.000000000000000000e+01 2.731859853713593111e+03
2.041666666666666785e+01 2.714572366931773104e+03
2.083333333333333215e+01 2.694579112041232293e+03
2.125000000000000000e+01 2.671959044985032961e+03
2.166666666666666785e+01 2.646797378384296280e+03
2.208333333333333215e+01 2.619168286886264923e+03
2.250000000000000000e+01 2.589123491514907073e+03
2.291666666666666785e+01 2.556697369471916772e+03
2.333333333333333215e+01 2.521924485717825519e+03
2.375000000000000000e+01 2.484849324475478170e+03
2.416666666666666785e+01 2.445530968092033163e+03
2.458333333333333215e+01 2.404152772740399087e+03
2.500000000000000000e+01 2.361105720125700373e+03
2.541666666666666785e+01 2.317590065063995553e+03
2.583333333333333215e+01 2.271945797066894556e+03
2.625000000000000000e+01 2.223989259932479399e+03
2.666666666666666785e+01 2.173805388544781636e+03
2.708333333333333215e+01 2.121499183407334385e+03
2.750000000000000000e+01 2.067126249610178093e+03
2.791666666666666785e+01 2.010640574628759623e+03
2.833333333333333215e+01 1.952063800659246454e+03
2.875000000000000000e+01 1.891420858414302984e+03
2.916666666666666785e+01 1.828822803658255225e+03
2.958333333333333215e+01 1.764491636465579177e+03
3.000000000000000000e+01 1.698749513993681830e+03
3.041666666666666785e+01 1.632536429645296721e+03
3.083333333333333215e+01 1.565929429443704294e+03
3.125000000000000000e+01 1.498927749911372530e+03
3.166666666666666785e+01 1.431531109254160128e+03
3.208333333333333570e+01 1.363739336150252939e+03
3.250000000000000000e+01 1.295552005617491204e+03
3.291666666666666430e+01 1.226968535742052609e+03
3.333333333333333570e+01 1.157988262086334544e+03
3.375000000000000000e+01 1.088610456588343823e+03
3.416666666666666430e+01 1.018834329129686125e+03
3.458333333333333570e+01 9.486590007159638844e+02
3.500000000000000000e+01 8.780835594912239230e+02
3.541666666666666430e+01 8.071070763385464488e+02
3.583333333333333570e+01 7.357285925801580788e+02
3.625000000000000000e+01 6.639471067870888419e+02
3.666666666666666430e+01 5.917615418587980685e+02
3.708333333333333570e+01 5.191707615637064919e+02
3.750000000000000000e+01 4.461735873923095141e+02
3.791666666666666430e+01 3.727688000006822904e+02
3.833333333333333570e+01 2.989551126045429896e+02
3.875000000000000000e+01 2.247311588307578063e+02
3.916666666666666430e+01 1.500955393951811629e+02
3.958333333333333570e+01 7.504683419010524403e+01
4.000000000000000000e+01 8.646169197268349649e-11
