0.000000000000000000e+00 -8.285568758870098804e-11
4.166666666666666852e-01 1.201502513316858511e+02
8.333333333333333703e-01 2.375458041145374750e+02
1.250000000000000000e+00 3.522597324288166192e+02
1.666666666666666741e+00 4.642965279667556047e+02
2.083333333333333481e+00 5.736154333282131574e+02
2.500000000000000000e+00 6.801737346919337597e+02
2.916666666666666519e+00 7.839455019471312198e+02
3.333333333333333481e+00 8.849138023453322148e+02
3.750000000000000000e+00 9.830633691105539356e+02
4.166666666666666963e+00 1.078380675465054765e+03
4.583333333333333037e+00 1.170855341869735867e+03
5.000000000000000000e+00 1.260481581318721055e+03
5.416666666666666963e+00 1.347258100442015802e+03
5.833333333333333037e+00 1.431181183767535003e+03
6.250000000000000000e+00 1.512240827437608459e+03
6.666666666666666963e+00 1.590421683964474369e+03
7.083333333333333037e+00 1.665660794247329022e+03
7.500000000000000000e+00 1.737819340349261893e+03
7.916666666666666963e+00 1.807018171735810938e+03
8.333333333333333925e+00 1.873375677815267181e+03
8.750000000000000000e+00 1.936899877970779926e+03
9.166666666666666075e+00 1.997555997051747454e+03
9.583333333333333925e+00 2.055316565082261604e+03
1.000000000000000000e+01 2.110165055217801182e+03
1.041666666666666607e+01 2.162089432636212678e+03
1.083333333333333393e+01 2.211081351922199701e+03
1.125000000000000000e+01 2.257136263622191564e+03
1.166666666666666607e+01 2.300250245443605309e+03
1.208333333333333393e+01 2.340416229063184346e+03
1.250000000000000000e+01 2.377619633324163260e+03
1.291666666666666607e+01 2.411834193917974972e+03
1.333333333333333393e+01 2.443017678796318251e+03
1.375000000000000000e+01 2.471109338548675169e+03
1.416666666666666607e+01 2.496052729742670635e+03
1.458333333333333393e+01 2.517963995944652197e+03
1.500000000000000000e+01 2.537085847250941242e+03
1.541666666666666607e+01 2.553521260720919599e+03
1.583333333333333393e+01 2.567751950155338818e+03
1.625000000000000000e+01 2.579667272790561128e+03
1.666666666666666785e+01 2.588978470647331960e+03
1.708333333333333215e+01 2.595581914896434228e+03
1.750000000000000000e+01 2.599444389132177548e+03
1.791666666666666785e+01 2.600557893201740626e+03
1.833333333333333215e+01 2.598921955754510236e+03
1.875000000000000000e+01 2.594540331777945084e+03
1.916666666666666785e+01 2.587420246581205902e+03
1.958333333333333215e+01 2.577571963850202792e+03
2.000000000000000000e+01 2.565009001027951854e+03
2.041666666666666785e+01 2.549748513941581677e+03
2.083333333333333215e+01 2.531810677682747155e+03
2.125000000000000000e+01 2.511218208824348494e+03
2.166666666666666785e+01 2.488000124872322885e+03
2.208333333333333215e+01 2.462199729414323429e+03
2.250000000000000000e+01 2.433887201272025322e+03
2.291666666666666785e+01 2.403220579712509789e+03
2.333333333333333215e+01 2.370381782405941522e+03
2.375000000000000000e+01 2.335453530925502491e+03
2.416666666666666785e+01 2.298702101990967094e+03
2.458333333333333215e+01 2.260513694969573407e+03
2.500000000000000000e+01 2.221849916378754642e+03
2.541666666666666785e+01 2.181460933825441316e+03
2.583333333333333215e+01 2.139102643743329736e+03
2.625000000000000000e+01 2.094680322473066099e+03
2.666666666666666785e+01 2.048109390559469830e+03
2.708333333333333215e+01 1.999362997215398082e+03
2.750000000000000000e+01 1.948470471749119952e+03
2.791666666666666785e+01 1.895420340782779931e+03
2.833333333333333215e+01 1.840159847566860435e+03
2.875000000000000000e+01 1.782727173103550967e+03
2.916666666666666785e+01 1.723347654863968273e+03
2.958333333333333215e+01 1.662335479734195587e+03
3.000000000000000000e+01 1.600811573625830079e+03
3.041666666666666785e+01 1.538869081047260806e+03
3.083333333333333215e+01 1.476507910429999129e+03
3.125000000000000000e+01 1.413728805101285161e+03
3.166666666666666785e+01 1.350532566258545330e+03
3.208333333333333570e+01 1.286919852757080889e+03
3.250000000000000000e+01 1.222891386694312359e+03
3.291666666666666430e+01 1.158447860257621414e+03
3.333333333333333570e+01 1.093589864031285970e+03
3.375000000000000000e+01 1.028317878232290241e+03
3.416666666666666430e+01 9.626322458438810372e+02
3.458333333333333570e+01 8.965331168717029868e+02
3.500000000000000000e+01 8.300205306545135500e+02
3.541666666666666430e+01 7.630944727622352275e+02
3.583333333333333570e+01 6.957549005607284016e+02
3.625000000000000000e+01 6.280017539399219686e+02
3.666666666666666430e+01 5.598349301200950094e+02
3.708333333333333570e+01 4.912542966918455249e+02
3.750000000000000000e+01 4.222596971090949296e+02
3.791666666666666430e+01 3.528509377641001379e+02
3.833333333333333570e+01 2.830277512362928860e+02
3.875000000000000000e+01 2.127897860185472325e+02
3.916666666666666430e+01 1.421366670508789696e+02
3.958333333333333570e+01 7.106802267414082053e+01
4.000000000000000000e+01 1.580605167583737369e-09
