0.000000000000000000e+00 6.799248088162901382e-09
4.166666666666666852e-01 1.174164587064529144e+02
8.333333333333333703e-01 2.324340383527043628e+02
1.250000000000000000e+00 3.450009316617085915e+02
1.666666666666666741e+00 4.550830210072218733e+02
2.083333333333333481e+00 5.626709282343281302e+02
2.500000000000000000e+00 6.677672951417054037e+02
2.916666666666666519e+00 7.703701358732648714e+02
3.333333333333333481e+00 8.704692282324174357e+02
3.750000000000000000e+00 9.680490164385802245e+02
4.166666666666666963e+00 1.063088101427124002e+03
4.583333333333333037e+00 1.155558614737481548e+03
5.000000000000000000e+00 1.245427983822234182e+03
5.416666666666666963e+00 1.332661081801501723e+03
5.833333333333333037e+00 1.417224976629769117e+03
6.250000000000000000e+00 1.499093640783082719e+03
6.666666666666666963e+00 1.578251109447978706e+03
7.083333333333333037e+00 1.654690829181372465e+03
7.500000000000000000e+00 1.728424648335932488e+03
7.916666666666666963e+00 1.799482513935309044e+03
8.333333333333333925e+00 1.867875749365832235e+03
8.750000000000000000e+00 1.933575084823353109e+03
9.166666666666666075e+00 1.996574351718325943e+03
9.583333333333333925e+00 2.056876355255451472e+03
1.000000000000000000e+01 2.114484551083229690e+03
1.041666666666666607e+01 2.169401194925273558e+03
1.083333333333333393e+01 2.221623884698964503e+03
1.125000000000000000e+01 2.271142230511384696e+03
1.166666666666666607e+01 2.317937195468564823e+03
1.208333333333333393e+01 2.361983101203741171e+03
1.250000000000000000e+01 2.403253827479747088e+03
1.291666666666666607e+01 2.441728195536446947e+03
1.333333333333333393e+01 2.477393256156225561e+03
1.375000000000000000e+01 2.510245464257716776e+03
1.416666666666666607e+01 2.540289194001282794e+03
1.458333333333333393e+01 2.567534729754209366e+03
1.500000000000000000e+01 2.591991997874876688e+03
1.541666666666666607e+01 2.613649680381022335e+03
1.583333333333333393e+01 2.632448299503497765e+03
1.625000000000000000e+01 2.648423806666396558e+03
1.666666666666666785e+01 2.661623810021215832e+03
1.708333333333333215e+01 2.672066991095043250e+03
1.750000000000000000e+01 2.679765279366079994e+03
1.791666666666666785e+01 2.684733386732574218e+03
1.833333333333333215e+01 2.686988714779437487e+03
1.875000000000000000e+01 2.686546125234323881e+03
1.916666666666666785e+01 2.683417575158078762e+03
1.958333333333333215e+01 2.677614628797562091e+03
2.000000000000000000e+01 2.669149508110008355e+03
2.041666666666666785e+01 2.658035807865125662e+03
2.083333333333333215e+01 2.644289160199709841e+03
2.125000000000000000e+01 2.627930617360034375e+03
2.166666666666666785e+01 2.608991767135574264e+03
2.208333333333333215e+01 2.587514261524344420e+03
2.250000000000000000e+01 2.563543187061426579e+03
2.291666666666666785e+01 2.537121527127827903e+03
2.333333333333333215e+01 2.508289605915004358e+03
2.375000000000000000e+01 2.477087124009156469e+03
2.416666666666666785e+01 2.443551416479293948e+03
2.458333333333333215e+01 2.407689000924513948e+03
2.500000000000000000e+01 2.369413850313714647e+03
2.541666666666666785e+01 2.328803271409809895e+03
2.583333333333333215e+01 2.285984081140301441e+03
2.625000000000000000e+01 2.241008269284053313e+03
2.666666666666666785e+01 2.193905979970827957e+03
2.708333333333333215e+01 2.144704775645277095e+03
2.750000000000000000e+01 2.093426483942172581e+03
2.791666666666666785e+01 2.040088828804976401e+03
2.833333333333333215e+01 1.984728505444506027e+03
2.875000000000000000e+01 1.927431283300468294e+03
2.916666666666666785e+01 1.868322347834353650e+03
2.958333333333333215e+01 1.807458717561330786e+03
3.000000000000000000e+01 1.744701722395175011e+03
3.041666666666666785e+01 1.680095597867815059e+03
3.083333333333333215e+01 1.613796983630562636e+03
3.125000000000000000e+01 1.545900987461862769e+03
3.166666666666666785e+01 1.476515277976999187e+03
3.208333333333333570e+01 1.406554578511229693e+03
3.250000000000000000e+01 1.336188007497654326e+03
3.291666666666666430e+01 1.265415157943147733e+03
3.333333333333333570e+01 1.194235553658656045e+03
3.375000000000000000e+01 1.122648649073613797e+03
3.416666666666666430e+01 1.050653875511047545e+03
3.458333333333333570e+01 9.782506965389384277e+02
3.500000000000000000e+01 9.054385620787577409e+02
3.541666666666666430e+01 8.322168939065929862e+02
3.583333333333333570e+01 7.585850962359538698e+02
3.625000000000000000e+01 6.845425675430466299e+02
3.666666666666666430e+01 6.100887332744825926e+02
3.708333333333333570e+01 5.352230291366736310e+02
3.750000000000000000e+01 4.599448847392731636e+02
3.791666666666666430e+01 3.842537235579904973e+02
3.833333333333333570e+01 3.081489909289654747e+02
3.875000000000000000e+01 2.316301654358149449e+02
3.916666666666666430e+01 1.546967095269201877e+02
3.958333333333333570e+01 7.734805668041069282e+01
4.000000000000000000e+01 1.631426656961698640e-08
