0.000000000000000000e+00 1.080387238006075279e-10
4.166666666666666852e-01 1.180704390214398671e+02
8.333333333333333703e-01 2.337365659111769958e+02
1.250000000000000000e+00 3.468871723121660580e+02
1.666666666666666741e+00 4.574657512890137809e+02
2.083333333333333481e+00 5.654616953168325608e+02
2.500000000000000000e+00 6.708779657121256150e+02
2.916666666666666519e+00 7.737080217499063792e+02
3.333333333333333481e+00 8.739361226126897009e+02
3.750000000000000000e+00 9.715439978854345782e+02
4.166666666666666963e+00 1.066513238529647651e+03
4.583333333333333037e+00 1.158825162296222288e+03
5.000000000000000000e+00 1.248460600255375311e+03
5.416666666666666963e+00 1.335399283930256615e+03
5.833333333333333037e+00 1.419620396023637113e+03
6.250000000000000000e+00 1.501106311406530949e+03
6.666666666666666963e+00 1.579851508614922977e+03
7.083333333333333037e+00 1.655869957561031242e+03
7.500000000000000000e+00 1.729214424516054578e+03
7.916666666666666963e+00 1.799967536308547324e+03
8.333333333333333925e+00 1.868107627434030519e+03
8.750000000000000000e+00 1.933542518882002241e+03
9.166666666666666075e+00 1.996244549135174566e+03
9.583333333333333925e+00 2.056210963746607376e+03
1.000000000000000000e+01 2.113432643177934096e+03
1.041666666666666607e+01 2.167889642827728039e+03
1.083333333333333393e+01 2.219555585479417005e+03
1.125000000000000000e+01 2.268404025451010966e+03
1.166666666666666607e+01 2.314410698096750366e+03
1.208333333333333393e+01 2.357554278152946608e+03
1.250000000000000000e+01 2.397817074695948577e+03
1.291666666666666607e+01 2.435185367122303433e+03
1.333333333333333393e+01 2.469652174938989447e+03
1.375000000000000000e+01 2.501220762222253143e+03
1.416666666666666607e+01 2.529908584272792723e+03
1.458333333333333393e+01 2.555750619844897301e+03
1.500000000000000000e+01 2.578785243074739810e+03
1.541666666666666607e+01 2.598993151486140505e+03
1.583333333333333393e+01 2.616211296535633210e+03
1.625000000000000000e+01 2.630494000075719669e+03
1.666666666666666785e+01 2.641994276366833674e+03
1.708333333333333215e+01 2.650767432892913348e+03
1.750000000000000000e+01 2.656823033527062307e+03
1.791666666666666785e+01 2.660139433699828260e+03
1.833333333333333215e+01 2.660680508424026357e+03
1.875000000000000000e+01 2.658417976594711035e+03
1.916666666666666785e+01 2.653341813094697045e+03
1.958333333333333215e+01 2.645465967413939779e+03
2.000000000000000000e+01 2.634834609175805781e+03
2.041666666666666785e+01 2.621521696633071770e+03
2.083333333333333215e+01 2.605613442338705227e+03
2.125000000000000000e+01 2.587172905732775234e+03
2.166666666666666785e+01 2.566221178375946693e+03
2.208333333333333215e+01 2.542752534731952437e+03
2.250000000000000000e+01 2.516773262144443834e+03
2.291666666666666785e+01 2.488331993323732149e+03
2.333333333333333215e+01 2.457541858933783260e+03
2.375000000000000000e+01 2.424606315117486247e+03
2.416666666666666785e+01 2.389870921261395779e+03
2.458333333333333215e+01 2.353730976991294938e+03
2.500000000000000000e+01 2.316995494327918550e+03
2.541666666666666785e+01 2.278598495311116494e+03
2.583333333333333215e+01 2.238188822638468082e+03
2.625000000000000000e+01 2.195644406482599152e+03
2.666666666666666785e+01 2.150889666767649032e+03
2.708333333333333215e+01 2.103891486413842813e+03
2.750000000000000000e+01 2.054651762525363665e+03
2.791666666666666785e+01 2.003199990476543462e+03
2.833333333333333215e+01 1.949588955079691914e+03
2.875000000000000000e+01 1.893893563983731838e+03
2.916666666666666785e+01 1.836192994841769405e+03
2.958333333333333215e+01 1.776508803075562355e+03
3.000000000000000000e+01 1.714732059765708982e+03
3.041666666666666785e+01 1.650932488683881274e+03
3.083333333333333215e+01 1.585326355179119446e+03
3.125000000000000000e+01 1.518072608374817719e+03
3.166666666666666785e+01 1.450171167380309726e+03
3.208333333333333570e+01 1.381819076822793932e+03
3.250000000000000000e+01 1.313017988241515241e+03
3.291666666666666430e+01 1.243769458440480321e+03
3.333333333333333570e+01 1.174074977728155318e+03
3.375000000000000000e+01 1.103935984194297816e+03
3.416666666666666430e+01 1.033353917837983317e+03
3.458333333333333570e+01 9.623302797618831619e+02
3.500000000000000000e+01 8.908665880458121364e+02
3.541666666666666430e+01 8.189643656783409824e+02
3.583333333333333570e+01 7.466251558746743058e+02
3.625000000000000000e+01 6.738505411659734818e+02
3.666666666666666430e+01 6.006421848613833845e+02
3.708333333333333570e+01 5.270018226603397125e+02
3.750000000000000000e+01 4.529312528775651003e+02
3.791666666666666430e+01 3.784323399599157369e+02
3.833333333333333570e+01 3.035070418786270920e+02
3.875000000000000000e+01 2.281574158015189084e+02
3.916666666666666430e+01 1.523855582119906558e+02
3.958333333333333570e+01 7.619357856821063990e+01
4.000000000000000000e+01 1.909513519526839787e-11
