0.000000000000000000e+00 8.319735726042276625e-08
4.166666666666666852e-01 1.152611258710258255e+02
8.333333333333333703e-01 2.281306914589268331e+02
1.250000000000000000e+00 3.385643053755147776e+02
1.666666666666666741e+00 4.465334788007365319e+02
2.083333333333333481e+00 5.520341257132058672e+02
2.500000000000000000e+00 6.550752231732128621e+02
2.916666666666666519e+00 7.556606841662370471e+02
3.333333333333333481e+00 8.537874628295908224e+02
3.750000000000000000e+00 9.494485272717972748e+02
4.166666666666666963e+00 1.042634046908632854e+03
4.583333333333333037e+00 1.133329337678026832e+03
5.000000000000000000e+00 1.221513308762289626e+03
5.416666666666666963e+00 1.307158920302581464e+03
5.833333333333333037e+00 1.390237005541943972e+03
6.250000000000000000e+00 1.470726168553426305e+03
6.666666666666666963e+00 1.548620437568273701e+03
7.083333333333333037e+00 1.623927327035618191e+03
7.500000000000000000e+00 1.696670779002371091e+03
7.916666666666666963e+00 1.766884443079460198e+03
8.333333333333333925e+00 1.834520066355155222e+03
8.750000000000000000e+00 1.899510607818016524e+03
9.166666666666666075e+00 1.961831662259075074e+03
9.583333333333333925e+00 2.021475020845748986e+03
1.000000000000000000e+01 2.078428890947379841e+03
1.041666666666666607e+01 2.132674664071743337e+03
1.083333333333333393e+01 2.184189667058730720e+03
1.125000000000000000e+01 2.232953178487353398e+03
1.166666666666666607e+01 2.278948718737846320e+03
1.208333333333333393e+01 2.322163082788395513e+03
1.250000000000000000e+01 2.362586852213581551e+03
1.291666666666666607e+01 2.400215676175438148e+03
1.333333333333333393e+01 2.435050924922242757e+03
1.375000000000000000e+01 2.467102243457890836e+03
1.416666666666666607e+01 2.496388747960227192e+03
1.458333333333333393e+01 2.522939194237191714e+03
1.500000000000000000e+01 2.546781042031469497e+03
1.541666666666666607e+01 2.567891610406863947e+03
1.583333333333333393e+01 2.586124224378486815e+03
1.625000000000000000e+01 2.601528176733978853e+03
1.666666666666666785e+01 2.614208053705221573e+03
1.708333333333333215e+01 2.624190466695092255e+03
1.750000000000000000e+01 2.631483290629731073e+03
1.791666666666666785e+01 2.636100137217604697e+03
1.833333333333333215e+01 2.638065387509331231e+03
1.875000000000000000e+01 2.637408288878787516e+03
1.916666666666666785e+01 2.634164340133069345e+03
1.958333333333333215e+01 2.628381565564238372e+03
2.000000000000000000e+01 2.620114750401749916e+03
2.041666666666666785e+01 2.609403241443238130e+03
2.083333333333333215e+01 2.596255589713764948e+03
2.125000000000000000e+01 2.580656230336262070e+03
2.166666666666666785e+01 2.562586191960050201e+03
2.208333333333333215e+01 2.542037539242767707e+03
2.250000000000000000e+01 2.519017135671590495e+03
2.291666666666666785e+01 2.493547695633765215e+03
2.333333333333333215e+01 2.465672688431186543e+03
2.375000000000000000e+01 2.435460656530327469e+03
2.416666666666666785e+01 2.402986159874465102e+03
2.458333333333333215e+01 2.368254626655418178e+03
2.500000000000000000e+01 2.331075086382355948e+03
2.541666666666666785e+01 2.291558527917452921e+03
2.583333333333333215e+01 2.249917775315328072e+03
2.625000000000000000e+01 2.206219409329070913e+03
2.666666666666666785e+01 2.160486789950382445e+03
2.708333333333333215e+01 2.112736813359120333e+03
2.750000000000000000e+01 2.062971563612633872e+03
2.791666666666666785e+01 2.011171382623764202e+03
2.833333333333333215e+01 1.957338654177663557e+03
2.875000000000000000e+01 1.901566573740226886e+03
2.916666666666666785e+01 1.844045639515605899e+03
2.958333333333333215e+01 1.784867299077730422e+03
3.000000000000000000e+01 1.723707362969541919e+03
3.041666666666666785e+01 1.660618275349179612e+03
3.083333333333333215e+01 1.595904565457730087e+03
3.125000000000000000e+01 1.529648184311399518e+03
3.166666666666666785e+01 1.461926073816717462e+03
3.208333333333333570e+01 1.392849256233149163e+03
3.250000000000000000e+01 1.323213561683385706e+03
3.291666666666666430e+01 1.253169803758650005e+03
3.333333333333333570e+01 1.182717725849323642e+03
3.375000000000000000e+01 1.111857024184034117e+03
3.416666666666666430e+01 1.040587322753990520e+03
3.458333333333333570e+01 9.689081413441663244e+02
3.500000000000000000e+01 8.968189639671534223e+02
3.541666666666666430e+01 8.243192734049531509e+02
3.583333333333333570e+01 7.514085574091704984e+02
3.625000000000000000e+01 6.780863099265686742e+02
3.666666666666666430e+01 6.043520073742108707e+02
3.708333333333333570e+01 5.302051302732108979e+02
3.750000000000000000e+01 4.556451810069269186e+02
3.791666666666666430e+01 3.806716824084096515e+02
3.833333333333333570e+01 3.052841461890778305e+02
3.875000000000000000e+01 2.294820562943944537e+02
3.916666666666666430e+01 1.532649121111724071e+02
3.958333333333333570e+01 7.663223532505672608e+01
4.000000000000000000e+01 1.181673355693524385e-08
