0.000000000000000000e+00 8.104225982658030958e-08
4.166666666666666852e-01 1.167778696700689949e+02
8.333333333333333703e-01 2.311612976468391878e+02
1.250000000000000000e+00 3.430300555612024596e+02
1.666666666666666741e+00 4.523273554155300076e+02
2.083333333333333481e+00 5.590474046452620769e+02
2.500000000000000000e+00 6.631968978879222050e+02
2.916666666666666519e+00 7.647701495199430610e+02
3.333333333333333481e+00 8.637529331467039810e+02
3.750000000000000000e+00 9.601295920903646675e+02
4.166666666666666963e+00 1.053884417933903023e+03
4.583333333333333037e+00 1.145002236319477788e+03
5.000000000000000000e+00 1.233466874363763509e+03
5.416666666666666963e+00 1.319256781292050846e+03
5.833333333333333037e+00 1.402344170528211635e+03
6.250000000000000000e+00 1.482704430701422552e+03
6.666666666666666963e+00 1.560318686437338783e+03
7.083333333333333037e+00 1.635169307788052265e+03
7.500000000000000000e+00 1.707288136906837508e+03
7.916666666666666963e+00 1.776790995878400508e+03
8.333333333333333925e+00 1.843553183447764695e+03
8.750000000000000000e+00 1.907451752076723778e+03
9.166666666666666075e+00 1.968482555666103053e+03
9.583333333333333925e+00 2.026683676110584429e+03
1.000000000000000000e+01 2.082082547061851528e+03
1.041666666666666607e+01 2.134693372305843241e+03
1.083333333333333393e+01 2.184523990359162781e+03
1.125000000000000000e+01 2.231577599760942576e+03
1.166666666666666607e+01 2.275853532231491954e+03
1.208333333333333393e+01 2.317349912722585032e+03
1.250000000000000000e+01 2.356067200585608589e+03
1.291666666666666607e+01 2.392014630850533649e+03
1.333333333333333393e+01 2.425215437930673943e+03
1.375000000000000000e+01 2.455713346610675217e+03
1.416666666666666607e+01 2.483574282571058120e+03
1.458333333333333393e+01 2.508849350697229511e+03
1.500000000000000000e+01 2.531468066969586289e+03
1.541666666666666607e+01 2.551104421944908609e+03
1.583333333333333393e+01 2.567823210706932514e+03
1.625000000000000000e+01 2.581846466441924804e+03
1.666666666666666785e+01 2.593214106104033362e+03
1.708333333333333215e+01 2.601907623666109430e+03
1.750000000000000000e+01 2.607903453197663111e+03
1.791666666666666785e+01 2.611189225184196857e+03
1.833333333333333215e+01 2.611762814085763694e+03
1.875000000000000000e+01 2.609630306348577506e+03
1.916666666666666785e+01 2.604804558477538649e+03
1.958333333333333215e+01 2.597303134618261993e+03
2.000000000000000000e+01 2.587146714933025578e+03
2.041666666666666785e+01 2.574360111200135179e+03
2.083333333333333215e+01 2.558972604455941564e+03
2.125000000000000000e+01 2.541013878581870358e+03
2.166666666666666785e+01 2.520511744938172342e+03
2.208333333333333215e+01 2.497497931515771143e+03
2.250000000000000000e+01 2.472014112214365923e+03
2.291666666666666785e+01 2.444110251380052887e+03
2.333333333333333215e+01 2.413847673796255549e+03
2.375000000000000000e+01 2.381307073185033914e+03
2.416666666666666785e+01 2.346567977565641741e+03
2.458333333333333215e+01 2.309602926622502309e+03
2.500000000000000000e+01 2.270084935167893491e+03
2.541666666666666785e+01 2.228192363139895861e+03
2.583333333333333215e+01 2.184250900028803699e+03
2.625000000000000000e+01 2.138310339121315337e+03
2.666666666666666785e+01 2.090359439628096879e+03
2.708333333333333215e+01 2.040417143646890736e+03
2.750000000000000000e+01 1.988536480133920350e+03
2.791666666666666785e+01 1.934761509158901845e+03
2.833333333333333215e+01 1.879126225511110306e+03
2.875000000000000000e+01 1.821739418035931067e+03
2.916666666666666785e+01 1.762800304105710211e+03
2.958333333333333215e+01 1.702333080130424378e+03
3.000000000000000000e+01 1.639432427009964158e+03
3.041666666666666785e+01 1.575818621096251945e+03
3.083333333333333215e+01 1.511798704041790188e+03
3.125000000000000000e+01 1.447371835939298535e+03
3.166666666666666785e+01 1.382537183365338251e+03
3.208333333333333570e+01 1.317293966078827452e+03
3.250000000000000000e+01 1.251641534585965019e+03
3.291666666666666430e+01 1.185579382022722257e+03
3.333333333333333570e+01 1.119107111644133283e+03
3.375000000000000000e+01 1.052224397355986184e+03
3.416666666666666430e+01 9.849309876094228002e+02
3.458333333333333570e+01 9.172267266478231704e+02
3.500000000000000000e+01 8.491114838783869345e+02
3.541666666666666430e+01 7.805851191998133345e+02
3.583333333333333570e+01 7.116474727452101661e+02
3.625000000000000000e+01 6.422983541110409078e+02
3.666666666666666430e+01 5.725375537172681106e+02
3.708333333333333570e+01 5.023648089391920735e+02
3.750000000000000000e+01 4.317797760618522602e+02
3.791666666666666430e+01 3.607820237512605672e+02
3.833333333333333570e+01 2.893710613715203976e+02
3.875000000000000000e+01 2.175463598309156907e+02
3.916666666666666430e+01 1.453073198648946232e+02
3.958333333333333570e+01 7.265327983239795628e+01
4.000000000000000000e+01 7.530842803527004747e-09
