0.000000000000000000e+00 -5.973881042620199366e-10
4.166666666666666852e-01 1.275956089883027147e+02
8.333333333333333703e-01 2.517723988375477120e+02
1.250000000000000000e+00 3.726107924480022575e+02
1.666666666666666741e+00 4.901015079030351558e+02
2.083333333333333481e+00 6.041905166149317665e+02
2.500000000000000000e+00 7.148382377297850780e+02
2.916666666666666519e+00 8.220323576269680643e+02
3.333333333333333481e+00 9.257804311124330070e+02
3.750000000000000000e+00 1.026112174517484846e+03
4.166666666666666963e+00 1.123087713810250307e+03
4.583333333333333037e+00 1.216792510395275940e+03
5.000000000000000000e+00 1.307300312602385247e+03
5.416666666666666963e+00 1.394651410733497869e+03
5.833333333333333037e+00 1.478876464804885018e+03
6.250000000000000000e+00 1.559984008784735352e+03
6.666666666666666963e+00 1.637909059649444771e+03
7.083333333333333037e+00 1.712526551371318419e+03
7.500000000000000000e+00 1.784015216993872400e+03
7.916666666666666963e+00 1.854950011164778971e+03
8.333333333333333925e+00 1.922549772181500430e+03
8.750000000000000000e+00 1.986581639980660384e+03
9.166666666666666075e+00 2.046747794167811662e+03
9.583333333333333925e+00 2.103038025729216770e+03
1.000000000000000000e+01 2.155602303559215670e+03
1.041666666666666607e+01 2.204404767363982501e+03
1.083333333333333393e+01 2.249718105809748067e+03
1.125000000000000000e+01 2.291725534221070120e+03
1.166666666666666607e+01 2.330613705765805662e+03
1.208333333333333393e+01 2.366511085390524386e+03
1.250000000000000000e+01 2.399500759479778935e+03
1.291666666666666607e+01 2.429647871566017329e+03
1.333333333333333393e+01 2.457014468148654487e+03
1.375000000000000000e+01 2.481659986202674190e+03
1.416666666666666607e+01 2.503629373441102416e+03
1.458333333333333393e+01 2.522946494563491342e+03
1.500000000000000000e+01 2.539674028266073947e+03
1.541666666666666607e+01 2.554112701153934722e+03
1.583333333333333393e+01 2.567113946493145704e+03
1.625000000000000000e+01 2.578196844338875962e+03
1.666666666666666785e+01 2.586617418759052725e+03
1.708333333333333215e+01 2.592212040823220377e+03
1.750000000000000000e+01 2.594993401698293383e+03
1.791666666666666785e+01 2.595005674506968262e+03
1.833333333333333215e+01 2.592284586932028105e+03
1.875000000000000000e+01 2.586851845737768599e+03
1.916666666666666785e+01 2.578719738992647763e+03
1.958333333333333215e+01 2.567897886359105541e+03
2.000000000000000000e+01 2.554395676439237832e+03
2.041666666666666785e+01 2.538221154766863037e+03
2.083333333333333215e+01 2.519389096960342613e+03
2.125000000000000000e+01 2.497936710562580174e+03
2.166666666666666785e+01 2.473927691728831178e+03
2.208333333333333215e+01 2.447443026454663595e+03
2.250000000000000000e+01 2.418573765635374002e+03
2.291666666666666785e+01 2.387407792044530197e+03
2.333333333333333215e+01 2.354004659653921863e+03
2.375000000000000000e+01 2.318381949093476578e+03
2.416666666666666785e+01 2.280564684917213981e+03
2.458333333333333215e+01 2.240789297536618506e+03
2.500000000000000000e+01 2.199902151830038747e+03
2.541666666666666785e+01 2.157531529526936993e+03
2.583333333333333215e+01 2.112903206739053530e+03
2.625000000000000000e+01 2.065820043055816313e+03
2.666666666666666785e+01 2.016313629416155436e+03
2.708333333333333215e+01 1.964471544161950987e+03
2.750000000000000000e+01 1.910368766726749072e+03
2.791666666666666785e+01 1.854206583989681349e+03
2.833333333333333215e+01 1.796306206939163985e+03
2.875000000000000000e+01 1.737856982970251011e+03
2.916666666666666785e+01 1.678981249191740062e+03
2.958333333333333215e+01 1.619679354371484351e+03
3.000000000000000000e+01 1.559951805635417941e+03
3.041666666666666785e+01 1.499799138626736294e+03
3.083333333333333215e+01 1.439221438356699764e+03
3.125000000000000000e+01 1.378219173007708832e+03
3.166666666666666785e+01 1.316792479658995035e+03
3.208333333333333570e+01 1.254941510890781501e+03
3.250000000000000000e+01 1.192666437691445026e+03
3.291666666666666430e+01 1.129967504363284206e+03
3.333333333333333570e+01 1.066845039181229822e+03
3.375000000000000000e+01 1.003299414832901903e+03
3.416666666666666430e+01 9.393309743896949158e+02
3.458333333333333570e+01 8.749399713889588384e+02
3.500000000000000000e+01 8.101266475630097830e+02
3.541666666666666430e+01 7.448912989097851778e+02
3.583333333333333570e+01 6.792343145979324390e+02
3.625000000000000000e+01 6.131561802567402992e+02
3.666666666666666430e+01 5.466574285482997766e+02
3.708333333333333570e+01 4.797386154912259713e+02
3.750000000000000000e+01 4.124002867463647135e+02
3.791666666666666430e+01 3.446429354360602133e+02
3.833333333333333570e+01 2.764669580434409113e+02
3.875000000000000000e+01 2.078726641563953308e+02
3.916666666666666430e+01 1.388603752872243717e+02
3.958333333333333570e+01 6.943048556910292746e+01
4.000000000000000000e+01 3.988233840401811392e-10
