0.000000000000000000e+00 5.919135829396404702e-08
4.166666666666666852e-01 1.557053370671358152e+02
8.333333333333333703e-01 3.068239370176462444e+02
1.250000000000000000e+00 4.537391682895624854e+02
1.666666666666666741e+00 5.964946662186922595e+02
2.083333333333333481e+00 7.350279783496000618e+02
2.500000000000000000e+00 8.693332295444263309e+02
2.916666666666666519e+00 9.994384534084661027e+02
3.333333333333333481e+00 1.125416599582812523e+03
3.750000000000000000e+00 1.247336806775887908e+03
4.166666666666666963e+00 1.365173327087315784e+03
4.583333333333333037e+00 1.478832590576002076e+03
5.000000000000000000e+00 1.588236832452432054e+03
5.416666666666666963e+00 1.693251832719182858e+03
5.833333333333333037e+00 1.793578604633561781e+03
6.250000000000000000e+00 1.888825834825530364e+03
6.666666666666666963e+00 1.979144488117655555e+03
7.083333333333333037e+00 2.068922158296725684e+03
7.500000000000000000e+00 2.153718743375460690e+03
7.916666666666666963e+00 2.233692323923182812e+03
8.333333333333333925e+00 2.309092845290991136e+03
8.750000000000000000e+00 2.380331771791603387e+03
9.166666666666666075e+00 2.447685532970817803e+03
9.583333333333333925e+00 2.511276684189585467e+03
1.000000000000000000e+01 2.571163161043092259e+03
1.041666666666666607e+01 2.627391229962360285e+03
1.083333333333333393e+01 2.679971914735815517e+03
1.125000000000000000e+01 2.728873439632478949e+03
1.166666666666666607e+01 2.773966389206608710e+03
1.208333333333333393e+01 2.814820162641709430e+03
1.250000000000000000e+01 2.850560427240282024e+03
1.291666666666666607e+01 2.880019895481177173e+03
1.333333333333333393e+01 2.902485900849012069e+03
1.375000000000000000e+01 2.917848815516949799e+03
1.416666666666666607e+01 2.932683589846898030e+03
1.458333333333333393e+01 2.947012733488556023e+03
1.500000000000000000e+01 2.960838312311386289e+03
1.541666666666666607e+01 2.974163143394670442e+03
1.583333333333333393e+01 2.986991290223095348e+03
1.625000000000000000e+01 2.999326611706691892e+03
1.666666666666666785e+01 3.011172452500729378e+03
1.708333333333333215e+01 3.022531792908463103e+03
1.750000000000000000e+01 3.033406513890607130e+03
1.791666666666666785e+01 3.040471559606231494e+03
1.833333333333333215e+01 3.043693425162491167e+03
1.875000000000000000e+01 3.043443727090722405e+03
1.916666666666666785e+01 3.040199049717230992e+03
1.958333333333333215e+01 3.034333412870684242e+03
2.000000000000000000e+01 3.026005095596084630e+03
2.041666666666666785e+01 3.015242023499715287e+03
2.083333333333333215e+01 3.002010108450484950e+03
2.125000000000000000e+01 2.986195441771157221e+03
2.166666666666666785e+01 2.967618014117784242e+03
2.208333333333333215e+01 2.946081417729298664e+03
2.250000000000000000e+01 2.921349602064928149e+03
2.291666666666666785e+01 2.893088727463019495e+03
2.333333333333333215e+01 2.860848770185587455e+03
2.375000000000000000e+01 2.824141288294526021e+03
2.416666666666666785e+01 2.782927773283988245e+03
2.458333333333333215e+01 2.738017021283859322e+03
2.500000000000000000e+01 2.692545582475456740e+03
2.541666666666666785e+01 2.646600877815417334e+03
2.583333333333333215e+01 2.597390061412723298e+03
2.625000000000000000e+01 2.545629193319826754e+03
2.666666666666666785e+01 2.492405529794831182e+03
2.708333333333333215e+01 2.438336449420620283e+03
2.750000000000000000e+01 2.383212366837873105e+03
2.791666666666666785e+01 2.325882207298051981e+03
2.833333333333333215e+01 2.264384596492299352e+03
2.875000000000000000e+01 2.196652717332279281e+03
2.916666666666666785e+01 2.121413439092900262e+03
2.958333333333333215e+01 2.045344312959973195e+03
3.000000000000000000e+01 1.968805650669513398e+03
3.041666666666666785e+01 1.891807216198634251e+03
3.083333333333333215e+01 1.814351503757950013e+03
3.125000000000000000e+01 1.736433085618638415e+03
3.166666666666666785e+01 1.658058604777516621e+03
3.208333333333333570e+01 1.579233725629345372e+03
3.250000000000000000e+01 1.499963748320399873e+03
3.291666666666666430e+01 1.420253309887123578e+03
3.333333333333333570e+01 1.340105712546388759e+03
3.375000000000000000e+01 1.259522550833968353e+03
3.416666666666666430e+01 1.178504326516578203e+03
3.458333333333333570e+01 1.097060201257797644e+03
3.500000000000000000e+01 1.015187940646873585e+03
3.541666666666666430e+01 9.328857875452381450e+02
3.583333333333333570e+01 8.501534048572857500e+02
3.625000000000000000e+01 7.669924475857245625e+02
3.666666666666666430e+01 6.834055167600292862e+02
3.708333333333333570e+01 5.993951055415013798e+02
3.750000000000000000e+01 5.149632293751412817e+02
3.791666666666666430e+01 4.301110449278336318e+02
3.833333333333333570e+01 3.448393464232324845e+02
3.875000000000000000e+01 2.591515197617678723e+02
3.916666666666666430e+01 1.730462722828381175e+02
3.958333333333333570e+01 8.652350971535960866e+01
4.000000000000000000e+01 3.159948677028401320e-08
