0.000000000000000000e+00 2.174054616888021485e-10
4.166666666666666852e-01 1.231587015743261020e+02
8.333333333333333703e-01 2.429710208023456630e+02
1.250000000000000000e+00 3.597865219642857824e+02
1.666666666666666741e+00 4.737317613623948205e+02
2.083333333333333481e+00 5.847577914522004221e+02
2.500000000000000000e+00 6.927769104035143073e+02
2.916666666666666519e+00 7.977495118983384828e+02
3.333333333333333481e+00 8.996712523089887554e+02
3.750000000000000000e+00 9.985498373830871515e+02
4.166666666666666963e+00 1.094399322867471255e+03
4.583333333333333037e+00 1.187247474351435812e+03
5.000000000000000000e+00 1.277150713800387166e+03
5.416666666666666963e+00 1.364205710452418543e+03
5.833333333333333037e+00 1.448550249778194257e+03
6.250000000000000000e+00 1.530344300646541342e+03
6.666666666666666963e+00 1.609767066453911866e+03
7.083333333333333037e+00 1.687188812858544679e+03
7.500000000000000000e+00 1.764384399444252040e+03
7.916666666666666963e+00 1.839905362380677616e+03
8.333333333333333925e+00 1.913329211884878987e+03
8.750000000000000000e+00 1.984248529055444806e+03
9.166666666666666075e+00 2.052406100544134915e+03
9.583333333333333925e+00 2.117630456757005959e+03
1.000000000000000000e+01 2.179799180899918611e+03
1.041666666666666607e+01 2.238824102566048168e+03
1.083333333333333393e+01 2.294645536485149933e+03
1.125000000000000000e+01 2.347223581265128814e+03
1.166666666666666607e+01 2.396529530073341448e+03
1.208333333333333393e+01 2.442547555806824676e+03
1.250000000000000000e+01 2.485273951629628755e+03
1.291666666666666607e+01 2.524716041218282044e+03
1.333333333333333393e+01 2.560894806254944797e+03
1.375000000000000000e+01 2.593833317586567773e+03
1.416666666666666607e+01 2.623533419807958126e+03
1.458333333333333393e+01 2.649939650174907456e+03
1.500000000000000000e+01 2.672899564472365455e+03
1.541666666666666607e+01 2.692323036268656779e+03
1.583333333333333393e+01 2.708182603168954756e+03
1.625000000000000000e+01 2.720254183891143839e+03
1.666666666666666785e+01 2.729009304093627634e+03
1.708333333333333215e+01 2.735795646601257431e+03
1.750000000000000000e+01 2.740518239591919610e+03
1.791666666666666785e+01 2.742427409463433378e+03
1.833333333333333215e+01 2.741415948846033643e+03
1.875000000000000000e+01 2.737556231790464608e+03
1.916666666666666785e+01 2.730930395737930667e+03
1.958333333333333215e+01 2.721590889184821663e+03
2.000000000000000000e+01 2.709571040712590275e+03
2.041666666666666785e+01 2.694903341079123493e+03
2.083333333333333215e+01 2.677635832714914613e+03
2.125000000000000000e+01 2.657845102149660306e+03
2.166666666666666785e+01 2.635649112856100601e+03
2.208333333333333215e+01 2.611214860384773601e+03
2.250000000000000000e+01 2.584741196840942848e+03
2.291666666666666785e+01 2.556406180926433990e+03
2.333333333333333215e+01 2.526287877849451434e+03
2.375000000000000000e+01 2.494321402032901460e+03
2.416666666666666785e+01 2.460334993816659335e+03
2.458333333333333215e+01 2.424207662783277556e+03
2.500000000000000000e+01 2.386231466945376724e+03
2.541666666666666785e+01 2.347714492577257715e+03
2.583333333333333215e+01 2.308015109242291146e+03
2.625000000000000000e+01 2.266010403547395526e+03
2.666666666666666785e+01 2.221517769668698293e+03
2.708333333333333215e+01 2.174647840774526230e+03
2.750000000000000000e+01 2.125537442468603786e+03
2.791666666666666785e+01 2.074277525572157174e+03
2.833333333333333215e+01 2.020902003659990669e+03
2.875000000000000000e+01 1.965369701568253049e+03
2.916666666666666785e+01 1.907546721197313900e+03
2.958333333333333215e+01 1.847252403410273473e+03
3.000000000000000000e+01 1.784622060211701182e+03
3.041666666666666785e+01 1.721055661537155174e+03
3.083333333333333215e+01 1.656523008653942270e+03
3.125000000000000000e+01 1.589995911619955677e+03
3.166666666666666785e+01 1.521488410079769892e+03
3.208333333333333570e+01 1.451236254692669263e+03
3.250000000000000000e+01 1.379407234901081438e+03
3.291666666666666430e+01 1.306267425704809284e+03
3.333333333333333570e+01 1.232611377775931714e+03
3.375000000000000000e+01 1.158558973498023988e+03
3.416666666666666430e+01 1.084109714222756338e+03
3.458333333333333570e+01 1.009262854636680458e+03
3.500000000000000000e+01 9.340174821239555740e+02
3.541666666666666430e+01 8.583725899266275974e+02
3.583333333333333570e+01 7.823271803826316955e+02
3.625000000000000000e+01 7.058802640318530166e+02
3.666666666666666430e+01 6.290308130373020958e+02
3.708333333333333570e+01 5.517777297383930772e+02
3.750000000000000000e+01 4.741198030563228372e+02
3.791666666666666430e+01 3.960556618769883244e+02
3.833333333333333570e+01 3.175837393980697811e+02
3.875000000000000000e+01 2.387023055855440816e+02
3.916666666666666430e+01 1.594095973611589727e+02
3.958333333333333570e+01 7.970391068315637995e+01
4.000000000000000000e+01 3.107923640666143683e-12
