0.000000000000000000e+00 9.146324301406716373e-08
4.166666666666666852e-01 1.204432157540567090e+02
8.333333333333333703e-01 2.381759729050403394e+02
1.250000000000000000e+00 3.532479102147439107e+02
1.666666666666666741e+00 4.656631208763895984e+02
2.083333333333333481e+00 5.753944797870592538e+02
2.500000000000000000e+00 6.824133205201453620e+02
2.916666666666666519e+00 7.867009875479582206e+02
3.333333333333333481e+00 8.882433778023635114e+02
3.750000000000000000e+00 9.870279473810567197e+02
4.166666666666666963e+00 1.083041876477182086e+03
4.583333333333333037e+00 1.176272637070816927e+03
5.000000000000000000e+00 1.266711230662209346e+03
5.416666666666666963e+00 1.354351707768359120e+03
5.833333333333333037e+00 1.439185344605305090e+03
6.250000000000000000e+00 1.521202398371338177e+03
6.666666666666666963e+00 1.600404775570694028e+03
7.083333333333333037e+00 1.676796177644279396e+03
7.500000000000000000e+00 1.750330572069661457e+03
7.916666666666666963e+00 1.820901207580722257e+03
8.333333333333333925e+00 1.888571378055958803e+03
8.750000000000000000e+00 1.953424775739831148e+03
9.166666666666666075e+00 2.015463135612491442e+03
9.583333333333333925e+00 2.074658748462554286e+03
1.000000000000000000e+01 2.130988183677260622e+03
1.041666666666666607e+01 2.184434657255183083e+03
1.083333333333333393e+01 2.234988129013915568e+03
1.125000000000000000e+01 2.282644550131052256e+03
1.166666666666666607e+01 2.327403180977212287e+03
1.208333333333333393e+01 2.369263570561191955e+03
1.250000000000000000e+01 2.408222250596329559e+03
1.291666666666666607e+01 2.444270876940119251e+03
1.333333333333333393e+01 2.477394528762450136e+03
1.375000000000000000e+01 2.507571724656037986e+03
1.416666666666666607e+01 2.534783863194220430e+03
1.458333333333333393e+01 2.559041653636641513e+03
1.500000000000000000e+01 2.580443618482377587e+03
1.541666666666666607e+01 2.599259992299156238e+03
1.583333333333333393e+01 2.615449544682878241e+03
1.625000000000000000e+01 2.628895526467337731e+03
1.666666666666666785e+01 2.639577017621917093e+03
1.708333333333333215e+01 2.647493360037008188e+03
1.750000000000000000e+01 2.652651038038544812e+03
1.791666666666666785e+01 2.655058733806947203e+03
1.833333333333333215e+01 2.654726367195680268e+03
1.875000000000000000e+01 2.651667360218519207e+03
1.916666666666666785e+01 2.645900493257537164e+03
1.958333333333333215e+01 2.637447802918096386e+03
2.000000000000000000e+01 2.626326341730056811e+03
2.041666666666666785e+01 2.612538682875911036e+03
2.083333333333333215e+01 2.596066926397070347e+03
2.125000000000000000e+01 2.576869666455273546e+03
2.166666666666666785e+01 2.554883326366782057e+03
2.208333333333333215e+01 2.530089602151149847e+03
2.250000000000000000e+01 2.502471213642141265e+03
2.291666666666666785e+01 2.471980184155682764e+03
2.333333333333333215e+01 2.438838451641262509e+03
2.375000000000000000e+01 2.403256651139790392e+03
2.416666666666666785e+01 2.365463164872430298e+03
2.458333333333333215e+01 2.325714842674191914e+03
2.500000000000000000e+01 2.284426733694011546e+03
2.541666666666666785e+01 2.241409407008524795e+03
2.583333333333333215e+01 2.196313420330315239e+03
2.625000000000000000e+01 2.149005358886651720e+03
2.666666666666666785e+01 2.099467088734540539e+03
2.708333333333333215e+01 2.047772235840659960e+03
2.750000000000000000e+01 1.993969229669876768e+03
2.791666666666666785e+01 1.937998203273787567e+03
2.833333333333333215e+01 1.879831700956231771e+03
2.875000000000000000e+01 1.819631531621874728e+03
2.916666666666666785e+01 1.757639557684236024e+03
2.958333333333333215e+01 1.695133809414026928e+03
3.000000000000000000e+01 1.632218996937213433e+03
3.041666666666666785e+01 1.568895251301266171e+03
3.083333333333333215e+01 1.505162846062763947e+03
3.125000000000000000e+01 1.441022036192065116e+03
3.166666666666666785e+01 1.376472997175828141e+03
3.208333333333333570e+01 1.311515813162081486e+03
3.250000000000000000e+01 1.246150500236190283e+03
3.291666666666666430e+01 1.180377046523901754e+03
3.333333333333333570e+01 1.114195418073209794e+03
3.375000000000000000e+01 1.047605550786629465e+03
3.416666666666666430e+01 9.806073784430579963e+02
3.458333333333333570e+01 9.132008615658889994e+02
3.500000000000000000e+01 8.453859048695842375e+02
3.541666666666666430e+01 7.771623074359744123e+02
3.583333333333333570e+01 7.085297485691897919e+02
3.625000000000000000e+01 6.394877901470769075e+02
3.666666666666666430e+01 5.700359154526815928e+02
3.708333333333333570e+01 5.001735289011207328e+02
3.750000000000000000e+01 4.298999625598336252e+02
3.791666666666666430e+01 3.592145001680267455e+02
3.833333333333333570e+01 2.881164247172847013e+02
3.875000000000000000e+01 2.166050397471063320e+02
3.916666666666666430e+01 1.446796199221720940e+02
3.958333333333333570e+01 7.233939517108778716e+01
4.000000000000000000e+01 -2.567834646305389157e-09
