0.000000000000000000e+00 -3.972711867111788919e-08
4.166666666666666852e-01 1.131110849743143376e+02
8.333333333333333703e-01 2.238953333962076613e+02
1.250000000000000000e+00 3.322966140495285003e+02
1.666666666666666741e+00 4.382595064565699090e+02
2.083333333333333481e+00 5.417704044062061257e+02
2.500000000000000000e+00 6.428356257558755260e+02
2.916666666666666519e+00 7.414475809996949920e+02
3.333333333333333481e+00 8.375861574420547413e+02
3.750000000000000000e+00 9.312302649250150353e+02
4.166666666666666963e+00 1.022361695410651464e+03
4.583333333333333037e+00 1.110963871270633263e+03
5.000000000000000000e+00 1.197019645806290782e+03
5.416666666666666963e+00 1.280509104328531066e+03
5.833333333333333037e+00 1.361409530248950659e+03
6.250000000000000000e+00 1.439701377422856694e+03
6.666666666666666963e+00 1.515384152124640423e+03
7.083333333333333037e+00 1.588479065082918623e+03
7.500000000000000000e+00 1.659023776436604294e+03
7.916666666666666963e+00 1.727124120257462664e+03
8.333333333333333925e+00 1.792966571983819904e+03
8.750000000000000000e+00 1.856523560054520431e+03
9.166666666666666075e+00 1.917627102032623498e+03
9.583333333333333925e+00 1.976232135967752356e+03
1.000000000000000000e+01 2.032342640838498937e+03
1.041666666666666607e+01 2.085961846056367904e+03
1.083333333333333393e+01 2.137082696444083922e+03
1.125000000000000000e+01 2.185682934876761010e+03
1.166666666666666607e+01 2.231722573856965028e+03
1.208333333333333393e+01 2.275151755075061374e+03
1.250000000000000000e+01 2.315926294966646765e+03
1.291666666666666607e+01 2.354019184060244697e+03
1.333333333333333393e+01 2.389426014920206399e+03
1.375000000000000000e+01 2.422168754903144873e+03
1.416666666666666607e+01 2.452289659848529936e+03
1.458333333333333393e+01 2.479820807125802276e+03
1.500000000000000000e+01 2.504698349293412775e+03
1.541666666666666607e+01 2.526617818161955256e+03
1.583333333333333393e+01 2.545691665326395650e+03
1.625000000000000000e+01 2.562135438442198392e+03
1.666666666666666785e+01 2.576001603826036444e+03
1.708333333333333215e+01 2.587301557534874519e+03
1.750000000000000000e+01 2.596046251543673861e+03
1.791666666666666785e+01 2.602255070276685728e+03
1.833333333333333215e+01 2.605946000447388542e+03
1.875000000000000000e+01 2.607123264564398141e+03
1.916666666666666785e+01 2.605775958233336041e+03
1.958333333333333215e+01 2.601889403690900053e+03
2.000000000000000000e+01 2.595454114853382180e+03
2.041666666666666785e+01 2.586468267859158914e+03
2.083333333333333215e+01 2.574936855370967351e+03
2.125000000000000000e+01 2.560869252913517812e+03
2.166666666666666785e+01 2.544277074862040990e+03
2.208333333333333215e+01 2.525177446406562012e+03
2.250000000000000000e+01 2.503601031915502517e+03
2.291666666666666785e+01 2.479597800866191392e+03
2.333333333333333215e+01 2.453237276961109274e+03
2.375000000000000000e+01 2.424600004850054120e+03
2.416666666666666785e+01 2.393748944377872249e+03
2.458333333333333215e+01 2.360639866100071231e+03
2.500000000000000000e+01 2.324942823151039647e+03
2.541666666666666785e+01 2.286777763825093189e+03
2.583333333333333215e+01 2.246482016392070364e+03
2.625000000000000000e+01 2.204140679353081396e+03
2.666666666666666785e+01 2.159756541964658936e+03
2.708333333333333215e+01 2.113327157933852504e+03
2.750000000000000000e+01 2.064869313633778347e+03
2.791666666666666785e+01 2.014421700253918061e+03
2.833333333333333215e+01 1.962048536297691726e+03
2.875000000000000000e+01 1.907845399452051879e+03
2.916666666666666785e+01 1.851907522906243685e+03
2.958333333333333215e+01 1.794206982207469991e+03
3.000000000000000000e+01 1.734403612101803901e+03
3.041666666666666785e+01 1.672565663368141486e+03
3.083333333333333215e+01 1.608921181940439283e+03
3.125000000000000000e+01 1.543485576564760322e+03
3.166666666666666785e+01 1.476289880209952116e+03
3.208333333333333570e+01 1.407469195627742465e+03
3.250000000000000000e+01 1.337184105397912845e+03
3.291666666666666430e+01 1.266346256169205844e+03
3.333333333333333570e+01 1.195102456020220870e+03
3.375000000000000000e+01 1.123452437053843823e+03
3.416666666666666430e+01 1.051395854516742702e+03
3.458333333333333570e+01 9.789322209112334576e+02
3.500000000000000000e+01 9.060609702982981162e+02
3.541666666666666430e+01 8.327815080737210565e+02
3.583333333333333570e+01 7.590932352332489472e+02
3.625000000000000000e+01 6.849955583012616671e+02
3.666666666666666430e+01 6.104878613790857571e+02
3.708333333333333570e+01 5.355695145353784028e+02
3.750000000000000000e+01 4.602398739367850453e+02
3.791666666666666430e+01 3.844982649695422765e+02
3.833333333333333570e+01 3.083439460920524766e+02
3.875000000000000000e+01 2.317761057271751497e+02
3.916666666666666430e+01 1.547939341471611954e+02
3.958333333333333570e+01 7.739665920589547454e+01
4.000000000000000000e+01 -1.332419400507101059e-08
