0.000000000000000000e+00 -7.191440617310140837e-08
4.166666666666666852e-01 1.181154296771083239e+02
8.333333333333333703e-01 2.338352166388704347e+02
1.250000000000000000e+00 3.470496530335633452e+02
1.666666666666666741e+00 4.577058294033086554e+02
2.083333333333333481e+00 5.657966872051565588e+02
2.500000000000000000e+00 6.713280538003587026e+02
2.916666666666666519e+00 7.742952032153343680e+02
3.333333333333333481e+00 8.746844939884247196e+02
3.750000000000000000e+00 9.724804388077923250e+02
4.166666666666666963e+00 1.067666704267330033e+03
4.583333333333333037e+00 1.160227688930715203e+03
5.000000000000000000e+00 1.250149205285826156e+03
5.416666666666666963e+00 1.337416638499032615e+03
5.833333333333333037e+00 1.422015142849792710e+03
6.250000000000000000e+00 1.503935427896350348e+03
6.666666666666666963e+00 1.583185754312508607e+03
7.083333333333333037e+00 1.659815066083524925e+03
7.500000000000000000e+00 1.733907474235455993e+03
7.916666666666666963e+00 1.805439296253905923e+03
8.333333333333333925e+00 1.874321327392498915e+03
8.750000000000000000e+00 1.940529551136223063e+03
9.166666666666666075e+00 2.004062088388023540e+03
9.583333333333333925e+00 2.064911925904137206e+03
1.000000000000000000e+01 2.123064481095353585e+03
1.041666666666666607e+01 2.178501093193998713e+03
1.083333333333333393e+01 2.231200228596759189e+03
1.125000000000000000e+01 2.281138740197124662e+03
1.166666666666666607e+01 2.328292747723249704e+03
1.208333333333333393e+01 2.372641272176654638e+03
1.250000000000000000e+01 2.414169363623698700e+03
1.291666666666666607e+01 2.452869144190267434e+03
1.333333333333333393e+01 2.488741108989491295e+03
1.375000000000000000e+01 2.521796686152468737e+03
1.416666666666666607e+01 2.552058921233147430e+03
1.458333333333333393e+01 2.579561991243102511e+03
1.500000000000000000e+01 2.604337191461462226e+03
1.541666666666666607e+01 2.626358943637371794e+03
1.583333333333333393e+01 2.645471033143581280e+03
1.625000000000000000e+01 2.661745422622862861e+03
1.666666666666666785e+01 2.675303781190765676e+03
1.708333333333333215e+01 2.686171706917814390e+03
1.750000000000000000e+01 2.694342368010996324e+03
1.791666666666666785e+01 2.699804084413186501e+03
1.833333333333333215e+01 2.702548464316794252e+03
1.875000000000000000e+01 2.702570794144691263e+03
1.916666666666666785e+01 2.699871564641392979e+03
1.958333333333333215e+01 2.694457492397441456e+03
2.000000000000000000e+01 2.686340541112780556e+03
2.041666666666666785e+01 2.675536286474075496e+03
2.083333333333333215e+01 2.662062003305468352e+03
2.125000000000000000e+01 2.645937881835231565e+03
2.166666666666666785e+01 2.627189692577390360e+03
2.208333333333333215e+01 2.605848580815322293e+03
2.250000000000000000e+01 2.581948533018021863e+03
2.291666666666666785e+01 2.555529252119668399e+03
2.333333333333333215e+01 2.526644937420255701e+03
2.375000000000000000e+01 2.495369904298228903e+03
2.416666666666666785e+01 2.461780825289788027e+03
2.458333333333333215e+01 2.425885239754815757e+03
2.500000000000000000e+01 2.387503209590908227e+03
2.541666666666666785e+01 2.346732535097562959e+03
2.583333333333333215e+01 2.303777597983492797e+03
2.625000000000000000e+01 2.258696593190153180e+03
2.666666666666666785e+01 2.211501444023029762e+03
2.708333333333333215e+01 2.162196681369601265e+03
2.750000000000000000e+01 2.110780804869477834e+03
2.791666666666666785e+01 2.057256674732511783e+03
2.833333333333333215e+01 2.001663271591565262e+03
2.875000000000000000e+01 1.944098231456672238e+03
2.916666666666666785e+01 1.884678061071970887e+03
2.958333333333333215e+01 1.823454271602925019e+03
3.000000000000000000e+01 1.760364068939634080e+03
3.041666666666666785e+01 1.695123610299824804e+03
3.083333333333333215e+01 1.627981102036143056e+03
3.125000000000000000e+01 1.559313966049174951e+03
3.166666666666666785e+01 1.489315791803156344e+03
3.208333333333333570e+01 1.418748700652674870e+03
3.250000000000000000e+01 1.347770212183914964e+03
3.291666666666666430e+01 1.276379869587081203e+03
3.333333333333333570e+01 1.204577332385379577e+03
3.375000000000000000e+01 1.132362386363348378e+03
3.416666666666666430e+01 1.059734898559098838e+03
3.458333333333333570e+01 9.866947560800454085e+02
3.500000000000000000e+01 9.132419002577291849e+02
3.541666666666666430e+01 8.393763248743529175e+02
3.583333333333333570e+01 7.650980459716552105e+02
3.625000000000000000e+01 6.904070689892489554e+02
3.666666666666666430e+01 6.153033356264406848e+02
3.708333333333333570e+01 5.397867226328455672e+02
3.750000000000000000e+01 4.638570442318263645e+02
3.791666666666666430e+01 3.875140430060465633e+02
3.833333333333333570e+01 3.107573582525222946e+02
3.875000000000000000e+01 2.335865166079291271e+02
3.916666666666666430e+01 1.560009886279583498e+02
3.958333333333333570e+01 7.800021276046501839e+01
4.000000000000000000e+01 -2.605235919356241325e-08
