0.000000000000000000e+00 1.331627169642857211e-11
4.166666666666666852e-01 1.162055551105607663e+02
8.333333333333333703e-01 2.300351464397718360e+02
1.250000000000000000e+00 3.413866462334815424e+02
1.666666666666666741e+00 4.502167695127259321e+02
2.083333333333333481e+00 5.565293867853871461e+02
2.500000000000000000e+00 6.603414969389129965e+02
2.916666666666666519e+00 7.616599643574013498e+02
3.333333333333333481e+00 8.604828644296064795e+02
3.750000000000000000e+00 9.568077013745094064e+02
4.166666666666666963e+00 1.050632814865524551e+03
4.583333333333333037e+00 1.141956703007307851e+03
5.000000000000000000e+00 1.230778165654383201e+03
5.416666666666666963e+00 1.317094212932751816e+03
5.833333333333333037e+00 1.400900007896887018e+03
6.250000000000000000e+00 1.482194369823826264e+03
6.666666666666666963e+00 1.560989738900623934e+03
7.083333333333333037e+00 1.637319566509460174e+03
7.500000000000000000e+00 1.711261852000891395e+03
7.916666666666666963e+00 1.782940299600728849e+03
8.333333333333333925e+00 1.852285207605234064e+03
8.750000000000000000e+00 1.919200375814725021e+03
9.166666666666666075e+00 1.983645006667498819e+03
9.583333333333333925e+00 2.045605708251051055e+03
1.000000000000000000e+01 2.105070309990797796e+03
1.041666666666666607e+01 2.162026344359067025e+03
1.083333333333333393e+01 2.216462623168978098e+03
1.125000000000000000e+01 2.268366688196530504e+03
1.166666666666666607e+01 2.317716990513662495e+03
1.208333333333333393e+01 2.364476501697552521e+03
1.250000000000000000e+01 2.408587970945600773e+03
1.291666666666666607e+01 2.449968426837888273e+03
1.333333333333333393e+01 2.488504222986694003e+03
1.375000000000000000e+01 2.524041254031455992e+03
1.416666666666666607e+01 2.556372923036973589e+03
1.458333333333333393e+01 2.585224046732356328e+03
1.500000000000000000e+01 2.610256425801623209e+03
1.541666666666666607e+01 2.631149548601563311e+03
1.583333333333333393e+01 2.647690308600747358e+03
1.625000000000000000e+01 2.660406154571703155e+03
1.666666666666666785e+01 2.669724399825766341e+03
1.708333333333333215e+01 2.675954290070859770e+03
1.750000000000000000e+01 2.679321729791030975e+03
1.791666666666666785e+01 2.679989748279225296e+03
1.833333333333333215e+01 2.678072078288741977e+03
1.875000000000000000e+01 2.673648369501675916e+03
1.916666666666666785e+01 2.666774497182131654e+03
1.958333333333333215e+01 2.657489242013851253e+03
2.000000000000000000e+01 2.645818175831162080e+03
2.041666666666666785e+01 2.631776358576064013e+03
2.083333333333333215e+01 2.615373912929451308e+03
2.125000000000000000e+01 2.596622639846191305e+03
2.166666666666666785e+01 2.575537079639389958e+03
2.208333333333333215e+01 2.552131388229565800e+03
2.250000000000000000e+01 2.526423286321482465e+03
2.291666666666666785e+01 2.498444412298773841e+03
2.333333333333333215e+01 2.468244514307400095e+03
2.375000000000000000e+01 2.435883934732821672e+03
2.416666666666666785e+01 2.401410693848640676e+03
2.458333333333333215e+01 2.364788304338757371e+03
2.500000000000000000e+01 2.325754097900309716e+03
2.541666666666666785e+01 2.284470194809915029e+03
2.583333333333333215e+01 2.241187451442860947e+03
2.625000000000000000e+01 2.195946603699627758e+03
2.666666666666666785e+01 2.148712003248963811e+03
2.708333333333333215e+01 2.099447815883818748e+03
2.750000000000000000e+01 2.048150025938768522e+03
2.791666666666666785e+01 1.994856267537161784e+03
2.833333333333333215e+01 1.939640577702793735e+03
2.875000000000000000e+01 1.882586253745487738e+03
2.916666666666666785e+01 1.823738086861032571e+03
2.958333333333333215e+01 1.763037592116035057e+03
3.000000000000000000e+01 1.700184164219158902e+03
3.041666666666666785e+01 1.635452497678113559e+03
3.083333333333333215e+01 1.569240900995725497e+03
3.125000000000000000e+01 1.502417640894590704e+03
3.166666666666666785e+01 1.435167718355884972e+03
3.208333333333333570e+01 1.367489299744099526e+03
3.250000000000000000e+01 1.299380847505628481e+03
3.291666666666666430e+01 1.230841086554923550e+03
3.333333333333333570e+01 1.161869009233396127e+03
3.375000000000000000e+01 1.092463887387413251e+03
3.416666666666666430e+01 1.022625235160443481e+03
3.458333333333333570e+01 9.523527549808450203e+02
3.500000000000000000e+01 8.816463766986289556e+02
3.541666666666666430e+01 8.105062637578671456e+02
3.583333333333333570e+01 7.389327987631082806e+02
3.625000000000000000e+01 6.669265728689844082e+02
3.666666666666666430e+01 5.944883553503053690e+02
3.708333333333333570e+01 5.216191091963753479e+02
3.750000000000000000e+01 4.483200015537250920e+02
3.791666666666666430e+01 3.745923933120918150e+02
3.833333333333333570e+01 3.004377940708824326e+02
3.875000000000000000e+01 2.258578237161366360e+02
3.916666666666666430e+01 1.508542254255438877e+02
3.958333333333333570e+01 7.542883929934100706e+01
4.000000000000000000e+01 -8.007886714844758558e-11
