0.000000000000000000e+00 -1.768497535914459462e-09
4.166666666666666852e-01 1.247562898865506043e+02
8.333333333333333703e-01 2.466338236838562352e+02
1.250000000000000000e+00 3.657677961386191896e+02
1.666666666666666741e+00 4.822240633107603571e+02
2.083333333333333481e+00 5.960057614613842816e+02
2.500000000000000000e+00 7.070960982025401336e+02
2.916666666666666519e+00 8.154923096835495926e+02
3.333333333333333481e+00 9.212030763658924570e+02
3.750000000000000000e+00 1.024236450910547774e+03
4.166666666666666963e+00 1.124595973233980203e+03
4.583333333333333037e+00 1.222275288168402767e+03
5.000000000000000000e+00 1.317252666417349701e+03
5.416666666666666963e+00 1.409485872703877931e+03
5.833333333333333037e+00 1.498902763202235747e+03
6.250000000000000000e+00 1.585378941194455365e+03
6.666666666666666963e+00 1.668692976534899572e+03
7.083333333333333037e+00 1.748458560609233245e+03
7.500000000000000000e+00 1.824254629446325907e+03
7.916666666666666963e+00 1.895536835350729689e+03
8.333333333333333925e+00 1.962643157089936039e+03
8.750000000000000000e+00 2.025963678102348240e+03
9.166666666666666075e+00 2.085843268875748436e+03
9.583333333333333925e+00 2.142529368324640927e+03
1.000000000000000000e+01 2.196188971649167797e+03
1.041666666666666607e+01 2.246938287271750596e+03
1.083333333333333393e+01 2.294855012330388945e+03
1.125000000000000000e+01 2.339979457933340200e+03
1.166666666666666607e+01 2.382320049565244062e+03
1.208333333333333393e+01 2.421874033442437394e+03
1.250000000000000000e+01 2.458642241985753571e+03
1.291666666666666607e+01 2.492632249291843436e+03
1.333333333333333393e+01 2.523862455691018567e+03
1.375000000000000000e+01 2.552359233925436911e+03
1.416666666666666607e+01 2.578150578403331110e+03
1.458333333333333393e+01 2.601249664277138891e+03
1.500000000000000000e+01 2.621634896466048303e+03
1.541666666666666607e+01 2.639297167587313197e+03
1.583333333333333393e+01 2.654432423368159107e+03
1.625000000000000000e+01 2.667690796036420579e+03
1.666666666666666785e+01 2.678894522158534528e+03
1.708333333333333215e+01 2.687645624786011467e+03
1.750000000000000000e+01 2.693865695438190414e+03
1.791666666666666785e+01 2.697562940220285782e+03
1.833333333333333215e+01 2.698746946600571391e+03
1.875000000000000000e+01 2.697404901448289820e+03
1.916666666666666785e+01 2.693515550724735476e+03
1.958333333333333215e+01 2.687067715157239491e+03
2.000000000000000000e+01 2.678070249137262635e+03
2.041666666666666785e+01 2.666562708428753922e+03
2.083333333333333215e+01 2.652616127334575140e+03
2.125000000000000000e+01 2.636325219679578368e+03
2.166666666666666785e+01 2.617782494787132237e+03
2.208333333333333215e+01 2.597046931279675391e+03
2.250000000000000000e+01 2.574118312107797919e+03
2.291666666666666785e+01 2.548941458172189414e+03
2.333333333333333215e+01 2.521436247826854469e+03
2.375000000000000000e+01 2.491518886933728936e+03
2.416666666666666785e+01 2.459137219287757944e+03
2.458333333333333215e+01 2.424426370521187891e+03
2.500000000000000000e+01 2.388074106985097387e+03
2.541666666666666785e+01 2.349899691599327525e+03
2.583333333333333215e+01 2.309324110015928909e+03
2.625000000000000000e+01 2.266267594546838609e+03
2.666666666666666785e+01 2.220823278659153402e+03
2.708333333333333215e+01 2.173101526614046634e+03
2.750000000000000000e+01 2.123195963914233289e+03
2.791666666666666785e+01 2.071187468213747252e+03
2.833333333333333215e+01 2.017128555029921017e+03
2.875000000000000000e+01 1.960988374844252348e+03
2.916666666666666785e+01 1.902653843490088548e+03
2.958333333333333215e+01 1.842058071006664250e+03
3.000000000000000000e+01 1.779384078181114319e+03
3.041666666666666785e+01 1.715300127680554624e+03
3.083333333333333215e+01 1.649885685711614542e+03
3.125000000000000000e+01 1.582727430588061907e+03
3.166666666666666785e+01 1.513759963302208689e+03
3.208333333333333570e+01 1.443124447182337690e+03
3.250000000000000000e+01 1.371040247895791254e+03
3.291666666666666430e+01 1.298393511467782218e+03
3.333333333333333570e+01 1.225329497843709305e+03
3.375000000000000000e+01 1.151848210979939267e+03
3.416666666666666430e+01 1.077949560160786859e+03
3.458333333333333570e+01 1.003633568968117743e+03
3.500000000000000000e+01 9.289003157739147127e+02
3.541666666666666430e+01 8.537498903546883184e+02
3.583333333333333570e+01 7.781823750054301172e+02
3.625000000000000000e+01 7.021978365118078500e+02
3.666666666666666430e+01 6.257963514097142479e+02
3.708333333333333570e+01 5.489779921369886324e+02
3.750000000000000000e+01 4.717428200267455054e+02
3.791666666666666430e+01 3.940908964988459502e+02
3.833333333333333570e+01 3.160223170335478358e+02
3.875000000000000000e+01 2.375372174014594009e+02
3.916666666666666430e+01 1.586357091936567940e+02
3.958333333333333570e+01 7.931785119349082436e+01
4.000000000000000000e+01 9.304842313317962521e-11
