0.000000000000000000e+00 2.018995893041108936e-07
4.166666666666666852e-01 1.184920757054539706e+02
8.333333333333333703e-01 2.345397147784135825e+02
1.250000000000000000e+00 3.480522052385905454e+02
1.666666666666666741e+00 4.589809122275959794e+02
2.083333333333333481e+00 5.673124858767910155e+02
2.500000000000000000e+00 6.730441904698928965e+02
2.916666666666666519e+00 7.761660922535465943e+02
3.333333333333333481e+00 8.766615666120538890e+02
3.750000000000000000e+00 9.745125421117012365e+02
4.166666666666666963e+00 1.069701191886525976e+03
4.583333333333333037e+00 1.162210020452293975e+03
5.000000000000000000e+00 1.252021640474202286e+03
5.416666666666666963e+00 1.339118165383465566e+03
5.833333333333333037e+00 1.423480941182492870e+03
6.250000000000000000e+00 1.505096240184443104e+03
6.666666666666666963e+00 1.583969037983438056e+03
7.083333333333333037e+00 1.660144306904034238e+03
7.500000000000000000e+00 1.733696548517244992e+03
7.916666666666666963e+00 1.804613168713162395e+03
8.333333333333333925e+00 1.872810541269105443e+03
8.750000000000000000e+00 1.938242996158767937e+03
9.166666666666666075e+00 2.000885578211634311e+03
9.583333333333333925e+00 2.060719663737325391e+03
1.000000000000000000e+01 2.117730430214141961e+03
1.041666666666666607e+01 2.171906337884387540e+03
1.083333333333333393e+01 2.223240011478707402e+03
1.125000000000000000e+01 2.271728211108663345e+03
1.166666666666666607e+01 2.317368400782851040e+03
1.208333333333333393e+01 2.360156984219909646e+03
1.250000000000000000e+01 2.400090533532231802e+03
1.291666666666666607e+01 2.437166987230775703e+03
1.333333333333333393e+01 2.471388722136955494e+03
1.375000000000000000e+01 2.502764342927017424e+03
1.416666666666666607e+01 2.531311037095112624e+03
1.458333333333333393e+01 2.557058154553360964e+03
1.500000000000000000e+01 2.580043235402910341e+03
1.541666666666666607e+01 2.600291418781633638e+03
1.583333333333333393e+01 2.617767121305003457e+03
1.625000000000000000e+01 2.632305078011196201e+03
1.666666666666666785e+01 2.643971500748793005e+03
1.708333333333333215e+01 2.652915593178757717e+03
1.750000000000000000e+01 2.659197738282915907e+03
1.791666666666666785e+01 2.662851375222694969e+03
1.833333333333333215e+01 2.663896009052832142e+03
1.875000000000000000e+01 2.662334794477364539e+03
1.916666666666666785e+01 2.658155723335511539e+03
1.958333333333333215e+01 2.651342687962185664e+03
2.000000000000000000e+01 2.641884805907653117e+03
2.041666666666666785e+01 2.629780265209636127e+03
2.083333333333333215e+01 2.615037361235069966e+03
2.125000000000000000e+01 2.597674838948506476e+03
2.166666666666666785e+01 2.577719836656037387e+03
2.208333333333333215e+01 2.555203162193605294e+03
2.250000000000000000e+01 2.530158877352999298e+03
2.291666666666666785e+01 2.502630947948665380e+03
2.333333333333333215e+01 2.472677407112674700e+03
2.375000000000000000e+01 2.440364023085607641e+03
2.416666666666666785e+01 2.405746798530326942e+03
2.458333333333333215e+01 2.368820648268965215e+03
2.500000000000000000e+01 2.329417208154264699e+03
2.541666666666666785e+01 2.287673086197276916e+03
2.583333333333333215e+01 2.243813733381309248e+03
2.625000000000000000e+01 2.197918116259450017e+03
2.666666666666666785e+01 2.149998846626260274e+03
2.708333333333333215e+01 2.100044224794803085e+03
2.750000000000000000e+01 2.048053678162068536e+03
2.791666666666666785e+01 1.994061209674239990e+03
2.833333333333333215e+01 1.938132008738640252e+03
2.875000000000000000e+01 1.880320591343867591e+03
2.916666666666666785e+01 1.820656284614787637e+03
2.958333333333333215e+01 1.759266880683615454e+03
3.000000000000000000e+01 1.696351362403356006e+03
3.041666666666666785e+01 1.632952032797802758e+03
3.083333333333333215e+01 1.567936480865045951e+03
3.125000000000000000e+01 1.501054482201484234e+03
3.166666666666666785e+01 1.433562582878061221e+03
3.208333333333333570e+01 1.365673268359230406e+03
3.250000000000000000e+01 1.297386626015071670e+03
3.291666666666666430e+01 1.228702601001208905e+03
3.333333333333333570e+01 1.159620975040647181e+03
3.375000000000000000e+01 1.090141346028730368e+03
3.416666666666666430e+01 1.020263163133823809e+03
3.458333333333333570e+01 9.499857832823905710e+02
3.500000000000000000e+01 8.793084380628308736e+02
3.541666666666666430e+01 8.082302351675702994e+02
3.583333333333333570e+01 7.367501806835131219e+02
3.625000000000000000e+01 6.648671967111871481e+02
3.666666666666666430e+01 5.925801568056165252e+02
3.708333333333333570e+01 5.198878730084127255e+02
3.750000000000000000e+01 4.467890844754695649e+02
3.791666666666666430e+01 3.732824628525048638e+02
3.833333333333333570e+01 2.993666478436272769e+02
3.875000000000000000e+01 2.250402720389662363e+02
3.916666666666666430e+01 1.503019306189470967e+02
3.958333333333333570e+01 7.515018653611706156e+01
4.000000000000000000e+01 -1.807422548433246234e-08
