0.000000000000000000e+00 -2.859677174678332268e-06
4.166666666666666852e-01 6.666739038931625316e+01
8.333333333333333703e-01 1.294064322200944446e+02
1.250000000000000000e+00 1.882497332227179072e+02
1.666666666666666741e+00 2.433265610551405587e+02
2.083333333333333481e+00 2.947784881870286995e+02
2.500000000000000000e+00 3.427324379436720392e+02
2.916666666666666519e+00 3.873121190066546546e+02
3.333333333333333481e+00 4.286410716564296308e+02
3.750000000000000000e+00 4.668422944075892929e+02
4.166666666666666963e+00 5.020362846906174354e+02
4.583333333333333037e+00 5.343365824870496681e+02
5.000000000000000000e+00 5.638396886353937134e+02
5.416666666666666963e+00 5.906110139614761465e+02
5.833333333333333037e+00 6.147346401177431972e+02
6.250000000000000000e+00 6.366342435751329276e+02
6.666666666666666963e+00 6.572383628733977048e+02
7.083333333333333037e+00 6.770614008703963691e+02
7.500000000000000000e+00 6.953106539169381222e+02
7.916666666666666963e+00 7.120580216304342684e+02
8.333333333333333925e+00 7.274064161598309965e+02
8.750000000000000000e+00 7.414362377258365768e+02
9.166666666666666075e+00 7.542288141927220977e+02
9.583333333333333925e+00 7.658650699593392801e+02
1.000000000000000000e+01 7.764238681242276243e+02
1.041666666666666607e+01 7.859809941635676296e+02
1.083333333333333393e+01 7.946081228478009280e+02
1.125000000000000000e+01 8.023724080875048230e+02
1.166666666666666607e+01 8.093367531854059962e+02
1.208333333333333393e+01 8.155601729371078363e+02
1.250000000000000000e+01 8.210980277312808084e+02
1.291666666666666607e+01 8.260021533673384511e+02
1.333333333333333393e+01 8.303209348426557881e+02
1.375000000000000000e+01 8.340993715713623260e+02
1.416666666666666607e+01 8.373791549849410103e+02
1.458333333333333393e+01 8.401987514284018062e+02
1.500000000000000000e+01 8.425934514367476140e+02
1.541666666666666607e+01 8.445953746918022489e+02
1.583333333333333393e+01 8.462334923642815738e+02
1.625000000000000000e+01 8.475337234543185332e+02
1.666666666666666785e+01 8.485190812531944857e+02
1.708333333333333215e+01 8.492098099465009682e+02
1.750000000000000000e+01 8.496234670236004831e+02
1.791666666666666785e+01 8.497749432288214848e+02
1.833333333333333215e+01 8.496764812110044431e+02
1.875000000000000000e+01 8.493386086606319623e+02
1.916666666666666785e+01 8.487736384079120171e+02
1.958333333333333215e+01 8.480047917231387373e+02
2.000000000000000000e+01 8.471096220600524020e+02
2.041666666666666785e+01 8.459360843394455287e+02
2.083333333333333215e+01 8.444924065718461179e+02
2.125000000000000000e+01 8.428403802236294950e+02
2.166666666666666785e+01 8.409798721383452857e+02
2.208333333333333215e+01 8.388964927721708591e+02
2.250000000000000000e+01 8.365729015665984889e+02
2.291666666666666785e+01 8.339907165006260357e+02
2.333333333333333215e+01 8.311297625871850414e+02
2.375000000000000000e+01 8.279673363470145659e+02
2.416666666666666785e+01 8.244786098824961300e+02
2.458333333333333215e+01 8.206378089187807063e+02
2.500000000000000000e+01 8.164184759583047253e+02
2.541666666666666785e+01 8.117923643673798324e+02
2.583333333333333215e+01 8.067283851858543358e+02
2.625000000000000000e+01 8.011923850663019948e+02
2.666666666666666785e+01 7.951472675762502149e+02
2.708333333333333215e+01 7.885531180607368924e+02
2.750000000000000000e+01 7.813673243405243056e+02
2.791666666666666785e+01 7.735447075615675203e+02
2.833333333333333215e+01 7.650376541808036563e+02
2.875000000000000000e+01 7.557961970624168089e+02
2.916666666666666785e+01 7.457680056888717672e+02
2.958333333333333215e+01 7.348983733605035695e+02
3.000000000000000000e+01 7.231303288713058919e+02
3.041666666666666785e+01 7.104048436801646176e+02
3.083333333333333215e+01 6.966609743840944020e+02
3.125000000000000000e+01 6.818357894226921871e+02
3.166666666666666785e+01 6.658642887689601366e+02
3.208333333333333570e+01 6.486802508904925162e+02
3.250000000000000000e+01 6.302280178550696519e+02
3.291666666666666430e+01 6.105254463345391969e+02
3.333333333333333570e+01 5.897732327020991079e+02
3.375000000000000000e+01 5.680455625320948911e+02
3.416666666666666430e+01 5.447925327934967754e+02
3.458333333333333570e+01 5.198741340469338184e+02
3.500000000000000000e+01 4.931946248507674682e+02
3.541666666666666430e+01 4.646425495840292115e+02
3.583333333333333570e+01 4.341113611216034656e+02
3.625000000000000000e+01 4.014999154868355618e+02
3.666666666666666430e+01 3.667106595767830868e+02
3.708333333333333570e+01 3.296489076468236021e+02
3.750000000000000000e+01 2.902232193912666958e+02
3.791666666666666430e+01 2.483465652277350273e+02
3.833333333333333570e+01 2.039382026812328945e+02
3.875000000000000000e+01 1.569268240666058603e+02
3.916666666666666430e+01 1.072575742457356540e+02
3.958333333333333570e+01 5.492104486274900665e+01
4.000000000000000000e+01 -2.817904306680329984e-06
