0.000000000000000000e+00 7.157943474056516209e-10
4.166666666666666852e-01 1.184757389457710985e+02
8.333333333333333703e-01 2.344885655199178700e+02
1.250000000000000000e+00 3.476716338160670716e+02
1.666666666666666741e+00 4.579292208365975512e+02
2.083333333333333481e+00 5.653212555737073899e+02
2.500000000000000000e+00 6.698918941988986262e+02
2.916666666666666519e+00 7.716352339084861569e+02
3.333333333333333481e+00 8.705322394535044168e+02
3.750000000000000000e+00 9.665591651612776332e+02
4.166666666666666963e+00 1.059682222876688002e+03
4.583333333333333037e+00 1.149846619382320796e+03
5.000000000000000000e+00 1.237011523245026183e+03
5.416666666666666963e+00 1.321188873825105929e+03
5.833333333333333037e+00 1.402403444770267697e+03
6.250000000000000000e+00 1.480634736871020777e+03
6.666666666666666963e+00 1.555840061152439148e+03
7.083333333333333037e+00 1.627980756925800961e+03
7.500000000000000000e+00 1.697031015178947655e+03
7.916666666666666963e+00 1.763026256013933789e+03
8.333333333333333925e+00 1.826248727475021497e+03
8.750000000000000000e+00 1.887254541407127135e+03
9.166666666666666075e+00 1.945644551788644094e+03
9.583333333333333925e+00 2.000850029062554313e+03
1.000000000000000000e+01 2.052788470069753657e+03
1.041666666666666607e+01 2.101587335378051193e+03
1.083333333333333393e+01 2.147377768235245640e+03
1.125000000000000000e+01 2.190258666990696383e+03
1.166666666666666607e+01 2.230317643829968347e+03
1.208333333333333393e+01 2.267661806259107379e+03
1.250000000000000000e+01 2.302448422430442861e+03
1.291666666666666607e+01 2.334886803167401922e+03
1.333333333333333393e+01 2.365135445089698351e+03
1.375000000000000000e+01 2.392984454391086729e+03
1.416666666666666607e+01 2.417424674940254590e+03
1.458333333333333393e+01 2.438637739424110350e+03
1.500000000000000000e+01 2.457307634411507934e+03
1.541666666666666607e+01 2.473554167755722119e+03
1.583333333333333393e+01 2.487324537428924941e+03
1.625000000000000000e+01 2.498533936637404167e+03
1.666666666666666785e+01 2.507112426329462323e+03
1.708333333333333215e+01 2.513014946452551158e+03
1.750000000000000000e+01 2.516217047262171036e+03
1.791666666666666785e+01 2.516706860713218703e+03
1.833333333333333215e+01 2.514478212497680943e+03
1.875000000000000000e+01 2.509523730220322250e+03
1.916666666666666785e+01 2.501833976533831901e+03
1.958333333333333215e+01 2.491406043625810980e+03
2.000000000000000000e+01 2.478247699258273769e+03
2.041666666666666785e+01 2.462367643875085832e+03
2.083333333333333215e+01 2.443775703157173211e+03
2.125000000000000000e+01 2.422505408690213699e+03
2.166666666666666785e+01 2.398624331153072490e+03
2.208333333333333215e+01 2.372219904319760644e+03
2.250000000000000000e+01 2.343391323870861015e+03
2.291666666666666785e+01 2.312257715157563780e+03
2.333333333333333215e+01 2.278971377963534451e+03
2.375000000000000000e+01 2.243786029508162301e+03
2.416666666666666785e+01 2.206945129545255440e+03
2.458333333333333215e+01 2.169461606875156576e+03
2.500000000000000000e+01 2.130347629813521053e+03
2.541666666666666785e+01 2.089288520421334852e+03
2.583333333333333215e+01 2.046200279520577624e+03
2.625000000000000000e+01 2.001045377870060292e+03
2.666666666666666785e+01 1.953845348770084911e+03
2.708333333333333215e+01 1.904630638249345111e+03
2.750000000000000000e+01 1.853383967028943516e+03
2.791666666666666785e+01 1.800086317534162390e+03
2.833333333333333215e+01 1.744872226538849645e+03
2.875000000000000000e+01 1.687891848976755909e+03
2.916666666666666785e+01 1.630345003671465065e+03
2.958333333333333215e+01 1.572363529113304594e+03
3.000000000000000000e+01 1.513960163191058200e+03
3.041666666666666785e+01 1.455146796333044676e+03
3.083333333333333215e+01 1.395934151855894925e+03
3.125000000000000000e+01 1.336331756189300904e+03
3.166666666666666785e+01 1.276347842596230748e+03
3.208333333333333570e+01 1.215989411388946792e+03
3.250000000000000000e+01 1.155262251643121999e+03
3.291666666666666430e+01 1.094170966114064186e+03
3.333333333333333570e+01 1.032718994349400873e+03
3.375000000000000000e+01 9.709086326209319395e+02
3.416666666666666430e+01 9.087410247740142495e+02
3.458333333333333570e+01 8.462161777404080567e+02
3.500000000000000000e+01 7.833331217038229397e+02
3.541666666666666430e+01 7.200900624858625179e+02
3.583333333333333570e+01 6.564845060787164357e+02
3.625000000000000000e+01 5.925133578203950719e+02
3.666666666666666430e+01 5.281729688395383846e+02
3.708333333333333570e+01 4.634592079455339331e+02
3.750000000000000000e+01 3.983675177089068598e+02
3.791666666666666430e+01 3.328929528783949081e+02
3.833333333333333570e+01 2.670302042134183580e+02
3.875000000000000000e+01 2.007736631988852309e+02
3.916666666666666430e+01 1.341175657340778287e+02
3.958333333333333570e+01 6.705609160422017112e+01
4.000000000000000000e+01 -1.392927363730311896e-09
