0.000000000000000000e+00 -1.451750951397823286e-08
4.166666666666666852e-01 1.516989452300173546e+01
8.333333333333333703e-01 2.841041156497624343e+01
1.250000000000000000e+00 3.980571661400684036e+01
1.666666666666666741e+00 4.944770028129394746e+01
2.083333333333333481e+00 5.742983671622019415e+01
2.500000000000000000e+00 6.384574765549573527e+01
2.916666666666666519e+00 6.879000028879760009e+01
3.333333333333333481e+00 7.236078096689514894e+01
3.750000000000000000e+00 7.466539698155209237e+01
4.166666666666666963e+00 7.583224404295475551e+01
4.583333333333333037e+00 7.605588305535214033e+01
5.000000000000000000e+00 7.556226239358805685e+01
5.416666666666666963e+00 7.471657549869074444e+01
5.833333333333333037e+00 7.351395211467441015e+01
6.250000000000000000e+00 7.198417776251972100e+01
6.666666666666666963e+00 7.016282944477363515e+01
7.083333333333333037e+00 6.808551978265909099e+01
7.500000000000000000e+00 6.578633961339700420e+01
7.916666666666666963e+00 6.329774117914718090e+01
8.333333333333333925e+00 6.065057479691252951e+01
8.750000000000000000e+00 5.787415692285621560e+01
9.166666666666666075e+00 5.499633961902646462e+01
9.583333333333333925e+00 5.204357994183849456e+01
1.000000000000000000e+01 4.904100999819781492e+01
1.041666666666666607e+01 4.601250810891211529e+01
1.083333333333333393e+01 4.298077100440043807e+01
1.125000000000000000e+01 3.996738667700262937e+01
1.166666666666666607e+01 3.699290732425274086e+01
1.208333333333333393e+01 3.407692157076022710e+01
1.250000000000000000e+01 3.123812454792133408e+01
1.291666666666666607e+01 2.849438261903421576e+01
1.333333333333333393e+01 2.586278581313777636e+01
1.375000000000000000e+01 2.335966581512161966e+01
1.416666666666666607e+01 2.100060559019036788e+01
1.458333333333333393e+01 1.880003582487868030e+01
1.500000000000000000e+01 1.677410891337282450e+01
1.541666666666666607e+01 1.493227204700651178e+01
1.583333333333333393e+01 1.328913616484697968e+01
1.625000000000000000e+01 1.186198473796098085e+01
1.666666666666666785e+01 1.066190559250094161e+01
1.708333333333333215e+01 9.702235497645670392e+00
1.750000000000000000e+01 8.995501781679569930e+00
1.791666666666666785e+01 8.553903526317617079e+00
1.833333333333333215e+01 8.389369066577987866e+00
1.875000000000000000e+01 8.513610351177270275e+00
1.916666666666666785e+01 8.938140768488292309e+00
1.958333333333333215e+01 9.674276526524367981e+00
2.000000000000000000e+01 1.073312703413390601e+01
2.041666666666666785e+01 1.212557639919816133e+01
2.083333333333333215e+01 1.386225636740793909e+01
2.125000000000000000e+01 1.595350998811501952e+01
2.166666666666666785e+01 1.840934358539590576e+01
2.208333333333333215e+01 2.123935994991196807e+01
2.250000000000000000e+01 2.445265133295850291e+01
2.291666666666666785e+01 2.805760008545546214e+01
2.333333333333333215e+01 3.206139483820637537e+01
2.375000000000000000e+01 3.646963100300068561e+01
2.416666666666666785e+01 4.128283580477808812e+01
2.458333333333333215e+01 4.654319304336603835e+01
2.500000000000000000e+01 5.200508257520420585e+01
2.541666666666666785e+01 5.742018534632750004e+01
2.583333333333333215e+01 6.277643083044134897e+01
2.625000000000000000e+01 6.806833377719844691e+01
2.666666666666666785e+01 7.328919811357698677e+01
2.708333333333333215e+01 7.843151698050708376e+01
2.750000000000000000e+01 8.348642055626692127e+01
2.791666666666666785e+01 8.844308016576957243e+01
2.833333333333333215e+01 9.328822132855701454e+01
2.875000000000000000e+01 9.800573284170123145e+01
2.916666666666666785e+01 1.025763364709560932e+02
2.958333333333333215e+01 1.069772919947136529e+02
3.000000000000000000e+01 1.111821228342299150e+02
3.041666666666666785e+01 1.151603545637693600e+02
3.083333333333333215e+01 1.188772629747040810e+02
3.125000000000000000e+01 1.222936312030032582e+02
3.166666666666666785e+01 1.253655175147052887e+02
3.208333333333333570e+01 1.280440372963900018e+02
3.250000000000000000e+01 1.302751651607096619e+02
3.291666666666666430e+01 1.319995667397217574e+02
3.333333333333333570e+01 1.331524765330582909e+02
3.375000000000000000e+01 1.336636535785797264e+02
3.416666666666666430e+01 1.334574736861387407e+02
3.458333333333333570e+01 1.324533811791652340e+02
3.500000000000000000e+01 1.305661825086369845e+02
3.541666666666666430e+01 1.275855170437141055e+02
3.583333333333333570e+01 1.234388312930979481e+02
3.625000000000000000e+01 1.180392227859490930e+02
3.666666666666666430e+01 1.112927743508949732e+02
3.708333333333333570e+01 1.031037569181525981e+02
3.750000000000000000e+01 9.337861557575179461e+01
3.791666666666666430e+01 8.203083987836069468e+01
3.833333333333333570e+01 6.898775873533432446e+01
3.875000000000000000e+01 5.420044392178364490e+01
3.916666666666666430e+01 3.765812038802725681e+01
3.958333333333333570e+01 1.941284237689715653e+01
4.000000000000000000e+01 -4.384776366994636021e-08
