0.000000000000000000e+00 -4.499312221406537304e-09
4.166666666666666852e-01 1.287929336079617144e+02
8.333333333333333703e-01 2.543907987243466096e+02
1.250000000000000000e+00 3.770143118399528817e+02
1.666666666666666741e+00 4.967392842802514679e+02
2.083333333333333481e+00 6.135103960387131110e+02
2.500000000000000000e+00 7.272295179884024492e+02
2.916666666666666519e+00 8.378259647264374053e+02
3.333333333333333481e+00 9.452573016532375050e+02
3.750000000000000000e+00 1.049488879091092485e+03
4.166666666666666963e+00 1.150483373068830815e+03
4.583333333333333037e+00 1.248203982697646325e+03
5.000000000000000000e+00 1.342621734413893591e+03
5.416666666666666963e+00 1.433721624522497677e+03
5.833333333333333037e+00 1.521509506024353414e+03
6.250000000000000000e+00 1.606003317621652968e+03
6.666666666666666963e+00 1.687201568584963525e+03
7.083333333333333037e+00 1.765050452047024464e+03
7.500000000000000000e+00 1.839367200214272998e+03
7.916666666666666963e+00 1.909788877733591335e+03
8.333333333333333925e+00 1.976839553736088419e+03
8.750000000000000000e+00 2.040868749529382967e+03
9.166666666666666075e+00 2.101957024246469700e+03
9.583333333333333925e+00 2.160045629416066731e+03
1.000000000000000000e+01 2.215062793183027679e+03
1.041666666666666607e+01 2.266950753573129077e+03
1.083333333333333393e+01 2.315669333253270452e+03
1.125000000000000000e+01 2.361203699230457460e+03
1.166666666666666607e+01 2.403564117668987819e+03
1.208333333333333393e+01 2.442778982799445657e+03
1.250000000000000000e+01 2.478898797084197668e+03
1.291666666666666607e+01 2.511998285600188865e+03
1.333333333333333393e+01 2.542169250377987737e+03
1.375000000000000000e+01 2.569503983477450220e+03
1.416666666666666607e+01 2.594056068950388635e+03
1.458333333333333393e+01 2.615813076929836825e+03
1.500000000000000000e+01 2.634773868860521361e+03
1.541666666666666607e+01 2.651224320215146690e+03
1.583333333333333393e+01 2.666180419025945412e+03
1.625000000000000000e+01 2.679154866092663724e+03
1.666666666666666785e+01 2.689445833822098848e+03
1.708333333333333215e+01 2.696957063741500860e+03
1.750000000000000000e+01 2.701758881036811545e+03
1.791666666666666785e+01 2.703947891343291758e+03
1.833333333333333215e+01 2.703600495367001713e+03
1.875000000000000000e+01 2.700772106483593234e+03
1.916666666666666785e+01 2.695508843403320498e+03
1.958333333333333215e+01 2.687860018737324936e+03
2.000000000000000000e+01 2.677861806840692225e+03
2.041666666666666785e+01 2.665522732285335223e+03
2.083333333333333215e+01 2.650851945164049539e+03
2.125000000000000000e+01 2.633878889675107075e+03
2.166666666666666785e+01 2.614646521721276258e+03
2.208333333333333215e+01 2.593215524645266669e+03
2.250000000000000000e+01 2.569680745450244103e+03
2.291666666666666785e+01 2.544144704889783497e+03
2.333333333333333215e+01 2.516662989132112671e+03
2.375000000000000000e+01 2.487162752625796202e+03
2.416666666666666785e+01 2.455449921103573615e+03
2.458333333333333215e+01 2.421629792492520664e+03
2.500000000000000000e+01 2.387148605236942331e+03
2.541666666666666785e+01 2.351414423630976216e+03
2.583333333333333215e+01 2.313093899884659550e+03
2.625000000000000000e+01 2.271958726395771009e+03
2.666666666666666785e+01 2.228181957790915476e+03
2.708333333333333215e+01 2.182007859689578254e+03
2.750000000000000000e+01 2.133616276847696554e+03
2.791666666666666785e+01 2.083106565642193800e+03
2.833333333333333215e+01 2.030515977347494754e+03
2.875000000000000000e+01 1.975826502883515104e+03
2.916666666666666785e+01 1.918976022301700141e+03
2.958333333333333215e+01 1.859994950585970628e+03
3.000000000000000000e+01 1.799199171328999682e+03
3.041666666666666785e+01 1.737905273400717761e+03
3.083333333333333215e+01 1.674740030535574078e+03
3.125000000000000000e+01 1.609638341545672120e+03
3.166666666666666785e+01 1.542803434393610132e+03
3.208333333333333570e+01 1.474349522340481599e+03
3.250000000000000000e+01 1.404315677925402042e+03
3.291666666666666430e+01 1.332671982705598111e+03
3.333333333333333570e+01 1.259368241178655808e+03
3.375000000000000000e+01 1.184513682562161421e+03
3.416666666666666430e+01 1.108506623514722378e+03
3.458333333333333570e+01 1.032009728853890692e+03
3.500000000000000000e+01 9.550953566232933554e+02
3.541666666666666430e+01 8.777638024510595187e+02
3.583333333333333570e+01 8.000151404796251882e+02
3.625000000000000000e+01 7.218493373350105458e+02
3.666666666666666430e+01 6.432663023719294415e+02
3.708333333333333570e+01 5.642659278211060609e+02
3.750000000000000000e+01 4.848481439400170530e+02
3.791666666666666430e+01 4.050129766759062022e+02
3.833333333333333570e+01 3.247605914935842861e+02
3.875000000000000000e+01 2.440912650267221409e+02
3.916666666666666430e+01 1.630052562874194848e+02
3.958333333333333570e+01 8.150271700609840764e+01
4.000000000000000000e+01 -1.885005831980812729e-10
