0.000000000000000000e+00 2.761667151907065687e-09
4.166666666666666852e-01 1.168488526754436521e+02
8.333333333333333703e-01 2.331613411873989321e+02
1.250000000000000000e+00 3.473276813855704290e+02
1.666666666666666741e+00 4.593207145356880119e+02
2.083333333333333481e+00 5.690243682974819421e+02
2.500000000000000000e+00 6.763949354977241910e+02
2.916666666666666519e+00 7.813747989298160519e+02
3.333333333333333481e+00 8.839084229618233621e+02
3.750000000000000000e+00 9.839571004606008273e+02
4.166666666666666963e+00 1.081493465791817925e+03
4.583333333333333037e+00 1.176492160852384359e+03
5.000000000000000000e+00 1.268916611357686634e+03
5.416666666666666963e+00 1.358721027199561831e+03
5.833333333333333037e+00 1.445881027060402630e+03
6.250000000000000000e+00 1.530390359648173671e+03
6.666666666666666963e+00 1.612199921118409748e+03
7.083333333333333037e+00 1.691206460537933935e+03
7.500000000000000000e+00 1.767305888960803941e+03
7.916666666666666963e+00 1.840467616954313826e+03
8.333333333333333925e+00 1.910938412452634566e+03
8.750000000000000000e+00 1.979276050986213932e+03
9.166666666666666075e+00 2.044860954152101385e+03
9.583333333333333925e+00 2.106993098084056328e+03
1.000000000000000000e+01 2.165443712266594048e+03
1.041666666666666607e+01 2.220312138179524936e+03
1.083333333333333393e+01 2.271753032380474451e+03
1.125000000000000000e+01 2.319672373433412304e+03
1.166666666666666607e+01 2.364209414779338658e+03
1.208333333333333393e+01 2.405433050304466178e+03
1.250000000000000000e+01 2.443407039205817000e+03
1.291666666666666607e+01 2.478071165197065511e+03
1.333333333333333393e+01 2.509275099875372689e+03
1.375000000000000000e+01 2.537104302065964930e+03
1.416666666666666607e+01 2.561900275639189658e+03
1.458333333333333393e+01 2.586230292268314315e+03
1.500000000000000000e+01 2.607611830781191202e+03
1.541666666666666607e+01 2.625917653480488298e+03
1.583333333333333393e+01 2.641353392759102462e+03
1.625000000000000000e+01 2.654102102869103874e+03
1.666666666666666785e+01 2.664282225068141088e+03
1.708333333333333215e+01 2.671960616632439269e+03
1.750000000000000000e+01 2.677173856443850582e+03
1.791666666666666785e+01 2.679946402400469196e+03
1.833333333333333215e+01 2.680302496999433060e+03
1.875000000000000000e+01 2.678268171000188431e+03
1.916666666666666785e+01 2.673862357995343700e+03
1.958333333333333215e+01 2.667099836243659865e+03
2.000000000000000000e+01 2.658016553680763536e+03
2.041666666666666785e+01 2.646670530021006016e+03
2.083333333333333215e+01 2.633120596377991205e+03
2.125000000000000000e+01 2.617424008960055289e+03
2.166666666666666785e+01 2.599638281677351642e+03
2.208333333333333215e+01 2.579822545562283267e+03
2.250000000000000000e+01 2.558051103960313867e+03
2.291666666666666785e+01 2.534434744572060026e+03
2.333333333333333215e+01 2.509111106962419399e+03
2.375000000000000000e+01 2.482152308740957778e+03
2.416666666666666785e+01 2.453340512952289828e+03
2.458333333333333215e+01 2.421832434530087994e+03
2.500000000000000000e+01 2.387620505606492770e+03
2.541666666666666785e+01 2.351218379849138728e+03
2.583333333333333215e+01 2.312688836114357400e+03
2.625000000000000000e+01 2.271950886214285219e+03
2.666666666666666785e+01 2.228936105030320959e+03
2.708333333333333215e+01 2.183630311915439052e+03
2.750000000000000000e+01 2.136061935745525261e+03
2.791666666666666785e+01 2.086291610496407429e+03
2.833333333333333215e+01 2.034415061068422801e+03
2.875000000000000000e+01 1.980564482377566492e+03
2.916666666666666785e+01 1.924846321932355295e+03
2.958333333333333215e+01 1.867112930531770417e+03
3.000000000000000000e+01 1.806545710292958574e+03
3.041666666666666785e+01 1.743351453507789984e+03
3.083333333333333215e+01 1.678033552973030964e+03
3.125000000000000000e+01 1.610669563473005837e+03
3.166666666666666785e+01 1.541245816983596342e+03
3.208333333333333570e+01 1.469806340764739616e+03
3.250000000000000000e+01 1.396405897091401130e+03
3.291666666666666430e+01 1.322392974257335027e+03
3.333333333333333570e+01 1.247954903135909035e+03
3.375000000000000000e+01 1.173092427305728279e+03
3.416666666666666430e+01 1.097806145048082044e+03
3.458333333333333570e+01 1.022096463361590168e+03
3.500000000000000000e+01 9.459637259188382359e+02
3.541666666666666430e+01 8.694083325724955102e+02
3.583333333333333570e+01 7.924308185233948052e+02
3.625000000000000000e+01 7.150318767876478887e+02
3.666666666666666430e+01 6.372122877839037756e+02
3.708333333333333570e+01 5.589728458103337516e+02
3.750000000000000000e+01 4.803142684147746877e+02
3.791666666666666430e+01 4.012371166209946409e+02
3.833333333333333570e+01 3.217417529112207149e+02
3.875000000000000000e+01 2.418283969169138459e+02
3.916666666666666430e+01 1.614972952109891651e+02
3.958333333333333570e+01 8.074884358330510281e+01
4.000000000000000000e+01 3.196120000603652755e-09
