0.000000000000000000e+00 8.145598754533134311e-08
4.166666666666666852e-01 1.477531386065952574e+02
8.333333333333333703e-01 2.917279087049440136e+02
1.250000000000000000e+00 4.323138986511638109e+02
1.666666666666666741e+00 5.695046785058050318e+02
2.083333333333333481e+00 7.031599316023126676e+02
2.500000000000000000e+00 8.331904029438563839e+02
2.916666666666666519e+00 9.595184481931419214e+02
3.333333333333333481e+00 1.082065137976954702e+03
3.750000000000000000e+00 1.200782805241149617e+03
4.166666666666666963e+00 1.315683876897102664e+03
4.583333333333333037e+00 1.426789767921879729e+03
5.000000000000000000e+00 1.534117766944702225e+03
5.416666666666666963e+00 1.637762389531530971e+03
5.833333333333333037e+00 1.737885974784663631e+03
6.250000000000000000e+00 1.834621880711061294e+03
6.666666666666666963e+00 1.928002098305550135e+03
7.083333333333333037e+00 2.017952019404708153e+03
7.500000000000000000e+00 2.104356040759890675e+03
7.916666666666666963e+00 2.187101863644912100e+03
8.333333333333333925e+00 2.266053673238619012e+03
8.750000000000000000e+00 2.341077122658964981e+03
9.166666666666666075e+00 2.412063796532757351e+03
9.583333333333333925e+00 2.478896410988573734e+03
1.000000000000000000e+01 2.541465205147189863e+03
1.041666666666666607e+01 2.599690964082907158e+03
1.083333333333333393e+01 2.653506447842242324e+03
1.125000000000000000e+01 2.702844112504259556e+03
1.166666666666666607e+01 2.747657646032678713e+03
1.208333333333333393e+01 2.787919245481008147e+03
1.250000000000000000e+01 2.823610202067848149e+03
1.291666666666666607e+01 2.854717775197736046e+03
1.333333333333333393e+01 2.881236684769422936e+03
1.375000000000000000e+01 2.903180303332384028e+03
1.416666666666666607e+01 2.920531033575181027e+03
1.458333333333333393e+01 2.933233609724024518e+03
1.500000000000000000e+01 2.941313994708651990e+03
1.541666666666666607e+01 2.944917121472789404e+03
1.583333333333333393e+01 2.944188115196125182e+03
1.625000000000000000e+01 2.939261235970212510e+03
1.666666666666666785e+01 2.930356252542905168e+03
1.708333333333333215e+01 2.917775769566850613e+03
1.750000000000000000e+01 2.901869278789234613e+03
1.791666666666666785e+01 2.883065388950963097e+03
1.833333333333333215e+01 2.861827636678199269e+03
1.875000000000000000e+01 2.838535613213998204e+03
1.916666666666666785e+01 2.813519752675855671e+03
1.958333333333333215e+01 2.787033969908363815e+03
2.000000000000000000e+01 2.759203522586509280e+03
2.041666666666666785e+01 2.730154230232399641e+03
2.083333333333333215e+01 2.700059814284967160e+03
2.125000000000000000e+01 2.668970545043139282e+03
2.166666666666666785e+01 2.636731514802030233e+03
2.208333333333333215e+01 2.603053125914598695e+03
2.250000000000000000e+01 2.567431280896066255e+03
2.291666666666666785e+01 2.529132598609328852e+03
2.333333333333333215e+01 2.487715527557360474e+03
2.375000000000000000e+01 2.443650856744995053e+03
2.416666666666666785e+01 2.399013579476824816e+03
2.458333333333333215e+01 2.353860730762923140e+03
2.500000000000000000e+01 2.306739064260301348e+03
2.541666666666666785e+01 2.258517252186810310e+03
2.583333333333333215e+01 2.210234345465455590e+03
2.625000000000000000e+01 2.162523105614506221e+03
2.666666666666666785e+01 2.115481335239512191e+03
2.708333333333333215e+01 2.068748599523631128e+03
2.750000000000000000e+01 2.021725690914802726e+03
2.791666666666666785e+01 1.973760148933108894e+03
2.833333333333333215e+01 1.924382721156832304e+03
2.875000000000000000e+01 1.874034625830797268e+03
2.916666666666666785e+01 1.823130454904629232e+03
2.958333333333333215e+01 1.771718822862821071e+03
3.000000000000000000e+01 1.719810414304830829e+03
3.041666666666666785e+01 1.664046691516942701e+03
3.083333333333333215e+01 1.604869100515772516e+03
3.125000000000000000e+01 1.543193583506666073e+03
3.166666666666666785e+01 1.479655400210345306e+03
3.208333333333333570e+01 1.414543486651848752e+03
3.250000000000000000e+01 1.347892351510293793e+03
3.291666666666666430e+01 1.279599425284478684e+03
3.333333333333333570e+01 1.209676672223663900e+03
3.375000000000000000e+01 1.139214894871520983e+03
3.416666666666666430e+01 1.068281434304878530e+03
3.458333333333333570e+01 9.954954979840849774e+02
3.500000000000000000e+01 9.216437542849196234e+02
3.541666666666666430e+01 8.472652942157669713e+02
3.583333333333333570e+01 7.724188007024940816e+02
3.625000000000000000e+01 6.971115284207221521e+02
3.666666666666666430e+01 6.213512310182492229e+02
3.708333333333333570e+01 5.451443319732342161e+02
3.750000000000000000e+01 4.684959606700905397e+02
3.791666666666666430e+01 3.914099282467697094e+02
3.833333333333333570e+01 3.138902209355294417e+02
3.875000000000000000e+01 2.359468824960105735e+02
3.916666666666666430e+01 1.575800004988477667e+02
3.958333333333333570e+01 7.879145624070315534e+01
4.000000000000000000e+01 2.971984188609999578e-08
