0.000000000000000000e+00 1.131078154747999776e-09
4.166666666666666852e-01 1.276696888374883372e+02
8.333333333333333703e-01 2.520669656293628123e+02
1.250000000000000000e+00 3.734707077329257459e+02
1.666666666666666741e+00 4.919438278835021379e+02
2.083333333333333481e+00 6.073873438741529753e+02
2.500000000000000000e+00 7.196789311442840926e+02
2.916666666666666519e+00 8.287484572332753032e+02
3.333333333333333481e+00 9.345584467040672507e+02
3.750000000000000000e+00 1.037082324509977070e+03
4.166666666666666963e+00 1.136310340456243011e+03
4.583333333333333037e+00 1.232249889374270197e+03
5.000000000000000000e+00 1.324936795909054354e+03
5.416666666666666963e+00 1.414449594582924419e+03
5.833333333333333037e+00 1.500887239058161185e+03
6.250000000000000000e+00 1.584289830512082062e+03
6.666666666666666963e+00 1.664525935957829006e+03
7.083333333333333037e+00 1.741322147439003857e+03
7.500000000000000000e+00 1.815508510066694726e+03
7.916666666666666963e+00 1.887737643008116720e+03
8.333333333333333925e+00 1.957934714399129234e+03
8.750000000000000000e+00 2.025788258920764292e+03
9.166666666666666075e+00 2.090957299491485173e+03
9.583333333333333925e+00 2.153231031090586839e+03
1.000000000000000000e+01 2.212474564423489937e+03
1.041666666666666607e+01 2.268588687610087163e+03
1.083333333333333393e+01 2.321493459081048059e+03
1.125000000000000000e+01 2.371134582217679963e+03
1.166666666666666607e+01 2.417488399213519642e+03
1.208333333333333393e+01 2.460555600970171326e+03
1.250000000000000000e+01 2.500351493423466309e+03
1.291666666666666607e+01 2.536890338501530550e+03
1.333333333333333393e+01 2.570169500607475129e+03
1.375000000000000000e+01 2.600140973566001321e+03
1.416666666666666607e+01 2.626675175655207568e+03
1.458333333333333393e+01 2.649570708787096919e+03
1.500000000000000000e+01 2.668758988502203920e+03
1.541666666666666607e+01 2.684253487867375952e+03
1.583333333333333393e+01 2.695910461401618704e+03
1.625000000000000000e+01 2.703934597832721920e+03
1.666666666666666785e+01 2.708496094994988198e+03
1.708333333333333215e+01 2.710884949210926607e+03
1.750000000000000000e+01 2.710985700284291397e+03
1.791666666666666785e+01 2.708125338758729413e+03
1.833333333333333215e+01 2.702302926710715838e+03
1.875000000000000000e+01 2.693665628660394304e+03
1.916666666666666785e+01 2.682343107726470862e+03
1.958333333333333215e+01 2.668421851306827648e+03
2.000000000000000000e+01 2.651957876867380492e+03
2.041666666666666785e+01 2.632992858964168590e+03
2.083333333333333215e+01 2.611563103749699621e+03
2.125000000000000000e+01 2.587703725911716901e+03
2.166666666666666785e+01 2.561453623023111049e+03
2.208333333333333215e+01 2.532865596412888863e+03
2.250000000000000000e+01 2.502019791898816493e+03
2.291666666666666785e+01 2.469032909637080138e+03
2.333333333333333215e+01 2.434046931912046603e+03
2.375000000000000000e+01 2.397169373775783697e+03
2.416666666666666785e+01 2.358401888425518337e+03
2.458333333333333215e+01 2.317665450781836626e+03
2.500000000000000000e+01 2.275182702580252680e+03
2.541666666666666785e+01 2.232213411071977134e+03
2.583333333333333215e+01 2.188280823498667814e+03
2.625000000000000000e+01 2.142363758392265481e+03
2.666666666666666785e+01 2.094255183721634239e+03
2.708333333333333215e+01 2.043962116988426260e+03
2.750000000000000000e+01 1.991527232142751927e+03
2.791666666666666785e+01 1.937008008518844008e+03
2.833333333333333215e+01 1.880369804652010089e+03
2.875000000000000000e+01 1.821504013611567871e+03
2.916666666666666785e+01 1.760494847161659209e+03
2.958333333333333215e+01 1.697644801088146096e+03
3.000000000000000000e+01 1.634324773743375317e+03
3.041666666666666785e+01 1.570633096301819023e+03
3.083333333333333215e+01 1.506567784127126743e+03
3.125000000000000000e+01 1.442128331206057737e+03
3.166666666666666785e+01 1.377313934087243979e+03
3.208333333333333570e+01 1.312123030862564519e+03
3.250000000000000000e+01 1.246553960014249469e+03
3.291666666666666430e+01 1.180605003660147759e+03
3.333333333333333570e+01 1.114274353048284866e+03
3.375000000000000000e+01 1.047560163773850945e+03
3.416666666666666430e+01 9.804606695690908964e+02
3.458333333333333570e+01 9.129741847731871758e+02
3.500000000000000000e+01 8.450990284193450179e+02
3.541666666666666430e+01 7.768334698790703214e+02
3.583333333333333570e+01 7.081757041246048630e+02
3.625000000000000000e+01 6.391238417824760063e+02
3.666666666666666430e+01 5.696759353270596193e+02
3.708333333333333570e+01 4.998299687558635469e+02
3.750000000000000000e+01 4.295838560711551963e+02
3.791666666666666430e+01 3.589354597775684965e+02
3.833333333333333570e+01 2.878826341102226820e+02
3.875000000000000000e+01 2.164232425035353913e+02
3.916666666666666430e+01 1.445551052368879539e+02
3.958333333333333570e+01 7.227598120151840533e+01
4.000000000000000000e+01 -1.252406879592715683e-09
