0.000000000000000000e+00 1.412448184107129023e-08
4.166666666666666852e-01 1.244322487952144911e+02
8.333333333333333703e-01 2.454985762048491438e+02
1.250000000000000000e+00 3.625222249082962094e+02
1.666666666666666741e+00 4.754043772119637197e+02
2.083333333333333481e+00 5.842748875126634402e+02
2.500000000000000000e+00 6.891876073780290426e+02
2.916666666666666519e+00 7.901066503200199804e+02
3.333333333333333481e+00 8.869788865187765623e+02
3.750000000000000000e+00 9.798194048966533956e+02
4.166666666666666963e+00 1.068663307792397063e+03
4.583333333333333037e+00 1.153488205679306702e+03
5.000000000000000000e+00 1.234298560419103069e+03
5.416666666666666963e+00 1.311221279070364744e+03
5.833333333333333037e+00 1.384439322681010708e+03
6.250000000000000000e+00 1.454132127744714126e+03
6.666666666666666963e+00 1.520448329351693246e+03
7.083333333333333037e+00 1.583478660391565427e+03
7.500000000000000000e+00 1.643225710296236684e+03
7.916666666666666963e+00 1.699622120269115385e+03
8.333333333333333925e+00 1.752699466626082540e+03
8.750000000000000000e+00 1.803060010007466644e+03
9.166666666666666075e+00 1.851915042150370482e+03
9.583333333333333925e+00 1.898363847381207961e+03
1.000000000000000000e+01 1.941186800860878975e+03
1.041666666666666607e+01 1.980414834896498178e+03
1.083333333333333393e+01 2.016647637667297204e+03
1.125000000000000000e+01 2.050645251484664641e+03
1.166666666666666607e+01 2.083131861110734462e+03
1.208333333333333393e+01 2.114510487344550256e+03
1.250000000000000000e+01 2.144291420428782658e+03
1.291666666666666607e+01 2.170303544487457657e+03
1.333333333333333393e+01 2.192942406398167350e+03
1.375000000000000000e+01 2.213688093400530306e+03
1.416666666666666607e+01 2.232718420698587579e+03
1.458333333333333393e+01 2.249809098541673393e+03
1.500000000000000000e+01 2.264714142288980838e+03
1.541666666666666607e+01 2.277238478990366275e+03
1.583333333333333393e+01 2.287229932553157596e+03
1.625000000000000000e+01 2.294572789845760781e+03
1.666666666666666785e+01 2.299182818670352390e+03
1.708333333333333215e+01 2.301002081918768909e+03
1.750000000000000000e+01 2.300002711694794016e+03
1.791666666666666785e+01 2.296213529036227555e+03
1.833333333333333215e+01 2.289639170768529311e+03
1.875000000000000000e+01 2.280240495737009041e+03
1.916666666666666785e+01 2.268123134792274868e+03
1.958333333333333215e+01 2.253328146960229788e+03
2.000000000000000000e+01 2.235926735998266849e+03
2.041666666666666785e+01 2.216044990041214533e+03
2.083333333333333215e+01 2.193672966732863188e+03
2.125000000000000000e+01 2.168887230562427249e+03
2.166666666666666785e+01 2.141772702193503392e+03
2.208333333333333215e+01 2.112556490785838832e+03
2.250000000000000000e+01 2.081586671051832127e+03
2.291666666666666785e+01 2.049354980950870868e+03
2.333333333333333215e+01 2.016303640174406610e+03
2.375000000000000000e+01 1.981988205980796920e+03
2.416666666666666785e+01 1.943489561353467707e+03
2.458333333333333215e+01 1.901416729142145414e+03
2.500000000000000000e+01 1.858005962098234704e+03
2.541666666666666785e+01 1.813889021778044707e+03
2.583333333333333215e+01 1.769216275463068314e+03
2.625000000000000000e+01 1.724118599111134699e+03
2.666666666666666785e+01 1.678596942759996637e+03
2.708333333333333215e+01 1.632652069364321960e+03
2.750000000000000000e+01 1.586284449382783805e+03
2.791666666666666785e+01 1.539494178065337110e+03
2.833333333333333215e+01 1.492281037192631629e+03
2.875000000000000000e+01 1.444644603243874144e+03
2.916666666666666785e+01 1.396584469831555907e+03
2.958333333333333215e+01 1.348100357891744807e+03
3.000000000000000000e+01 1.299192092489021206e+03
3.041666666666666785e+01 1.249859568561630340e+03
3.083333333333333215e+01 1.200102803575444341e+03
3.125000000000000000e+01 1.149921984172286102e+03
3.166666666666666785e+01 1.099317394093999155e+03
3.208333333333333570e+01 1.048289693262130186e+03
3.250000000000000000e+01 9.968399171337798634e+02
3.291666666666666430e+01 9.449693767394451243e+02
3.333333333333333570e+01 8.926794898248731442e+02
3.375000000000000000e+01 8.399715826875026323e+02
3.416666666666666430e+01 7.868466987701444850e+02
3.458333333333333570e+01 7.333054015985944716e+02
3.500000000000000000e+01 6.793482138592316915e+02
3.541666666666666430e+01 6.249756386888225279e+02
3.583333333333333570e+01 5.701882778878170939e+02
3.625000000000000000e+01 5.149868577649996269e+02
3.666666666666666430e+01 4.593721313770535630e+02
3.708333333333333570e+01 4.033447432133266375e+02
3.750000000000000000e+01 3.469050601434731789e+02
3.791666666666666430e+01 2.900530422310525296e+02
3.833333333333333570e+01 2.327881917152464553e+02
3.875000000000000000e+01 1.751096236546580940e+02
3.916666666666666430e+01 1.170164366676345082e+02
3.958333333333333570e+01 5.850783900463680709e+01
4.000000000000000000e+01 4.609080415940436382e-09
