0.000000000000000000e+00 3.065758206327595659e-08
4.166666666666666852e-01 1.117446280622675374e+02
8.333333333333333703e-01 2.214136737683937781e+02
1.250000000000000000e+00 3.285330441944295785e+02
1.666666666666666741e+00 4.329329248181607568e+02
2.083333333333333481e+00 5.346547894625313120e+02
2.500000000000000000e+00 6.337495648027160087e+02
2.916666666666666519e+00 7.302156391523229786e+02
3.333333333333333481e+00 8.240463584958481533e+02
3.750000000000000000e+00 9.152337552589183360e+02
4.166666666666666963e+00 1.003748327913772755e+03
4.583333333333333037e+00 1.089545765023081231e+03
5.000000000000000000e+00 1.172610583078589343e+03
5.416666666666666963e+00 1.252956719722929620e+03
5.833333333333333037e+00 1.330570408173344276e+03
6.250000000000000000e+00 1.405398606912138348e+03
6.666666666666666963e+00 1.477395876712600511e+03
7.083333333333333037e+00 1.546545856808488452e+03
7.500000000000000000e+00 1.612856714759548140e+03
7.916666666666666963e+00 1.676345637426671829e+03
8.333333333333333925e+00 1.737035633185920233e+03
8.750000000000000000e+00 1.794955899189264073e+03
9.166666666666666075e+00 1.850136318640291165e+03
9.583333333333333925e+00 1.902606891949547162e+03
1.000000000000000000e+01 1.952394202475197744e+03
1.041666666666666607e+01 1.999515956123853812e+03
1.083333333333333393e+01 2.043981282705193735e+03
1.125000000000000000e+01 2.085791924015020413e+03
1.166666666666666607e+01 2.124948206970214869e+03
1.208333333333333393e+01 2.161451230618949012e+03
1.250000000000000000e+01 2.195307187789994714e+03
1.291666666666666607e+01 2.226531828959657560e+03
1.333333333333333393e+01 2.255137168089782790e+03
1.375000000000000000e+01 2.281131572502291419e+03
1.416666666666666607e+01 2.304537739239742223e+03
1.458333333333333393e+01 2.325394910065214390e+03
1.500000000000000000e+01 2.343755768553352482e+03
1.541666666666666607e+01 2.359686278187909465e+03
1.583333333333333393e+01 2.373261341695995725e+03
1.625000000000000000e+01 2.384561067537171766e+03
1.666666666666666785e+01 2.393668131125235504e+03
1.708333333333333215e+01 2.400650805236844462e+03
1.750000000000000000e+01 2.405548830699911832e+03
1.791666666666666785e+01 2.408392616881945287e+03
1.833333333333333215e+01 2.409213217273568262e+03
1.875000000000000000e+01 2.408010259645007864e+03
1.916666666666666785e+01 2.404727521052901011e+03
1.958333333333333215e+01 2.399260754733764315e+03
2.000000000000000000e+01 2.391488638820666438e+03
2.041666666666666785e+01 2.381311974447201464e+03
2.083333333333333215e+01 2.368677421952669647e+03
2.125000000000000000e+01 2.353585406905354375e+03
2.166666666666666785e+01 2.336094847421750273e+03
2.208333333333333215e+01 2.316325973416232955e+03
2.250000000000000000e+01 2.294448545266546716e+03
2.291666666666666785e+01 2.270596824908966028e+03
2.333333333333333215e+01 2.244586981333578478e+03
2.375000000000000000e+01 2.215483540663768508e+03
2.416666666666666785e+01 2.183564173416269568e+03
2.458333333333333215e+01 2.149610097565482647e+03
2.500000000000000000e+01 2.113741781840452859e+03
2.541666666666666785e+01 2.075890868866281380e+03
2.583333333333333215e+01 2.035988338436809727e+03
2.625000000000000000e+01 1.994005389841810029e+03
2.666666666666666785e+01 1.949951193911342216e+03
2.708333333333333215e+01 1.903867628405992036e+03
2.750000000000000000e+01 1.855832692015200792e+03
2.791666666666666785e+01 1.805980897161139865e+03
2.833333333333333215e+01 1.754526557587397065e+03
2.875000000000000000e+01 1.701708625675948952e+03
2.916666666666666785e+01 1.647490284918436828e+03
2.958333333333333215e+01 1.591052485299091131e+03
3.000000000000000000e+01 1.532540506762575660e+03
3.041666666666666785e+01 1.473406695359772357e+03
3.083333333333333215e+01 1.413864785160074007e+03
3.125000000000000000e+01 1.353914326469217258e+03
3.166666666666666785e+01 1.293554784768482250e+03
3.208333333333333570e+01 1.232785472961609685e+03
3.250000000000000000e+01 1.171605548136054040e+03
3.291666666666666430e+01 1.110014077804725048e+03
3.333333333333333570e+01 1.048010151562236842e+03
3.375000000000000000e+01 9.855930104925233763e+02
3.416666666666666430e+01 9.227621704602840964e+02
3.458333333333333570e+01 8.595174572342173178e+02
3.500000000000000000e+01 7.958588426848519930e+02
3.541666666666666430e+01 7.317862796295839871e+02
3.583333333333333570e+01 6.672995824959713218e+02
3.625000000000000000e+01 6.023983829334490565e+02
3.666666666666666430e+01 5.370822034591177498e+02
3.708333333333333570e+01 4.713505504203208716e+02
3.750000000000000000e+01 4.052030301871625966e+02
3.791666666666666430e+01 3.386394450193706120e+02
3.833333333333333570e+01 2.716598323321609882e+02
3.875000000000000000e+01 2.042643851229680081e+02
3.916666666666666430e+01 1.364532463132996156e+02
3.958333333333333570e+01 6.822635817210664300e+01
4.000000000000000000e+01 -1.445251730791685674e-09
