0.000000000000000000e+00 -5.064599503667999159e-10
4.166666666666666852e-01 1.104401998551290518e+02
8.333333333333333703e-01 2.179219888227149795e+02
1.250000000000000000e+00 3.226186552624844239e+02
1.666666666666666741e+00 4.246309792143861728e+02
2.083333333333333481e+00 5.240575480754062028e+02
2.500000000000000000e+00 6.209918535708895888e+02
2.916666666666666519e+00 7.154847602244345808e+02
3.333333333333333481e+00 8.075521520978684293e+02
3.750000000000000000e+00 8.971934474372121713e+02
4.166666666666666963e+00 9.844067123538115993e+02
4.583333333333333037e+00 1.069191361334331305e+03
5.000000000000000000e+00 1.151544184780746718e+03
5.416666666666666963e+00 1.231455522253123718e+03
5.833333333333333037e+00 1.308908792245542145e+03
6.250000000000000000e+00 1.383889698790257398e+03
6.666666666666666963e+00 1.456403876766590201e+03
7.083333333333333037e+00 1.526474581821578340e+03
7.500000000000000000e+00 1.594114038808857458e+03
7.916666666666666963e+00 1.659338608138582913e+03
8.333333333333333925e+00 1.722269403235214440e+03
8.750000000000000000e+00 1.783140496345221663e+03
9.166666666666666075e+00 1.841853157981754066e+03
9.583333333333333925e+00 1.898177069301036454e+03
1.000000000000000000e+01 1.952074279591433196e+03
1.041666666666666607e+01 2.003573454142695937e+03
1.083333333333333393e+01 2.052689708762738974e+03
1.125000000000000000e+01 2.099422982145439164e+03
1.166666666666666607e+01 2.143775905415038778e+03
1.208333333333333393e+01 2.185767960417250379e+03
1.250000000000000000e+01 2.225437118429052134e+03
1.291666666666666607e+01 2.262835879578761705e+03
1.333333333333333393e+01 2.298027562729218516e+03
1.375000000000000000e+01 2.331063579701679828e+03
1.416666666666666607e+01 2.361889312323273771e+03
1.458333333333333393e+01 2.390189936922341985e+03
1.500000000000000000e+01 2.415976759570261038e+03
1.541666666666666607e+01 2.439443914358171696e+03
1.583333333333333393e+01 2.460582657900252343e+03
1.625000000000000000e+01 2.479322935016157317e+03
1.666666666666666785e+01 2.495593708464096380e+03
1.708333333333333215e+01 2.509346581396735473e+03
1.750000000000000000e+01 2.520558120130050611e+03
1.791666666666666785e+01 2.529221448006282117e+03
1.833333333333333215e+01 2.535342407678064319e+03
1.875000000000000000e+01 2.538940470641540742e+03
1.916666666666666785e+01 2.540046854726002493e+03
1.958333333333333215e+01 2.538702368974236833e+03
2.000000000000000000e+01 2.534950462069497917e+03
2.041666666666666785e+01 2.528823918455840612e+03
2.083333333333333215e+01 2.520335157337825876e+03
2.125000000000000000e+01 2.509477641898304228e+03
2.166666666666666785e+01 2.496241379719953784e+03
2.208333333333333215e+01 2.480627240591197733e+03
2.250000000000000000e+01 2.462654113166954630e+03
2.291666666666666785e+01 2.442363020188694463e+03
2.333333333333333215e+01 2.419821175964174472e+03
2.375000000000000000e+01 2.395120293200688138e+03
2.416666666666666785e+01 2.368340045326526706e+03
2.458333333333333215e+01 2.339418902256908950e+03
2.500000000000000000e+01 2.307941693229344310e+03
2.541666666666666785e+01 2.274044241254464396e+03
2.583333333333333215e+01 2.238061997216093005e+03
2.625000000000000000e+01 2.200066025212467139e+03
2.666666666666666785e+01 2.160054010873420339e+03
2.708333333333333215e+01 2.118033050578188067e+03
2.750000000000000000e+01 2.074035191592567116e+03
2.791666666666666785e+01 2.028109414188928667e+03
2.833333333333333215e+01 1.980329045970852349e+03
2.875000000000000000e+01 1.930797445144022731e+03
2.916666666666666785e+01 1.879604986397138646e+03
2.958333333333333215e+01 1.826672222375063484e+03
3.000000000000000000e+01 1.771455398397386489e+03
3.041666666666666785e+01 1.714081405260991460e+03
3.083333333333333215e+01 1.654894243474596124e+03
3.125000000000000000e+01 1.593927788955604683e+03
3.166666666666666785e+01 1.531155437639152296e+03
3.208333333333333570e+01 1.466543755988054500e+03
3.250000000000000000e+01 1.400065278947995921e+03
3.291666666666666430e+01 1.331779432654050424e+03
3.333333333333333570e+01 1.261832096279997586e+03
3.375000000000000000e+01 1.190306672307678582e+03
3.416666666666666430e+01 1.116936726005828859e+03
3.458333333333333570e+01 1.040283030442235031e+03
3.500000000000000000e+01 9.627362480887470610e+02
3.541666666666666430e+01 8.847719612839213141e+02
3.583333333333333570e+01 8.063899435617648805e+02
3.625000000000000000e+01 7.275899706523355235e+02
3.666666666666666430e+01 6.483718520792131130e+02
3.708333333333333570e+01 5.687354580394219283e+02
3.750000000000000000e+01 4.886807646947566468e+02
3.791666666666666430e+01 4.082079005525088178e+02
3.833333333333333570e+01 3.273171744677136417e+02
3.875000000000000000e+01 2.460090261212299083e+02
3.916666666666666430e+01 1.642838744604306385e+02
3.958333333333333570e+01 8.214201180893945775e+01
4.000000000000000000e+01 5.495622706908065425e-11
