0.000000000000000000e+00 -6.197067322494254071e-08
4.166666666666666852e-01 1.224755858878808965e+02
8.333333333333333703e-01 2.424608043611684707e+02
1.250000000000000000e+00 3.598772787654994545e+02
1.666666666666666741e+00 4.746908259468144706e+02
2.083333333333333481e+00 5.868964534744626462e+02
2.500000000000000000e+00 6.964930213510751855e+02
2.916666666666666519e+00 8.034696578039499855e+02
3.333333333333333481e+00 9.078093446607217629e+02
3.750000000000000000e+00 1.009494853629416184e+03
4.166666666666666963e+00 1.108508967052380285e+03
4.583333333333333037e+00 1.204833756725867033e+03
5.000000000000000000e+00 1.298450169194894215e+03
5.416666666666666963e+00 1.389336944110282275e+03
5.833333333333333037e+00 1.477470496887919126e+03
6.250000000000000000e+00 1.562829998146538856e+03
6.666666666666666963e+00 1.645406670206677745e+03
7.083333333333333037e+00 1.725221194804056040e+03
7.500000000000000000e+00 1.802324184637497410e+03
7.916666666666666963e+00 1.876640894396883596e+03
8.333333333333333925e+00 1.948095326841134693e+03
8.750000000000000000e+00 2.016674979356791482e+03
9.166666666666666075e+00 2.082393265714798872e+03
9.583333333333333925e+00 2.145259677167373866e+03
1.000000000000000000e+01 2.205275988185940150e+03
1.041666666666666607e+01 2.262442090631713199e+03
1.083333333333333393e+01 2.316759915409599671e+03
1.125000000000000000e+01 2.368231825430913432e+03
1.166666666666666607e+01 2.416859328197356717e+03
1.208333333333333393e+01 2.462642642056875957e+03
1.250000000000000000e+01 2.505577863742092632e+03
1.291666666666666607e+01 2.545650588242559479e+03
1.333333333333333393e+01 2.582821079693779211e+03
1.375000000000000000e+01 2.616999048722510452e+03
1.416666666666666607e+01 2.648005331880567155e+03
1.458333333333333393e+01 2.675537707025621330e+03
1.500000000000000000e+01 2.699244406274584890e+03
1.541666666666666607e+01 2.719141772276984739e+03
1.583333333333333393e+01 2.735613611329971263e+03
1.625000000000000000e+01 2.751653321309655439e+03
1.666666666666666785e+01 2.763997357257805561e+03
1.708333333333333215e+01 2.772489221783413996e+03
1.750000000000000000e+01 2.777516937767036325e+03
1.791666666666666785e+01 2.779451292153200939e+03
1.833333333333333215e+01 2.778529639591909017e+03
1.875000000000000000e+01 2.774893665061125830e+03
1.916666666666666785e+01 2.768632081482597641e+03
1.958333333333333215e+01 2.759808865625369890e+03
2.000000000000000000e+01 2.748476353824514263e+03
2.041666666666666785e+01 2.734679400513998644e+03
2.083333333333333215e+01 2.718447415374028424e+03
2.125000000000000000e+01 2.699786190696660924e+03
2.166666666666666785e+01 2.678685594304130063e+03
2.208333333333333215e+01 2.655132051730412968e+03
2.250000000000000000e+01 2.629119021112751398e+03
2.291666666666666785e+01 2.600653011031382448e+03
2.333333333333333215e+01 2.569756699793485950e+03
2.375000000000000000e+01 2.536466431895054939e+03
2.416666666666666785e+01 2.500811994163507734e+03
2.458333333333333215e+01 2.462754898314747152e+03
2.500000000000000000e+01 2.422085936691265033e+03
2.541666666666666785e+01 2.378946784709497479e+03
2.583333333333333215e+01 2.333575524400970153e+03
2.625000000000000000e+01 2.286049281750121736e+03
2.666666666666666785e+01 2.236389908693112375e+03
2.708333333333333215e+01 2.184620760289037207e+03
2.750000000000000000e+01 2.130784903979527826e+03
2.791666666666666785e+01 2.074938850922464098e+03
2.833333333333333215e+01 2.017131096146137224e+03
2.875000000000000000e+01 1.957394753964274059e+03
2.916666666666666785e+01 1.895752614648343069e+03
2.958333333333333215e+01 1.832164157687458328e+03
3.000000000000000000e+01 1.766368448564396431e+03
3.041666666666666785e+01 1.698648721110919269e+03
3.083333333333333215e+01 1.629413262653975607e+03
3.125000000000000000e+01 1.559585536106402287e+03
3.166666666666666785e+01 1.489354335182397335e+03
3.208333333333333570e+01 1.418720301773961410e+03
3.250000000000000000e+01 1.347683760424363300e+03
3.291666666666666430e+01 1.276244681493925782e+03
3.333333333333333570e+01 1.204402798273628378e+03
3.375000000000000000e+01 1.132157698932891208e+03
3.416666666666666430e+01 1.059508852814794864e+03
3.458333333333333570e+01 9.864555993310355007e+02
3.500000000000000000e+01 9.129972116375354290e+02
3.541666666666666430e+01 8.391329176790177371e+02
3.583333333333333570e+01 7.648618986544886411e+02
3.625000000000000000e+01 6.901832932085494576e+02
3.666666666666666430e+01 6.150961845518775135e+02
3.708333333333333570e+01 5.395996352968314795e+02
3.750000000000000000e+01 4.636927196804306845e+02
3.791666666666666430e+01 3.873745378714791059e+02
3.833333333333333570e+01 3.106441972660425677e+02
3.875000000000000000e+01 2.335007987705052415e+02
3.916666666666666430e+01 1.559434714019618298e+02
3.958333333333333570e+01 7.797136647416652977e+01
4.000000000000000000e+01 -7.837598018506364284e-08
