0.000000000000000000e+00 6.937730104988881763e-08
4.166666666666666852e-01 1.255649004007234311e+02
8.333333333333333703e-01 2.481377903573400658e+02
1.250000000000000000e+00 3.678536419507250343e+02
1.666666666666666741e+00 4.847599799719155840e+02
2.083333333333333481e+00 5.988289155546885922e+02
2.500000000000000000e+00 7.100107017879638533e+02
2.916666666666666519e+00 8.182728094389633497e+02
3.333333333333333481e+00 9.235983640633509140e+02
3.750000000000000000e+00 1.025974023036861354e+03
4.166666666666666963e+00 1.125387111139389617e+03
4.583333333333333037e+00 1.221826582255656376e+03
5.000000000000000000e+00 1.315285430443316272e+03
5.416666666666666963e+00 1.405765434770251431e+03
5.833333333333333037e+00 1.493279108588542840e+03
6.250000000000000000e+00 1.577839883576427837e+03
6.666666666666666963e+00 1.659426075322456882e+03
7.083333333333333037e+00 1.737920045675615256e+03
7.500000000000000000e+00 1.813118950444975553e+03
7.916666666666666963e+00 1.885207118657382580e+03
8.333333333333333925e+00 1.954388760030873073e+03
8.750000000000000000e+00 2.020681288887174560e+03
9.166666666666666075e+00 2.084014395140740817e+03
9.583333333333333925e+00 2.144324217962711373e+03
1.000000000000000000e+01 2.201576056463747591e+03
1.041666666666666607e+01 2.255753639115971964e+03
1.083333333333333393e+01 2.306846791138880690e+03
1.125000000000000000e+01 2.354850230703693342e+03
1.166666666666666607e+01 2.399764972762491197e+03
1.208333333333333393e+01 2.441597036546379968e+03
1.250000000000000000e+01 2.480356851819836720e+03
1.291666666666666607e+01 2.516057838056347464e+03
1.333333333333333393e+01 2.548713979267190552e+03
1.375000000000000000e+01 2.578340292781353128e+03
1.416666666666666607e+01 2.604952076810006929e+03
1.458333333333333393e+01 2.628563128203693395e+03
1.500000000000000000e+01 2.649194719499590065e+03
1.541666666666666607e+01 2.666904616577092838e+03
1.583333333333333393e+01 2.681917236303673690e+03
1.625000000000000000e+01 2.694844564312258171e+03
1.666666666666666785e+01 2.705466304334035613e+03
1.708333333333333215e+01 2.713360367769367258e+03
1.750000000000000000e+01 2.718401596872317896e+03
1.791666666666666785e+01 2.720580380594423787e+03
1.833333333333333215e+01 2.719918117951660861e+03
1.875000000000000000e+01 2.716439352879525359e+03
1.916666666666666785e+01 2.710167967991905243e+03
1.958333333333333215e+01 2.701128584019553728e+03
2.000000000000000000e+01 2.689349840555335049e+03
2.041666666666666785e+01 2.674868534698778149e+03
2.083333333333333215e+01 2.657734343796224493e+03
2.125000000000000000e+01 2.638017852376419796e+03
2.166666666666666785e+01 2.615818250553371399e+03
2.208333333333333215e+01 2.591255293919650285e+03
2.250000000000000000e+01 2.564426643571045133e+03
2.291666666666666785e+01 2.535374234874066588e+03
2.333333333333333215e+01 2.504095793008901637e+03
2.375000000000000000e+01 2.470581728374712839e+03
2.416666666666666785e+01 2.434851696848457323e+03
2.458333333333333215e+01 2.397110252805121490e+03
2.500000000000000000e+01 2.358101030147707661e+03
2.541666666666666785e+01 2.317408167978991059e+03
2.583333333333333215e+01 2.274370606540840527e+03
2.625000000000000000e+01 2.228892626358656344e+03
2.666666666666666785e+01 2.181070904169139794e+03
2.708333333333333215e+01 2.131013028948043029e+03
2.750000000000000000e+01 2.078804123740343130e+03
2.791666666666666785e+01 2.024500291515118306e+03
2.833333333333333215e+01 1.968105491186111067e+03
2.875000000000000000e+01 1.909562644522507753e+03
2.916666666666666785e+01 1.848842433596044202e+03
2.958333333333333215e+01 1.786128174962671210e+03
3.000000000000000000e+01 1.722128823691020443e+03
3.041666666666666785e+01 1.656746156819812995e+03
3.083333333333333215e+01 1.589443379123961904e+03
3.125000000000000000e+01 1.521504387578665728e+03
3.166666666666666785e+01 1.453153831651525024e+03
3.208333333333333570e+01 1.384391515997599981e+03
3.250000000000000000e+01 1.315217597414570946e+03
3.291666666666666430e+01 1.245632121342786149e+03
3.333333333333333570e+01 1.175635185635110702e+03
3.375000000000000000e+01 1.105226845058864455e+03
3.416666666666666430e+01 1.034407085246982660e+03
3.458333333333333570e+01 9.631758401577772020e+02
3.500000000000000000e+01 8.915329424404581005e+02
3.541666666666666430e+01 8.194781245549999085e+02
3.583333333333333570e+01 7.470110496291076743e+02
3.625000000000000000e+01 6.741313402436965134e+02
3.666666666666666430e+01 6.008386239299807130e+02
3.708333333333333570e+01 5.271325269008411851e+02
3.750000000000000000e+01 4.530126644057961585e+02
3.791666666666666430e+01 3.784786424969675522e+02
3.833333333333333570e+01 3.035300858861921256e+02
3.875000000000000000e+01 2.281666537451104659e+02
3.916666666666666430e+01 1.523880008684769791e+02
3.958333333333333570e+01 7.619377492357546089e+01
4.000000000000000000e+01 -2.671953750615907452e-08
