0.000000000000000000e+00 -5.622530992871466182e-08
4.166666666666666852e-01 1.170155293114043218e+02
8.333333333333333703e-01 2.314340145760161818e+02
1.250000000000000000e+00 3.433763061232482414e+02
1.666666666666666741e+00 4.528903611778123945e+02
2.083333333333333481e+00 5.599747135136373117e+02
2.500000000000000000e+00 6.646109830214347767e+02
2.916666666666666519e+00 7.667820667423420673e+02
3.333333333333333481e+00 8.664748047202783710e+02
3.750000000000000000e+00 9.636756313097074553e+02
4.166666666666666963e+00 1.058364083404755547e+03
4.583333333333333037e+00 1.150502106488777372e+03
5.000000000000000000e+00 1.240039864916051783e+03
5.416666666666666963e+00 1.326927706663705521e+03
5.833333333333333037e+00 1.411122458694806028e+03
6.250000000000000000e+00 1.492589878008750475e+03
6.666666666666666963e+00 1.571303934103638767e+03
7.083333333333333037e+00 1.647245035413118558e+03
7.500000000000000000e+00 1.720396799881966217e+03
7.916666666666666963e+00 1.790731900558155985e+03
8.333333333333333925e+00 1.858209066422201204e+03
8.750000000000000000e+00 1.922860796163382247e+03
9.166666666666666075e+00 1.984745627432787842e+03
9.583333333333333925e+00 2.043884539547447048e+03
1.000000000000000000e+01 2.100279712640420257e+03
1.041666666666666607e+01 2.153930140931159258e+03
1.083333333333333393e+01 2.204836418878297991e+03
1.125000000000000000e+01 2.252998065849616978e+03
1.166666666666666607e+01 2.298411676177207028e+03
1.208333333333333393e+01 2.341073180695142582e+03
1.250000000000000000e+01 2.380982184926348054e+03
1.291666666666666607e+01 2.418143225690097097e+03
1.333333333333333393e+01 2.452561856737899234e+03
1.375000000000000000e+01 2.484237757479783340e+03
1.416666666666666607e+01 2.513162544400311162e+03
1.458333333333333393e+01 2.539328279189287969e+03
1.500000000000000000e+01 2.562760441888140576e+03
1.541666666666666607e+01 2.583583847533278004e+03
1.583333333333333393e+01 2.601773630564313862e+03
1.625000000000000000e+01 2.617268972942131313e+03
1.666666666666666785e+01 2.630089640177913225e+03
1.708333333333333215e+01 2.640281369180051115e+03
1.750000000000000000e+01 2.647894360977269116e+03
1.791666666666666785e+01 2.652970407442700434e+03
1.833333333333333215e+01 2.655537281312505456e+03
1.875000000000000000e+01 2.655617147586885039e+03
1.916666666666666785e+01 2.653234468124495379e+03
1.958333333333333215e+01 2.648410826211164931e+03
2.000000000000000000e+01 2.641160301093605085e+03
2.041666666666666785e+01 2.631491475703583092e+03
2.083333333333333215e+01 2.619411130682804014e+03
2.125000000000000000e+01 2.604921305999839660e+03
2.166666666666666785e+01 2.588018092531434377e+03
2.208333333333333215e+01 2.568688237163894428e+03
2.250000000000000000e+01 2.546914152364756319e+03
2.291666666666666785e+01 2.522681355894121680e+03
2.333333333333333215e+01 2.495979512879769118e+03
2.375000000000000000e+01 2.466799757232366574e+03
2.416666666666666785e+01 2.435142647892304922e+03
2.458333333333333215e+01 2.401076616103811830e+03
2.500000000000000000e+01 2.364861557732033816e+03
2.541666666666666785e+01 2.326490510946403447e+03
2.583333333333333215e+01 2.285819923056525113e+03
2.625000000000000000e+01 2.242860823944415188e+03
2.666666666666666785e+01 2.197673747909555004e+03
2.708333333333333215e+01 2.150327599360130080e+03
2.750000000000000000e+01 2.100886747930262118e+03
2.791666666666666785e+01 2.049401960567464812e+03
2.833333333333333215e+01 1.995903696687119918e+03
2.875000000000000000e+01 1.940412450869505619e+03
2.916666666666666785e+01 1.882963461536564637e+03
2.958333333333333215e+01 1.823646354444538929e+03
3.000000000000000000e+01 1.762693299553433008e+03
3.041666666666666785e+01 1.700112563971615145e+03
3.083333333333333215e+01 1.635792716580150454e+03
3.125000000000000000e+01 1.569740370269377763e+03
3.166666666666666785e+01 1.502013764584783985e+03
3.208333333333333570e+01 1.432687081935488322e+03
3.250000000000000000e+01 1.361893822505770459e+03
3.291666666666666430e+01 1.289824277011755157e+03
3.333333333333333570e+01 1.217223104533588412e+03
3.375000000000000000e+01 1.144211335761130385e+03
3.416666666666666430e+01 1.070788741657974242e+03
3.458333333333333570e+01 9.969551436821368497e+02
3.500000000000000000e+01 9.227103486303582258e+02
3.541666666666666430e+01 8.480541209570800447e+02
3.583333333333333570e+01 7.729861840713892889e+02
3.625000000000000000e+01 6.975062253485500605e+02
3.666666666666666430e+01 6.216139246168155523e+02
3.708333333333333570e+01 5.453089359536634220e+02
3.750000000000000000e+01 4.685908721779817370e+02
3.791666666666666430e+01 3.914593073154052831e+02
3.833333333333333570e+01 3.139138089113216665e+02
3.875000000000000000e+01 2.359539562259513445e+02
3.916666666666666430e+01 1.575792994962746434e+02
3.958333333333333570e+01 7.878935519568968004e+01
4.000000000000000000e+01 3.186396854010231650e-08
