0.000000000000000000e+00 2.054995389133562611e-09
4.166666666666666852e-01 1.765424742555950388e+02
8.333333333333333703e-01 3.505539888106938520e+02
1.250000000000000000e+00 5.219048376758493077e+02
1.666666666666666741e+00 6.905443348420392340e+02
2.083333333333333481e+00 8.563494092732139507e+02
2.500000000000000000e+00 1.019260900072016511e+03
2.916666666666666519e+00 1.179227655197698368e+03
3.333333333333333481e+00 1.336199278165239321e+03
3.750000000000000000e+00 1.490117836936708045e+03
4.166666666666666963e+00 1.640919499356682309e+03
4.583333333333333037e+00 1.788544734862634868e+03
5.000000000000000000e+00 1.932961013909553913e+03
5.416666666666666963e+00 2.074175694379783181e+03
5.833333333333333037e+00 2.212028174834067158e+03
6.250000000000000000e+00 2.346409896676480002e+03
6.666666666666666963e+00 2.477252525645262267e+03
7.083333333333333037e+00 2.604505242691044259e+03
7.500000000000000000e+00 2.728116946144451958e+03
7.916666666666666963e+00 2.848035803517247132e+03
8.333333333333333925e+00 2.964218583333634342e+03
8.750000000000000000e+00 3.076663093367171314e+03
9.166666666666666075e+00 3.185426510277515717e+03
9.583333333333333925e+00 3.290333250978265369e+03
1.000000000000000000e+01 3.391240086123768833e+03
1.041666666666666607e+01 3.488076474925769162e+03
1.083333333333333393e+01 3.580817799998737883e+03
1.125000000000000000e+01 3.669441671039908215e+03
1.166666666666666607e+01 3.753916609814621552e+03
1.208333333333333393e+01 3.834203043388539754e+03
1.250000000000000000e+01 3.910259187177191961e+03
1.291666666666666607e+01 3.982045131316613606e+03
1.333333333333333393e+01 4.049524892004185858e+03
1.375000000000000000e+01 4.112667417467604537e+03
1.416666666666666607e+01 4.171459527490495020e+03
1.458333333333333393e+01 4.225953632467731950e+03
1.500000000000000000e+01 4.276282167341918466e+03
1.541666666666666607e+01 4.322344883255729656e+03
1.583333333333333393e+01 4.363959606801572590e+03
1.625000000000000000e+01 4.401054597737293989e+03
1.666666666666666785e+01 4.433640360503472039e+03
1.708333333333333215e+01 4.461739637755475997e+03
1.750000000000000000e+01 4.485370144900284686e+03
1.791666666666666785e+01 4.504549270373875515e+03
1.833333333333333215e+01 4.519301132136625711e+03
1.875000000000000000e+01 4.529656176372290247e+03
1.916666666666666785e+01 4.535648382311414025e+03
1.958333333333333215e+01 4.537315434332910627e+03
2.000000000000000000e+01 4.534698453832104860e+03
2.041666666666666785e+01 4.527840370116881786e+03
2.083333333333333215e+01 4.516788987093485957e+03
2.125000000000000000e+01 4.501603333365196704e+03
2.166666666666666785e+01 4.482355281475874108e+03
2.208333333333333215e+01 4.459128525990785420e+03
2.250000000000000000e+01 4.432019370412504941e+03
2.291666666666666785e+01 4.401137147608640589e+03
2.333333333333333215e+01 4.366601798081353081e+03
2.375000000000000000e+01 4.328540656260296601e+03
2.416666666666666785e+01 4.287083506647195463e+03
2.458333333333333215e+01 4.242347629369500282e+03
2.500000000000000000e+01 4.194364986694019535e+03
2.541666666666666785e+01 4.142891675800837220e+03
2.583333333333333215e+01 4.087945200201213083e+03
2.625000000000000000e+01 4.029813117405484718e+03
2.666666666666666785e+01 3.968582140858132334e+03
2.708333333333333215e+01 3.904233053288881365e+03
2.750000000000000000e+01 3.836697737270427297e+03
2.791666666666666785e+01 3.765874707884807322e+03
2.833333333333333215e+01 3.691622041975532284e+03
2.875000000000000000e+01 3.613745194086325228e+03
2.916666666666666785e+01 3.531981627315068636e+03
2.958333333333333215e+01 3.445967003785107408e+03
3.000000000000000000e+01 3.355181086238530497e+03
3.041666666666666785e+01 3.258935356080803558e+03
3.083333333333333215e+01 3.156546074535421667e+03
3.125000000000000000e+01 3.047679795691140953e+03
3.166666666666666785e+01 2.933004496459834172e+03
3.208333333333333570e+01 2.813355672387066534e+03
3.250000000000000000e+01 2.689476660190852726e+03
3.291666666666666430e+01 2.561932049656190429e+03
3.333333333333333570e+01 2.431134676611199666e+03
3.375000000000000000e+01 2.297394017368116238e+03
3.416666666666666430e+01 2.160947528037878783e+03
3.458333333333333570e+01 2.021977433120563546e+03
3.500000000000000000e+01 1.880627326918175640e+03
3.541666666666666430e+01 1.736931730315305686e+03
3.583333333333333570e+01 1.590898742588041841e+03
3.625000000000000000e+01 1.442522865851577990e+03
3.666666666666666430e+01 1.291786570899255594e+03
3.708333333333333570e+01 1.138660222796557264e+03
3.750000000000000000e+01 9.831119912881091523e+02
3.791666666666666430e+01 8.251268629605656315e+02
3.833333333333333570e+01 6.647274747531486128e+02
3.875000000000000000e+01 5.019774848228764199e+02
3.916666666666666430e+01 3.368579930377060236e+02
3.958333333333333570e+01 1.693794104341658056e+02
4.000000000000000000e+01 7.625721491766324078e-09
