0.000000000000000000e+00 -1.467263741061763938e-10
4.166666666666666852e-01 1.172042538132551073e+02
8.333333333333333703e-01 2.322591930416171806e+02
1.250000000000000000e+00 3.445285735100814577e+02
1.666666666666666741e+00 4.538383003636892568e+02
2.083333333333333481e+00 5.602870210271873930e+02
2.500000000000000000e+00 6.639594952524805649e+02
2.916666666666666519e+00 7.648596985036633669e+02
3.333333333333333481e+00 8.629769779675284553e+02
3.750000000000000000e+00 9.582807011536858681e+02
4.166666666666666963e+00 1.050708433167807470e+03
4.583333333333333037e+00 1.140234960688833098e+03
5.000000000000000000e+00 1.226884305258771747e+03
5.416666666666666963e+00 1.310635091222455003e+03
5.833333333333333037e+00 1.391407047773672275e+03
6.250000000000000000e+00 1.469152933279730405e+03
6.666666666666666963e+00 1.543887171513392786e+03
7.083333333333333037e+00 1.615662464190731953e+03
7.500000000000000000e+00 1.684545933736225379e+03
7.916666666666666963e+00 1.750606062958458097e+03
8.333333333333333925e+00 1.813903190990055009e+03
8.750000000000000000e+00 1.874489651828851947e+03
9.166666666666666075e+00 1.932410127273478565e+03
9.583333333333333925e+00 1.987696145787984960e+03
1.000000000000000000e+01 2.040367124429208388e+03
1.041666666666666607e+01 2.090435592534861371e+03
1.083333333333333393e+01 2.137914686573029485e+03
1.125000000000000000e+01 2.182819018408623833e+03
1.166666666666666607e+01 2.225168743303654992e+03
1.208333333333333393e+01 2.264988998339624686e+03
1.250000000000000000e+01 2.302289196112070385e+03
1.291666666666666607e+01 2.337066588067181328e+03
1.333333333333333393e+01 2.369328948909277187e+03
1.375000000000000000e+01 2.399095228457701523e+03
1.416666666666666607e+01 2.426395791691228624e+03
1.458333333333333393e+01 2.451276746244176138e+03
1.500000000000000000e+01 2.473795330114868193e+03
1.541666666666666607e+01 2.494011215835665553e+03
1.583333333333333393e+01 2.511975332005486052e+03
1.625000000000000000e+01 2.527726383341640940e+03
1.666666666666666785e+01 2.541291394716556624e+03
1.708333333333333215e+01 2.552682503291462126e+03
1.750000000000000000e+01 2.561891401593337378e+03
1.791666666666666785e+01 2.568882984815282725e+03
1.833333333333333215e+01 2.573591023547365694e+03
1.875000000000000000e+01 2.575914927011824602e+03
1.916666666666666785e+01 2.575726834490767033e+03
1.958333333333333215e+01 2.572874708788093358e+03
2.000000000000000000e+01 2.567170302323916985e+03
2.041666666666666785e+01 2.558364059182604251e+03
2.083333333333333215e+01 2.546142696136030281e+03
2.125000000000000000e+01 2.530241917259405454e+03
2.166666666666666785e+01 2.510634212282806402e+03
2.208333333333333215e+01 2.487660211385197272e+03
2.250000000000000000e+01 2.461807068461114795e+03
2.291666666666666785e+01 2.433427994923559709e+03
2.333333333333333215e+01 2.402499064154598273e+03
2.375000000000000000e+01 2.367383345096177436e+03
2.416666666666666785e+01 2.328879534034743756e+03
2.458333333333333215e+01 2.288567104570075571e+03
2.500000000000000000e+01 2.246701686353203058e+03
2.541666666666666785e+01 2.203132785566639086e+03
2.583333333333333215e+01 2.157675665894978010e+03
2.625000000000000000e+01 2.110220813458146040e+03
2.666666666666666785e+01 2.060748962409912565e+03
2.708333333333333215e+01 2.009284098367197657e+03
2.750000000000000000e+01 1.955836206989308721e+03
2.791666666666666785e+01 1.900409249311561325e+03
2.833333333333333215e+01 1.843034178890473868e+03
2.875000000000000000e+01 1.783859320928415173e+03
2.916666666666666785e+01 1.722946846244622520e+03
2.958333333333333215e+01 1.661560759095739968e+03
3.000000000000000000e+01 1.599792071990379782e+03
3.041666666666666785e+01 1.537640163173582096e+03
3.083333333333333215e+01 1.475104223687288595e+03
3.125000000000000000e+01 1.412183240038044687e+03
3.166666666666666785e+01 1.348876153104628656e+03
3.208333333333333570e+01 1.285181942264606278e+03
3.250000000000000000e+01 1.221099650575667738e+03
3.291666666666666430e+01 1.156628331632312893e+03
3.333333333333333570e+01 1.091766945246503610e+03
3.375000000000000000e+01 1.026514235630648727e+03
3.416666666666666430e+01 9.608686220684840009e+02
3.458333333333333570e+01 8.948281973426720697e+02
3.500000000000000000e+01 8.283908936739209139e+02
3.541666666666666430e+01 7.615546926300174846e+02
3.583333333333333570e+01 6.943177706339906763e+02
3.625000000000000000e+01 6.266785590798999692e+02
3.666666666666666430e+01 5.586356719098009762e+02
3.708333333333333570e+01 4.901878040443470468e+02
3.750000000000000000e+01 4.213336023126394139e+02
3.791666666666666430e+01 3.520715575179528400e+02
3.833333333333333570e+01 2.823999592767935951e+02
3.875000000000000000e+01 2.123169791266191169e+02
3.916666666666666430e+01 1.418208678551126241e+02
3.958333333333333570e+01 7.091011362267019535e+01
4.000000000000000000e+01 -2.096346908564417078e-09
