0.000000000000000000e+00 -8.471020412903484953e-11
4.166666666666666852e-01 1.162074834730091482e+02
8.333333333333333703e-01 2.300273763091816193e+02
1.250000000000000000e+00 3.413555216715980123e+02
1.666666666666666741e+00 4.501388575883917724e+02
2.083333333333333481e+00 5.563679042329298454e+02
2.500000000000000000e+00 6.600474182839022887e+02
2.916666666666666519e+00 7.611738851003676700e+02
3.333333333333333481e+00 8.597359125409461740e+02
3.750000000000000000e+00 9.557206136461409187e+02
4.166666666666666963e+00 1.049114634256028921e+03
4.583333333333333037e+00 1.139904938143573418e+03
5.000000000000000000e+00 1.228079316835058307e+03
5.416666666666666963e+00 1.313625201049570251e+03
5.833333333333333037e+00 1.396527773890838489e+03
6.250000000000000000e+00 1.476771123501992406e+03
6.666666666666666963e+00 1.554345868643680205e+03
7.083333333333333037e+00 1.629258071821821432e+03
7.500000000000000000e+00 1.701550378986587930e+03
7.916666666666666963e+00 1.771303218456946979e+03
8.333333333333333925e+00 1.838436878982979124e+03
8.750000000000000000e+00 1.902847689127779631e+03
9.166666666666666075e+00 1.964512653728812666e+03
9.583333333333333925e+00 2.023446094436475278e+03
1.000000000000000000e+01 2.079662803331076702e+03
1.041666666666666607e+01 2.133170649865724045e+03
1.083333333333333393e+01 2.183973873274961079e+03
1.125000000000000000e+01 2.232077025475311075e+03
1.166666666666666607e+01 2.277483875582506698e+03
1.208333333333333393e+01 2.320195849990591341e+03
1.250000000000000000e+01 2.360213560890436838e+03
1.291666666666666607e+01 2.397539422310708687e+03
1.333333333333333393e+01 2.432181635256745722e+03
1.375000000000000000e+01 2.464158129312496840e+03
1.416666666666666607e+01 2.493499053907980397e+03
1.458333333333333393e+01 2.520247653238858220e+03
1.500000000000000000e+01 2.544442189297090863e+03
1.541666666666666607e+01 2.566043642850248034e+03
1.583333333333333393e+01 2.584838670735259257e+03
1.625000000000000000e+01 2.600860327130833866e+03
1.666666666666666785e+01 2.614251378679818572e+03
1.708333333333333215e+01 2.625044031394186277e+03
1.750000000000000000e+01 2.633241251168243252e+03
1.791666666666666785e+01 2.638844293571215530e+03
1.833333333333333215e+01 2.641860225896718475e+03
1.875000000000000000e+01 2.642308188464630803e+03
1.916666666666666785e+01 2.640223014816179784e+03
1.958333333333333215e+01 2.635648502825275045e+03
2.000000000000000000e+01 2.628616636691590429e+03
2.041666666666666785e+01 2.619133707435507404e+03
2.083333333333333215e+01 2.607185779674323385e+03
2.125000000000000000e+01 2.592756092752543282e+03
2.166666666666666785e+01 2.575837549263663732e+03
2.208333333333333215e+01 2.556437395846324762e+03
2.250000000000000000e+01 2.534574717876594150e+03
2.291666666666666785e+01 2.510270184099065318e+03
2.333333333333333215e+01 2.483529612966436616e+03
2.375000000000000000e+01 2.454325145468813389e+03
2.416666666666666785e+01 2.422585946343616797e+03
2.458333333333333215e+01 2.388183864359622021e+03
2.500000000000000000e+01 2.350884555823090068e+03
2.541666666666666785e+01 2.310839355899849579e+03
2.583333333333333215e+01 2.268377073123478567e+03
2.625000000000000000e+01 2.223675082576143723e+03
2.666666666666666785e+01 2.176821394700014025e+03
2.708333333333333215e+01 2.127857635181223486e+03
2.750000000000000000e+01 2.076814421055419643e+03
2.791666666666666785e+01 2.023735529826153424e+03
2.833333333333333215e+01 1.968712172436016772e+03
2.875000000000000000e+01 1.911864992455095717e+03
2.916666666666666785e+01 1.853233101019568949e+03
2.958333333333333215e+01 1.792798084797955198e+03
3.000000000000000000e+01 1.730325704143697294e+03
3.041666666666666785e+01 1.665875423077807682e+03
3.083333333333333215e+01 1.599678260946130649e+03
3.125000000000000000e+01 1.531800069473237272e+03
3.166666666666666785e+01 1.463250649528454232e+03
3.208333333333333570e+01 1.394239807841153834e+03
3.250000000000000000e+01 1.324772717368598478e+03
3.291666666666666430e+01 1.254853892338115202e+03
3.333333333333333570e+01 1.184487210541296918e+03
3.375000000000000000e+01 1.113675998215434674e+03
3.416666666666666430e+01 1.042423095089136950e+03
3.458333333333333570e+01 9.707309115210495065e+02
3.500000000000000000e+01 8.986015730569397419e+02
3.541666666666666430e+01 8.260370180807634597e+02
3.583333333333333570e+01 7.530390573207985199e+02
3.625000000000000000e+01 6.796094189053329728e+02
3.666666666666666430e+01 6.057497572582730072e+02
3.708333333333333570e+01 5.314616947727222396e+02
3.750000000000000000e+01 4.567468499828694917e+02
3.791666666666666430e+01 3.816068412188898833e+02
3.833333333333333570e+01 3.060432558729681887e+02
3.875000000000000000e+01 2.300576288509562346e+02
3.916666666666666430e+01 1.536514766861510566e+02
3.958333333333333570e+01 7.682629809100399143e+01
4.000000000000000000e+01 -1.091463724955943349e-11
