0.000000000000000000e+00 8.670823087308932031e-11
4.166666666666666852e-01 1.184459815754781147e+02
8.333333333333333703e-01 2.344177596193938768e+02
1.250000000000000000e+00 3.478306577056007995e+02
1.666666666666666741e+00 4.586456718897184146e+02
2.083333333333333481e+00 5.668579648647963722e+02
2.500000000000000000e+00 6.724686521070790377e+02
2.916666666666666519e+00 7.754690048262152686e+02
3.333333333333333481e+00 8.758446029397314305e+02
3.750000000000000000e+00 9.735807297341170852e+02
4.166666666666666963e+00 1.068663214874155301e+03
4.583333333333333037e+00 1.161077594014087254e+03
5.000000000000000000e+00 1.250808264189232887e+03
5.416666666666666963e+00 1.337836756343382604e+03
5.833333333333333037e+00 1.422143532447922780e+03
6.250000000000000000e+00 1.503711946060059063e+03
6.666666666666666963e+00 1.582525884228938139e+03
7.083333333333333037e+00 1.658567742509343361e+03
7.500000000000000000e+00 1.731855682760794480e+03
7.916666666666666963e+00 1.802466104866434307e+03
8.333333333333333925e+00 1.870316942485557774e+03
8.750000000000000000e+00 1.935326360522874893e+03
9.166666666666666075e+00 1.997485897287280295e+03
9.583333333333333925e+00 2.056813612900996304e+03
1.000000000000000000e+01 2.113323856665934727e+03
1.041666666666666607e+01 2.167025980108430304e+03
1.083333333333333393e+01 2.217925912149790292e+03
1.125000000000000000e+01 2.266026488588581742e+03
1.166666666666666607e+01 2.311328413990201625e+03
1.208333333333333393e+01 2.353832063435134387e+03
1.250000000000000000e+01 2.393540648289764704e+03
1.291666666666666607e+01 2.430463912006361625e+03
1.333333333333333393e+01 2.464621670150533646e+03
1.375000000000000000e+01 2.496049562163002065e+03
1.416666666666666607e+01 2.524799246191084421e+03
1.458333333333333393e+01 2.550913388207196931e+03
1.500000000000000000e+01 2.574357683006866864e+03
1.541666666666666607e+01 2.594933777010529866e+03
1.583333333333333393e+01 2.612691993213430578e+03
1.625000000000000000e+01 2.627784137790940804e+03
1.666666666666666785e+01 2.640239055639424805e+03
1.708333333333333215e+01 2.650042205904554066e+03
1.750000000000000000e+01 2.657172281995850881e+03
1.791666666666666785e+01 2.661614477334963340e+03
1.833333333333333215e+01 2.663361624123738693e+03
1.875000000000000000e+01 2.662412170708708800e+03
1.916666666666666785e+01 2.658767853278155144e+03
1.958333333333333215e+01 2.652431088560398621e+03
2.000000000000000000e+01 2.643406266387455616e+03
2.041666666666666785e+01 2.631704673296090732e+03
2.083333333333333215e+01 2.617344865948203733e+03
2.125000000000000000e+01 2.600348208954774236e+03
2.166666666666666785e+01 2.580740514675494524e+03
2.208333333333333215e+01 2.558560180213367858e+03
2.250000000000000000e+01 2.533859576891783945e+03
2.291666666666666785e+01 2.506699325119503555e+03
2.333333333333333215e+01 2.477151738645588921e+03
2.375000000000000000e+01 2.445305139206611329e+03
2.416666666666666785e+01 2.411227779568381720e+03
2.458333333333333215e+01 2.374865703116653549e+03
2.500000000000000000e+01 2.335915148726347525e+03
2.541666666666666785e+01 2.294334147056028542e+03
2.583333333333333215e+01 2.250380145924733824e+03
2.625000000000000000e+01 2.204141431799305792e+03
2.666666666666666785e+01 2.155652794297210221e+03
2.708333333333333215e+01 2.104956950222002888e+03
2.750000000000000000e+01 2.052082031919245310e+03
2.791666666666666785e+01 1.997014023106033164e+03
2.833333333333333215e+01 1.939839217647670012e+03
2.875000000000000000e+01 1.880681081277472913e+03
2.916666666666666785e+01 1.819729861835654674e+03
2.958333333333333215e+01 1.757066133761939454e+03
3.000000000000000000e+01 1.692210945322595535e+03
3.041666666666666785e+01 1.626625623343965572e+03
3.083333333333333215e+01 1.560597834709225253e+03
3.125000000000000000e+01 1.494131582735285519e+03
3.166666666666666785e+01 1.427230110889081516e+03
3.208333333333333570e+01 1.359895999725406909e+03
3.250000000000000000e+01 1.292131210334360048e+03
3.291666666666666430e+01 1.223937191342110964e+03
3.333333333333333570e+01 1.155315012458248248e+03
3.375000000000000000e+01 1.086265484289940559e+03
3.416666666666666430e+01 1.016789219637026235e+03
3.458333333333333570e+01 9.468866621249499076e+02
3.500000000000000000e+01 8.765581932406228134e+02
3.541666666666666430e+01 8.058041923076277726e+02
3.583333333333333570e+01 7.346250628281778745e+02
3.625000000000000000e+01 6.630212524258606663e+02
3.666666666666666430e+01 5.909932457500511873e+02
3.708333333333333570e+01 5.185415995500825375e+02
3.750000000000000000e+01 4.456669698089160079e+02
3.791666666666666430e+01 3.723701159137245327e+02
3.833333333333333570e+01 2.986518690506305234e+02
3.875000000000000000e+01 2.245131076498637981e+02
3.916666666666666430e+01 1.499547852433204582e+02
3.958333333333333570e+01 7.497791823683778034e+01
4.000000000000000000e+01 -4.004688941572354111e-11
