0.000000000000000000e+00 2.361282627760807884e-10
4.166666666666666852e-01 1.242566464869058649e+02
8.333333333333333703e-01 2.462576519003615090e+02
1.250000000000000000e+00 3.657422121471342393e+02
1.666666666666666741e+00 4.825918865139682907e+02
2.083333333333333481e+00 5.968013320432713726e+02
2.500000000000000000e+00 7.083957372955436540e+02
2.916666666666666519e+00 8.173699223227594075e+02
3.333333333333333481e+00 9.236918304859660793e+02
3.750000000000000000e+00 1.027327184500336216e+03
4.166666666666666963e+00 1.128247587847575232e+03
4.583333333333333037e+00 1.226429331964725861e+03
5.000000000000000000e+00 1.321834615661982525e+03
5.416666666666666963e+00 1.414417923208067123e+03
5.833333333333333037e+00 1.504236580962332255e+03
6.250000000000000000e+00 1.591497269861712539e+03
6.666666666666666963e+00 1.676016470706539394e+03
7.083333333333333037e+00 1.757594373954343155e+03
7.500000000000000000e+00 1.836208035859075380e+03
7.916666666666666963e+00 1.911895990509190142e+03
8.333333333333333925e+00 1.984688289192318052e+03
8.750000000000000000e+00 2.054594283585198355e+03
9.166666666666666075e+00 2.121613099835454705e+03
9.583333333333333925e+00 2.185744852986200385e+03
1.000000000000000000e+01 2.246987224538743249e+03
1.041666666666666607e+01 2.305336237546651319e+03
1.083333333333333393e+01 2.360794801520511555e+03
1.125000000000000000e+01 2.413367450630936219e+03
1.166666666666666607e+01 2.463056069349194331e+03
1.208333333333333393e+01 2.509866626868540152e+03
1.250000000000000000e+01 2.553808597358192856e+03
1.291666666666666607e+01 2.594889194179512742e+03
1.333333333333333393e+01 2.633116588178732854e+03
1.375000000000000000e+01 2.668505759303138802e+03
1.416666666666666607e+01 2.701074553412612659e+03
1.458333333333333393e+01 2.730840034515443222e+03
1.500000000000000000e+01 2.757822408825189541e+03
1.541666666666666607e+01 2.782047363185834911e+03
1.583333333333333393e+01 2.803549190281045412e+03
1.625000000000000000e+01 2.822385336665128307e+03
1.666666666666666785e+01 2.838647264654957780e+03
1.708333333333333215e+01 2.852446702717542394e+03
1.750000000000000000e+01 2.863865527742206723e+03
1.791666666666666785e+01 2.872782148750365195e+03
1.833333333333333215e+01 2.878537278749865436e+03
1.875000000000000000e+01 2.881254906840305921e+03
1.916666666666666785e+01 2.881458334882298914e+03
1.958333333333333215e+01 2.879321241413847929e+03
2.000000000000000000e+01 2.874890613994039086e+03
2.041666666666666785e+01 2.868174501611756114e+03
2.083333333333333215e+01 2.859181995136715159e+03
2.125000000000000000e+01 2.847932658702117806e+03
2.166666666666666785e+01 2.834447548463116618e+03
2.208333333333333215e+01 2.818733557680724971e+03
2.250000000000000000e+01 2.800769470516245747e+03
2.291666666666666785e+01 2.780495354257667259e+03
2.333333333333333215e+01 2.757796354930588677e+03
2.375000000000000000e+01 2.732477048769712837e+03
2.416666666666666785e+01 2.704224119769756726e+03
2.458333333333333215e+01 2.672556314877791920e+03
2.500000000000000000e+01 2.636794358197365455e+03
2.541666666666666785e+01 2.596086417497702314e+03
2.583333333333333215e+01 2.549482599628837306e+03
2.625000000000000000e+01 2.498056932996040814e+03
2.666666666666666785e+01 2.442971879267704480e+03
2.708333333333333215e+01 2.385041861568339755e+03
2.750000000000000000e+01 2.324822340902705037e+03
2.791666666666666785e+01 2.262686303668798246e+03
2.833333333333333215e+01 2.198883551904427350e+03
2.875000000000000000e+01 2.133589288893351295e+03
2.916666666666666785e+01 2.066941723480714245e+03
2.958333333333333215e+01 1.999068688775356804e+03
3.000000000000000000e+01 1.930060718663170064e+03
3.041666666666666785e+01 1.859787576563479206e+03
3.083333333333333215e+01 1.787560540676239725e+03
3.125000000000000000e+01 1.713632655073361775e+03
3.166666666666666785e+01 1.638581648775085114e+03
3.208333333333333570e+01 1.562522592692000671e+03
3.250000000000000000e+01 1.485472303802494935e+03
3.291666666666666430e+01 1.407484504549483290e+03
3.333333333333333570e+01 1.328560087167704978e+03
3.375000000000000000e+01 1.248676759466814019e+03
3.416666666666666430e+01 1.167820501255708223e+03
3.458333333333333570e+01 1.086570870509466204e+03
3.500000000000000000e+01 1.005013176186945657e+03
3.541666666666666430e+01 9.231408797170245180e+02
3.583333333333333570e+01 8.409471795509501817e+02
3.625000000000000000e+01 7.584249359022778663e+02
3.666666666666666430e+01 6.755666283295092853e+02
3.708333333333333570e+01 5.923643585018529620e+02
3.750000000000000000e+01 5.088098504017777373e+02
3.791666666666666430e+01 4.248944891163140483e+02
3.833333333333333570e+01 3.406093569196478370e+02
3.875000000000000000e+01 2.559452555895007890e+02
3.916666666666666430e+01 1.708927386230594436e+02
3.958333333333333570e+01 8.544217055151929685e+01
4.000000000000000000e+01 -2.570982350624806401e-09
