0.000000000000000000e+00 -6.670369881445203930e-10
4.166666666666666852e-01 1.184048646540450420e+02
8.333333333333333703e-01 2.347466283381937160e+02
1.250000000000000000e+00 3.489978422104475726e+02
1.666666666666666741e+00 4.611537486956459588e+02
2.083333333333333481e+00 5.712427018494931872e+02
2.500000000000000000e+00 6.793037244567789230e+02
2.916666666666666519e+00 7.856270714162758395e+02
3.333333333333333481e+00 8.903076794380007186e+02
3.750000000000000000e+00 9.933375788065237657e+02
4.166666666666666963e+00 1.094640123978888823e+03
4.583333333333333037e+00 1.194122349980039189e+03
5.000000000000000000e+00 1.291713969686392829e+03
5.416666666666666963e+00 1.387375989669450291e+03
5.833333333333333037e+00 1.481079199294105365e+03
6.250000000000000000e+00 1.572810872082439801e+03
6.666666666666666963e+00 1.662572493166819186e+03
7.083333333333333037e+00 1.750317215413435406e+03
7.500000000000000000e+00 1.835808125124580783e+03
7.916666666666666963e+00 1.918600985840006160e+03
8.333333333333333925e+00 1.998918177944065974e+03
8.750000000000000000e+00 2.077100540790321247e+03
9.166666666666666075e+00 2.153195164766189464e+03
9.583333333333333925e+00 2.227112542078686602e+03
1.000000000000000000e+01 2.298769223969532050e+03
1.041666666666666607e+01 2.368113785889300289e+03
1.083333333333333393e+01 2.435121681811221606e+03
1.125000000000000000e+01 2.499787162377186178e+03
1.166666666666666607e+01 2.562116054826604341e+03
1.208333333333333393e+01 2.622116569185172011e+03
1.250000000000000000e+01 2.679796128014754686e+03
1.291666666666666607e+01 2.735171848763803609e+03
1.333333333333333393e+01 2.788279790093618431e+03
1.375000000000000000e+01 2.839172827948111262e+03
1.416666666666666607e+01 2.887899948401603069e+03
1.458333333333333393e+01 2.934421780578617472e+03
1.500000000000000000e+01 2.978377891843768793e+03
1.541666666666666607e+01 3.019061252993413746e+03
1.583333333333333393e+01 3.056645770953632564e+03
1.625000000000000000e+01 3.091789325632799773e+03
1.666666666666666785e+01 3.124590740606458894e+03
1.708333333333333215e+01 3.154854693091542686e+03
1.750000000000000000e+01 3.182310298066177438e+03
1.791666666666666785e+01 3.206617713024559635e+03
1.833333333333333215e+01 3.227318846999452035e+03
1.875000000000000000e+01 3.243785963711326986e+03
1.916666666666666785e+01 3.255279964680674311e+03
1.958333333333333215e+01 3.261267552409040945e+03
2.000000000000000000e+01 3.261799186822228876e+03
2.041666666666666785e+01 3.257484958726601690e+03
2.083333333333333215e+01 3.249084456869695714e+03
2.125000000000000000e+01 3.237182866860789545e+03
2.166666666666666785e+01 3.222146625423888963e+03
2.208333333333333215e+01 3.204181597147248794e+03
2.250000000000000000e+01 3.183379369196667994e+03
2.291666666666666785e+01 3.159744331399302155e+03
2.333333333333333215e+01 3.133204375613648153e+03
2.375000000000000000e+01 3.103625927012783450e+03
2.416666666666666785e+01 3.070900060920268970e+03
2.458333333333333215e+01 3.035240339133280031e+03
2.500000000000000000e+01 2.997710503006457657e+03
2.541666666666666785e+01 2.958317731666784766e+03
2.583333333333333215e+01 2.916252783113866371e+03
2.625000000000000000e+01 2.871328448438168834e+03
2.666666666666666785e+01 2.823585924350485584e+03
2.708333333333333215e+01 2.773116209453308329e+03
2.750000000000000000e+01 2.720001725912616166e+03
2.791666666666666785e+01 2.664301316388073701e+03
2.833333333333333215e+01 2.606053154351535341e+03
2.875000000000000000e+01 2.545280785074846790e+03
2.916666666666666785e+01 2.481997975139046503e+03
2.958333333333333215e+01 2.416210449819740916e+03
3.000000000000000000e+01 2.347917066130012245e+03
3.041666666666666785e+01 2.277103458861196032e+03
3.083333333333333215e+01 2.203735684945342655e+03
3.125000000000000000e+01 2.127754162332447777e+03
3.166666666666666785e+01 2.049072104824832422e+03
3.208333333333333570e+01 1.967622723398545986e+03
3.250000000000000000e+01 1.883577627571134144e+03
3.291666666666666430e+01 1.797786325218095953e+03
3.333333333333333570e+01 1.710323775702483090e+03
3.375000000000000000e+01 1.620565153527345501e+03
3.416666666666666430e+01 1.528368697760532541e+03
3.458333333333333570e+01 1.433781454151970593e+03
3.500000000000000000e+01 1.336872122861983598e+03
3.541666666666666430e+01 1.237692427353833182e+03
3.583333333333333570e+01 1.136261381452961132e+03
3.625000000000000000e+01 1.032551024838031026e+03
3.666666666666666430e+01 9.264878318987287003e+02
3.708333333333333570e+01 8.180059894827267044e+02
3.750000000000000000e+01 7.071516355706480681e+02
3.791666666666666430e+01 5.942878438685916080e+02
3.833333333333333570e+01 4.796609245579050480e+02
3.875000000000000000e+01 3.628816352696809986e+02
3.916666666666666430e+01 2.437666129749630670e+02
3.958333333333333570e+01 1.224495908972963321e+02
4.000000000000000000e+01 1.031913325622024757e-09
