0.000000000000000000e+00 -1.380910684412040013e-09
4.166666666666666852e-01 1.448983190422048324e+02
8.333333333333333703e-01 2.855432440001470127e+02
1.250000000000000000e+00 4.220544558978343161e+02
1.666666666666666741e+00 5.544938642372533195e+02
2.083333333333333481e+00 6.829177885942835928e+02
2.500000000000000000e+00 8.074127185347093700e+02
2.916666666666666519e+00 9.280888015600941117e+02
3.333333333333333481e+00 1.045055291591816058e+03
3.750000000000000000e+00 1.158406541843488640e+03
4.166666666666666963e+00 1.268251491610970334e+03
4.583333333333333037e+00 1.374708357503547859e+03
5.000000000000000000e+00 1.477859982650203392e+03
5.416666666666666963e+00 1.577756467640177107e+03
5.833333333333333037e+00 1.674452073517388271e+03
6.250000000000000000e+00 1.768032155701930606e+03
6.666666666666666963e+00 1.858726585860800697e+03
7.083333333333333037e+00 1.949107871003259334e+03
7.500000000000000000e+00 2.036050026871957243e+03
7.916666666666666963e+00 2.118124553749571533e+03
8.333333333333333925e+00 2.194063982723441313e+03
8.750000000000000000e+00 2.263547321236376774e+03
9.166666666666666075e+00 2.326996488918289742e+03
9.583333333333333925e+00 2.385189722782777153e+03
1.000000000000000000e+01 2.438727457867933481e+03
1.041666666666666607e+01 2.487847842284705166e+03
1.083333333333333393e+01 2.533111153776125775e+03
1.125000000000000000e+01 2.574524421250447631e+03
1.166666666666666607e+01 2.612269851722742715e+03
1.208333333333333393e+01 2.646393298236030205e+03
1.250000000000000000e+01 2.676942810643453868e+03
1.291666666666666607e+01 2.703814229600811814e+03
1.333333333333333393e+01 2.727252449395134590e+03
1.375000000000000000e+01 2.747203390191866220e+03
1.416666666666666607e+01 2.763932617464453415e+03
1.458333333333333393e+01 2.777573802932402486e+03
1.500000000000000000e+01 2.788196248451795782e+03
1.541666666666666607e+01 2.795781402444917603e+03
1.583333333333333393e+01 2.800521433978138703e+03
1.625000000000000000e+01 2.802918695126956209e+03
1.666666666666666785e+01 2.804965986403449278e+03
1.708333333333333215e+01 2.804067052836760013e+03
1.750000000000000000e+01 2.800005679194071490e+03
1.791666666666666785e+01 2.792882334918360357e+03
1.833333333333333215e+01 2.782827719144106595e+03
1.875000000000000000e+01 2.769941039716981322e+03
1.916666666666666785e+01 2.754289118595394029e+03
1.958333333333333215e+01 2.735919151346176022e+03
2.000000000000000000e+01 2.714873740493485457e+03
2.041666666666666785e+01 2.691201416748705469e+03
2.083333333333333215e+01 2.664961482948026969e+03
2.125000000000000000e+01 2.636219416648712922e+03
2.166666666666666785e+01 2.605040413726005227e+03
2.208333333333333215e+01 2.571478153801156623e+03
2.250000000000000000e+01 2.535559513597508158e+03
2.291666666666666785e+01 2.497248026997508532e+03
2.333333333333333215e+01 2.456416555258726930e+03
2.375000000000000000e+01 2.412881458697502239e+03
2.416666666666666785e+01 2.366649122495186930e+03
2.458333333333333215e+01 2.318052468138060249e+03
2.500000000000000000e+01 2.268941378693307797e+03
2.541666666666666785e+01 2.217448235677431057e+03
2.583333333333333215e+01 2.163464275366197398e+03
2.625000000000000000e+01 2.107330706651081982e+03
2.666666666666666785e+01 2.050563867062160170e+03
2.708333333333333215e+01 1.993349905096367593e+03
2.750000000000000000e+01 1.935688157716091609e+03
2.791666666666666785e+01 1.877578023243858752e+03
2.833333333333333215e+01 1.819018933943210413e+03
2.875000000000000000e+01 1.760010405327568151e+03
2.916666666666666785e+01 1.700552214038019656e+03
2.958333333333333215e+01 1.640644493434882634e+03
3.000000000000000000e+01 1.580287761742557677e+03
3.041666666666666785e+01 1.519482723897068809e+03
3.083333333333333215e+01 1.458229928488209907e+03
3.125000000000000000e+01 1.396529796463483535e+03
3.166666666666666785e+01 1.334383169645074531e+03
3.208333333333333570e+01 1.271791144921585328e+03
3.250000000000000000e+01 1.208755086566317004e+03
3.291666666666666430e+01 1.145276512825250848e+03
3.333333333333333570e+01 1.081356912045093168e+03
3.375000000000000000e+01 1.016997556131799001e+03
3.416666666666666430e+01 9.521993718319426989e+02
3.458333333333333570e+01 8.869630916703226831e+02
3.500000000000000000e+01 8.212891900600054669e+02
3.541666666666666430e+01 7.551783400018445036e+02
3.583333333333333570e+01 6.886316255566733844e+02
3.625000000000000000e+01 6.216506189226557808e+02
3.666666666666666430e+01 5.542372552525896481e+02
3.708333333333333570e+01 4.863936364348560915e+02
3.750000000000000000e+01 4.181218031958845245e+02
3.791666666666666430e+01 3.494235442076678169e+02
3.833333333333333570e+01 2.803003190141318441e+02
3.875000000000000000e+01 2.107533825970068619e+02
3.916666666666666430e+01 1.407839405301332079e+02
3.958333333333333570e+01 7.039342767725253225e+01
4.000000000000000000e+01 9.418173879671698501e-11
