0.000000000000000000e+00 -2.004681941281116764e-09
4.166666666666666852e-01 1.240968262579700365e+02
8.333333333333333703e-01 2.449348794945505858e+02
1.250000000000000000e+00 3.627998798632855255e+02
1.666666666666666741e+00 4.777887282096270951e+02
2.083333333333333481e+00 5.898442945729441362e+02
2.500000000000000000e+00 6.988732865480016017e+02
2.916666666666666519e+00 8.048246701496636888e+02
3.333333333333333481e+00 9.076735950600354954e+02
3.750000000000000000e+00 1.007393602113339284e+03
4.166666666666666963e+00 1.103958216775035453e+03
4.583333333333333037e+00 1.197343253224728869e+03
5.000000000000000000e+00 1.287524065108436162e+03
5.416666666666666963e+00 1.374481958784659128e+03
5.833333333333333037e+00 1.458211562181934823e+03
6.250000000000000000e+00 1.538707801245171822e+03
6.666666666666666963e+00 1.615955878739006721e+03
7.083333333333333037e+00 1.690202642292565315e+03
7.500000000000000000e+00 1.763800627870824428e+03
7.916666666666666963e+00 1.834772298873876025e+03
8.333333333333333925e+00 1.902895266763311611e+03
8.750000000000000000e+00 1.967973503556749392e+03
9.166666666666666075e+00 2.029943663751650092e+03
9.583333333333333925e+00 2.088787919053642327e+03
1.000000000000000000e+01 2.144507284012887339e+03
1.041666666666666607e+01 2.197113331371006552e+03
1.083333333333333393e+01 2.246616030274439254e+03
1.125000000000000000e+01 2.293014854830020340e+03
1.166666666666666607e+01 2.336308290837867389e+03
1.208333333333333393e+01 2.376503133860757316e+03
1.250000000000000000e+01 2.413613596333995247e+03
1.291666666666666607e+01 2.447658671038301236e+03
1.333333333333333393e+01 2.478655687662182572e+03
1.375000000000000000e+01 2.506614579941734519e+03
1.416666666666666607e+01 2.531529220156047359e+03
1.458333333333333393e+01 2.553359096979277183e+03
1.500000000000000000e+01 2.572030097243087312e+03
1.541666666666666607e+01 2.587502907877082635e+03
1.583333333333333393e+01 2.600034769143939229e+03
1.625000000000000000e+01 2.610218613195200305e+03
1.666666666666666785e+01 2.619959278275190627e+03
1.708333333333333215e+01 2.626848164127694872e+03
1.750000000000000000e+01 2.630721153519365089e+03
1.791666666666666785e+01 2.631685827697785498e+03
1.833333333333333215e+01 2.629860308280578010e+03
1.875000000000000000e+01 2.625344160220484810e+03
1.916666666666666785e+01 2.618213708215961105e+03
1.958333333333333215e+01 2.608505392834866143e+03
2.000000000000000000e+01 2.596218506766165774e+03
2.041666666666666785e+01 2.581327495119697232e+03
2.083333333333333215e+01 2.563808209500371504e+03
2.125000000000000000e+01 2.543659044125957735e+03
2.166666666666666785e+01 2.520908916321585366e+03
2.208333333333333215e+01 2.495628525987988724e+03
2.250000000000000000e+01 2.467951009852900825e+03
2.291666666666666785e+01 2.438077146645696303e+03
2.333333333333333215e+01 2.406220038568116252e+03
2.375000000000000000e+01 2.372554572189094415e+03
2.416666666666666785e+01 2.337206193064620493e+03
2.458333333333333215e+01 2.300336875130609315e+03
2.500000000000000000e+01 2.262390001529112396e+03
2.541666666666666785e+01 2.223935307857470434e+03
2.583333333333333215e+01 2.182985538711805020e+03
2.625000000000000000e+01 2.139349221970611325e+03
2.666666666666666785e+01 2.093129465004879421e+03
2.708333333333333215e+01 2.044447629208202216e+03
2.750000000000000000e+01 1.993465109276259682e+03
2.791666666666666785e+01 1.940466985029842363e+03
2.833333333333333215e+01 1.885841413074615730e+03
2.875000000000000000e+01 1.829897485129132519e+03
2.916666666666666785e+01 1.772712885146262352e+03
2.958333333333333215e+01 1.714387531236376390e+03
3.000000000000000000e+01 1.655515124693268717e+03
3.041666666666666785e+01 1.596171006003754655e+03
3.083333333333333215e+01 1.534728393482849242e+03
3.125000000000000000e+01 1.471121380166995777e+03
3.166666666666666785e+01 1.405772817163570380e+03
3.208333333333333570e+01 1.339775764999440980e+03
3.250000000000000000e+01 1.273310611113595769e+03
3.291666666666666430e+01 1.206379187736759604e+03
3.333333333333333570e+01 1.138983461008932181e+03
3.375000000000000000e+01 1.071125562530262187e+03
3.416666666666666430e+01 1.002807876698828750e+03
3.458333333333333570e+01 9.340328089636070672e+02
3.500000000000000000e+01 8.648028345496977636e+02
3.541666666666666430e+01 7.951205309610433005e+02
3.583333333333333570e+01 7.249885858127718166e+02
3.625000000000000000e+01 6.544097939766504624e+02
3.666666666666666430e+01 5.833870216113868992e+02
3.708333333333333570e+01 5.119232093374187116e+02
3.750000000000000000e+01 4.400213685271225472e+02
3.791666666666666430e+01 3.676845591554670705e+02
3.833333333333333570e+01 2.949158443803121941e+02
3.875000000000000000e+01 2.217182722460433411e+02
3.916666666666666430e+01 1.480949279859048033e+02
3.958333333333333570e+01 7.404895156562746195e+01
4.000000000000000000e+01 3.321623164020959251e-09
