0.000000000000000000e+00 2.134472579934376668e-08
4.166666666666666852e-01 1.144862666446883992e+02
8.333333333333333703e-01 2.265249498299409936e+02
1.250000000000000000e+00 3.359962436062092479e+02
1.666666666666666741e+00 4.428470429679446170e+02
2.083333333333333481e+00 5.470748427909038583e+02
2.500000000000000000e+00 6.486861538438951129e+02
2.916666666666666519e+00 7.476772434620697823e+02
3.333333333333333481e+00 8.440383312807539369e+02
3.750000000000000000e+00 9.377561215634732434e+02
4.166666666666666963e+00 1.028816867753599809e+03
4.583333333333333037e+00 1.117207105800352792e+03
5.000000000000000000e+00 1.202909961232715204e+03
5.416666666666666963e+00 1.285906523724526551e+03
5.833333333333333037e+00 1.366186471422706745e+03
6.250000000000000000e+00 1.443748583331494501e+03
6.666666666666666963e+00 1.518579355783431765e+03
7.083333333333333037e+00 1.590648254822056970e+03
7.500000000000000000e+00 1.659942875340115506e+03
7.916666666666666963e+00 1.726529581035449837e+03
8.333333333333333925e+00 1.790554184205851925e+03
8.750000000000000000e+00 1.851914977142980661e+03
9.166666666666666075e+00 1.910459342742467015e+03
9.583333333333333925e+00 1.966155295009089969e+03
1.000000000000000000e+01 2.019022714039883795e+03
1.041666666666666607e+01 2.069085611176392831e+03
1.083333333333333393e+01 2.116359636925946234e+03
1.125000000000000000e+01 2.160850494807916220e+03
1.166666666666666607e+01 2.202559586467487861e+03
1.208333333333333393e+01 2.241492413817659326e+03
1.250000000000000000e+01 2.277670084909612342e+03
1.291666666666666607e+01 2.311137431762995675e+03
1.333333333333333393e+01 2.341966985621512322e+03
1.375000000000000000e+01 2.370233306256402102e+03
1.416666666666666607e+01 2.395891715950363050e+03
1.458333333333333393e+01 2.418610630425585441e+03
1.500000000000000000e+01 2.438475119390060172e+03
1.541666666666666607e+01 2.455736492559097769e+03
1.583333333333333393e+01 2.470461809601288678e+03
1.625000000000000000e+01 2.482653910283206187e+03
1.666666666666666785e+01 2.492288907930505957e+03
1.708333333333333215e+01 2.499331759707549736e+03
1.750000000000000000e+01 2.503751066126683781e+03
1.791666666666666785e+01 2.505525275409901042e+03
1.833333333333333215e+01 2.504643240392082589e+03
1.875000000000000000e+01 2.501102941576186367e+03
1.916666666666666785e+01 2.494907766577224720e+03
1.958333333333333215e+01 2.486066934352606040e+03
2.000000000000000000e+01 2.474605730517624124e+03
2.041666666666666785e+01 2.460574103362557253e+03
2.083333333333333215e+01 2.444037275993776348e+03
2.125000000000000000e+01 2.425061291517459722e+03
2.166666666666666785e+01 2.403709799446388388e+03
2.208333333333333215e+01 2.380045730116702543e+03
2.250000000000000000e+01 2.354134820947271692e+03
2.291666666666666785e+01 2.326062553187530284e+03
2.333333333333333215e+01 2.295948615106559828e+03
2.375000000000000000e+01 2.263920019902780496e+03
2.416666666666666785e+01 2.229976486444287730e+03
2.458333333333333215e+01 2.193733095172465710e+03
2.500000000000000000e+01 2.155376773558299647e+03
2.541666666666666785e+01 2.115266871186186563e+03
2.583333333333333215e+01 2.073339005088026624e+03
2.625000000000000000e+01 2.029429581751630394e+03
2.666666666666666785e+01 1.983456831834877448e+03
2.708333333333333215e+01 1.935477429984796345e+03
2.750000000000000000e+01 1.885609047855594781e+03
2.791666666666666785e+01 1.833862335385456390e+03
2.833333333333333215e+01 1.780183778846574796e+03
2.875000000000000000e+01 1.724597440300621656e+03
2.916666666666666785e+01 1.667262700644070492e+03
2.958333333333333215e+01 1.608346239758840511e+03
3.000000000000000000e+01 1.548930241138618157e+03
3.041666666666666785e+01 1.489104131903118059e+03
3.083333333333333215e+01 1.428867685237185469e+03
3.125000000000000000e+01 1.368220802366849057e+03
3.166666666666666785e+01 1.307163451345796830e+03
3.208333333333333570e+01 1.245695632403973832e+03
3.250000000000000000e+01 1.183817364598651693e+03
3.291666666666666430e+01 1.121528631582532171e+03
3.333333333333333570e+01 1.058829364447204853e+03
3.375000000000000000e+01 9.957194458019334888e+02
3.416666666666666430e+01 9.321986798482141694e+02
3.458333333333333570e+01 8.682667569909073109e+02
3.500000000000000000e+01 8.039233314098612482e+02
3.541666666666666430e+01 7.391680663211101319e+02
3.583333333333333570e+01 6.740006456168360955e+02
3.625000000000000000e+01 6.084207722877623610e+02
3.666666666666666430e+01 5.424281333462945440e+02
3.708333333333333570e+01 4.760224068666825019e+02
3.750000000000000000e+01 4.092032640509112866e+02
3.791666666666666430e+01 3.419703549097191058e+02
3.833333333333333570e+01 2.743232701617213820e+02
3.875000000000000000e+01 2.062615284020819786e+02
3.916666666666666430e+01 1.377846327656817209e+02
3.958333333333333570e+01 6.889209308394924847e+01
4.000000000000000000e+01 3.064211925168924822e-08
