0.000000000000000000e+00 5.287226559347324439e-10
4.166666666666666852e-01 1.186065349827545958e+02
8.333333333333333703e-01 2.350846647269598293e+02
1.250000000000000000e+00 3.489560534128134464e+02
1.666666666666666741e+00 4.600822429409200822e+02
2.083333333333333481e+00 5.685392626783255992e+02
2.500000000000000000e+00 6.743980632455975410e+02
2.916666666666666519e+00 7.776581108356697314e+02
3.333333333333333481e+00 8.782995278716591656e+02
3.750000000000000000e+00 9.762968887806619023e+02
4.166666666666666963e+00 1.071623826739859396e+03
4.583333333333333037e+00 1.164237549267531676e+03
5.000000000000000000e+00 1.254073707909405130e+03
5.416666666666666963e+00 1.341097330096482210e+03
5.833333333333333037e+00 1.425332700289580544e+03
6.250000000000000000e+00 1.506798383192846359e+03
6.666666666666666963e+00 1.585458699222725045e+03
7.083333333333333037e+00 1.661263055009991149e+03
7.500000000000000000e+00 1.734155170635348668e+03
7.916666666666666963e+00 1.804082931450333717e+03
8.333333333333333925e+00 1.871065186736845590e+03
8.750000000000000000e+00 1.935430855525801007e+03
9.166666666666666075e+00 1.997857488158982051e+03
9.583333333333333925e+00 2.057852058959353599e+03
1.000000000000000000e+01 2.114694153986240053e+03
1.041666666666666607e+01 2.168279254273685183e+03
1.083333333333333393e+01 2.218759077985131626e+03
1.125000000000000000e+01 2.266294222569044450e+03
1.166666666666666607e+01 2.311027837702107263e+03
1.208333333333333393e+01 2.353119834083113801e+03
1.250000000000000000e+01 2.392762239858359862e+03
1.291666666666666607e+01 2.430099973677449725e+03
1.333333333333333393e+01 2.464896934731694273e+03
1.375000000000000000e+01 2.495933560324042901e+03
1.416666666666666607e+01 2.523462608630144587e+03
1.458333333333333393e+01 2.548289747181361690e+03
1.500000000000000000e+01 2.570512926793908719e+03
1.541666666666666607e+01 2.590044504138320008e+03
1.583333333333333393e+01 2.606785059526317127e+03
1.625000000000000000e+01 2.620672536247057451e+03
1.666666666666666785e+01 2.631689288899484382e+03
1.708333333333333215e+01 2.639845456657300474e+03
1.750000000000000000e+01 2.645151945934936066e+03
1.791666666666666785e+01 2.647611740789320265e+03
1.833333333333333215e+01 2.647228448789884169e+03
1.875000000000000000e+01 2.644008921436196488e+03
1.916666666666666785e+01 2.637963479211879985e+03
1.958333333333333215e+01 2.629101078742502978e+03
2.000000000000000000e+01 2.617431145887320326e+03
2.041666666666666785e+01 2.602977082804686688e+03
2.083333333333333215e+01 2.585779028160623511e+03
2.125000000000000000e+01 2.565874931648292204e+03
2.166666666666666785e+01 2.543289647003987284e+03
2.208333333333333215e+01 2.518055241070840111e+03
2.250000000000000000e+01 2.490227041834247302e+03
2.291666666666666785e+01 2.459934172685368139e+03
2.333333333333333215e+01 2.427354316908564215e+03
2.375000000000000000e+01 2.392741792380379138e+03
2.416666666666666785e+01 2.356382399424049254e+03
2.458333333333333215e+01 2.319604371833870573e+03
2.500000000000000000e+01 2.281334858314305620e+03
2.541666666666666785e+01 2.241254339352878105e+03
2.583333333333333215e+01 2.199279757411992250e+03
2.625000000000000000e+01 2.155367561945323359e+03
2.666666666666666785e+01 2.109525232584846435e+03
2.708333333333333215e+01 2.061777687845578839e+03
2.750000000000000000e+01 2.012143890035963523e+03
2.791666666666666785e+01 1.960647658904198806e+03
2.833333333333333215e+01 1.907377970992988594e+03
2.875000000000000000e+01 1.852516975532357264e+03
2.916666666666666785e+01 1.796098683998129445e+03
2.958333333333333215e+01 1.737469306683929062e+03
3.000000000000000000e+01 1.673970358539322206e+03
3.041666666666666785e+01 1.609497395812007881e+03
3.083333333333333215e+01 1.544567516560956847e+03
3.125000000000000000e+01 1.479177102756071690e+03
3.166666666666666785e+01 1.413323316739811844e+03
3.208333333333333570e+01 1.347004003671280316e+03
3.250000000000000000e+01 1.280217635643304675e+03
3.291666666666666430e+01 1.212963279293669530e+03
3.333333333333333570e+01 1.145240579354869851e+03
3.375000000000000000e+01 1.077049755766776116e+03
3.416666666666666430e+01 1.008391640373724613e+03
3.458333333333333570e+01 9.392676974758715005e+02
3.500000000000000000e+01 8.696799060675657529e+02
3.541666666666666430e+01 7.996306536353718002e+02
3.583333333333333570e+01 7.291226583046337737e+02
3.625000000000000000e+01 6.581589136230461463e+02
3.666666666666666430e+01 5.867426825125827463e+02
3.708333333333333570e+01 5.148774618996034178e+02
3.750000000000000000e+01 4.425669600673713262e+02
3.791666666666666430e+01 3.698150895883719045e+02
3.833333333333333570e+01 2.966259738866008320e+02
3.875000000000000000e+01 2.230039124354484272e+02
3.916666666666666430e+01 1.489532657221613476e+02
3.958333333333333570e+01 7.447838168241391088e+01
4.000000000000000000e+01 -7.135695506699235580e-11
