0.000000000000000000e+00 4.576615054117751669e+01
4.166666666666666852e-01 4.513062062921653705e+01
8.333333333333333703e-01 4.447588770084340837e+01
1.250000000000000000e+00 4.380394387703145043e+01
1.666666666666666741e+00 4.311433339502207929e+01
2.083333333333333481e+00 4.240790465042811519e+01
2.500000000000000000e+00 4.168480884181982304e+01
2.916666666666666519e+00 4.094516908534006205e+01
3.333333333333333481e+00 4.018921805813557313e+01
3.750000000000000000e+00 3.941725601343096486e+01
4.166666666666666963e+00 3.862882335779975307e+01
4.583333333333333037e+00 3.782331887176227525e+01
5.000000000000000000e+00 3.700139367220251785e+01
5.416666666666666963e+00 3.616350810169968355e+01
5.833333333333333037e+00 3.530994639660514878e+01
6.250000000000000000e+00 3.444109289415765573e+01
6.666666666666666963e+00 3.355735474935392659e+01
7.083333333333333037e+00 3.265877075546776354e+01
7.500000000000000000e+00 3.174474505321682827e+01
7.916666666666666963e+00 3.081597415307309618e+01
8.333333333333333925e+00 2.987306521867060027e+01
8.750000000000000000e+00 2.891638991424312266e+01
9.166666666666666075e+00 2.794624565085097956e+01
9.583333333333333925e+00 2.696312920479484987e+01
1.000000000000000000e+01 2.596759059448492124e+01
1.041666666666666607e+01 2.495993051468697033e+01
1.083333333333333393e+01 2.393982535093351416e+01
1.125000000000000000e+01 2.290803180889012580e+01
1.166666666666666607e+01 2.186526880768819936e+01
1.208333333333333393e+01 2.081202010945750303e+01
1.250000000000000000e+01 1.974869749373578642e+01
1.291666666666666607e+01 1.867567629921999739e+01
1.333333333333333393e+01 1.759334420541983590e+01
1.375000000000000000e+01 1.650220929222498611e+01
1.416666666666666607e+01 1.540301024948176867e+01
1.458333333333333393e+01 1.429647388973348576e+01
1.500000000000000000e+01 1.318303717401594533e+01
1.541666666666666607e+01 1.206267933168079942e+01
1.583333333333333393e+01 1.093612194203546473e+01
1.625000000000000000e+01 9.804074140017965178e+00
1.666666666666666785e+01 8.667112415810914072e+00
1.708333333333333215e+01 7.525815563778457395e+00
1.750000000000000000e+01 6.380763103197877761e+00
1.791666666666666785e+01 5.232537138650537933e+00
1.833333333333333215e+01 4.081680324040287466e+00
1.875000000000000000e+01 2.928727980887974258e+00
1.916666666666666785e+01 1.774267122481286263e+00
1.958333333333333215e+01 6.189484531747614371e-01
2.000000000000000000e+01 -5.366602971375994402e-01
2.041666666666666785e+01 -1.692038759127802328e+00
2.083333333333333215e+01 -2.846616027859388165e+00
2.125000000000000000e+01 -3.999724597861104680e+00
2.166666666666666785e+01 -5.150684318994845690e+00
2.208333333333333215e+01 -6.298880937753392750e+00
2.250000000000000000e+01 -7.443744824047262121e+00
2.291666666666666785e+01 -8.584731381100921155e+00
2.333333333333333215e+01 -9.721351958756644152e+00
2.375000000000000000e+01 -1.085313873866106071e+01
2.416666666666666785e+01 -1.197961858867368257e+01
2.458333333333333215e+01 -1.310026689280275569e+01
2.500000000000000000e+01 -1.421449365609143989e+01
2.541666666666666785e+01 -1.532179248197737387e+01
2.583333333333333215e+01 -1.642114888707398634e+01
2.625000000000000000e+01 -1.751200330974495145e+01
2.666666666666666785e+01 -1.859395774168917725e+01
2.708333333333333215e+01 -1.966669846516674980e+01
2.750000000000000000e+01 -2.072989990381075742e+01
2.791666666666666785e+01 -2.178315484366097721e+01
2.833333333333333215e+01 -2.282598388518826127e+01
2.875000000000000000e+01 -2.385787236624991792e+01
2.916666666666666785e+01 -2.487827742343920434e+01
2.958333333333333215e+01 -2.588657726651058866e+01
3.000000000000000000e+01 -2.688261696485698238e+01
3.041666666666666785e+01 -2.786593055803171026e+01
3.083333333333333215e+01 -2.883606329020156878e+01
3.125000000000000000e+01 -2.979266925363073781e+01
3.166666666666666785e+01 -3.073545654173834762e+01
3.208333333333333570e+01 -3.166411528889375759e+01
3.250000000000000000e+01 -3.257827423685204593e+01
3.291666666666666430e+01 -3.347734458685543046e+01
3.333333333333333570e+01 -3.436142266086211094e+01
3.375000000000000000e+01 -3.523050546919096604e+01
3.416666666666666430e+01 -3.608409649748627857e+01
3.458333333333333570e+01 -3.692184516458635102e+01
3.500000000000000000e+01 -3.774342675073052789e+01
3.541666666666666430e+01 -3.854831572777489868e+01
3.583333333333333570e+01 -3.933650602427082532e+01
3.625000000000000000e+01 -4.010856760266593568e+01
3.666666666666666430e+01 -4.086435549597076289e+01
3.708333333333333570e+01 -4.160345716715536213e+01
3.750000000000000000e+01 -4.232577520479792810e+01
3.791666666666666430e+01 -4.303110839720685732e+01
3.833333333333333570e+01 -4.371909478158448081e+01
3.875000000000000000e+01 -4.439042105667491711e+01
3.916666666666666430e+01 -4.504497353863752096e+01
3.958333333333333570e+01 -4.568156797477573150e+01
4.000000000000000000e+01 -4.559823464144240290e+01
