0.000000000000000000e+00 2.317248916456063412e+01
4.166666666666666852e-01 2.272904349266258706e+01
8.333333333333333703e-01 2.223335242505072529e+01
1.250000000000000000e+00 2.171740317029060208e+01
1.666666666666666741e+00 2.120531766773523330e+01
2.083333333333333481e+00 2.070125952882889209e+01
2.500000000000000000e+00 2.019890778642747975e+01
2.916666666666666519e+00 1.969335936927173591e+01
3.333333333333333481e+00 1.918337164582809251e+01
3.750000000000000000e+00 1.866921014414678837e+01
4.166666666666666963e+00 1.815154698469227768e+01
4.583333333333333037e+00 1.762912136545860520e+01
5.000000000000000000e+00 1.710041731398945686e+01
5.416666666666666963e+00 1.656765244596348907e+01
5.833333333333333037e+00 1.603579302650291893e+01
6.250000000000000000e+00 1.550358938666737885e+01
6.666666666666666963e+00 1.496150112731047699e+01
7.083333333333333037e+00 1.440481863337630308e+01
7.500000000000000000e+00 1.384318228252006122e+01
7.916666666666666963e+00 1.331216045373538392e+01
8.333333333333333925e+00 1.285181630635009142e+01
8.750000000000000000e+00 1.232621845544516503e+01
9.166666666666666075e+00 1.173208742893688594e+01
9.583333333333333925e+00 1.112634878946868611e+01
1.000000000000000000e+01 1.053381961211546347e+01
1.041666666666666607e+01 9.955542238358232154e+00
1.083333333333333393e+01 9.387880190406560743e+00
1.125000000000000000e+01 8.827920700937861298e+00
1.166666666666666607e+01 8.275383565529663699e+00
1.208333333333333393e+01 7.732459078542161635e+00
1.250000000000000000e+01 7.203048465574485526e+00
1.291666666666666607e+01 6.689978024245803567e+00
1.333333333333333393e+01 6.187006664522302302e+00
1.375000000000000000e+01 5.650727428120488227e+00
1.416666666666666607e+01 4.973600555074506602e+00
1.458333333333333393e+01 4.352343591223765351e+00
1.500000000000000000e+01 3.829165820389585750e+00
1.541666666666666607e+01 3.327708497903286933e+00
1.583333333333333393e+01 2.824152416347668559e+00
1.625000000000000000e+01 2.313331828733897311e+00
1.666666666666666785e+01 1.795621736061359774e+00
1.708333333333333215e+01 1.272114815486468764e+00
1.750000000000000000e+01 7.438814969694026447e-01
1.791666666666666785e+01 2.123679524753682157e-01
1.833333333333333215e+01 -3.208599412871324663e-01
1.875000000000000000e+01 -8.543638927458141463e-01
1.916666666666666785e+01 -1.387098463711578189e+00
1.958333333333333215e+01 -1.917899066799941377e+00
2.000000000000000000e+01 -2.444125140083813097e+00
2.041666666666666785e+01 -2.962459808853822985e+00
2.083333333333333215e+01 -3.471892215399045689e+00
2.125000000000000000e+01 -3.973814721242106884e+00
2.166666666666666785e+01 -4.468607899455034449e+00
2.208333333333333215e+01 -4.953767899765919580e+00
2.250000000000000000e+01 -5.422939575366738651e+00
2.291666666666666785e+01 -5.855389064136796939e+00
2.333333333333333215e+01 -6.251155275057555194e+00
2.375000000000000000e+01 -6.695933613213262525e+00
2.416666666666666785e+01 -7.288606436904926156e+00
2.458333333333333215e+01 -7.828133671127561755e+00
2.500000000000000000e+01 -8.237879286480463747e+00
2.541666666666666785e+01 -8.624638086086596545e+00
2.583333333333333215e+01 -9.017980196649478586e+00
2.625000000000000000e+01 -9.412475628136936834e+00
2.666666666666666785e+01 -9.800904694191638455e+00
2.708333333333333215e+01 -1.018370833893278871e+01
2.750000000000000000e+01 -1.056468687659814520e+01
2.791666666666666785e+01 -1.092520939133174451e+01
2.833333333333333215e+01 -1.125587471733046385e+01
2.875000000000000000e+01 -1.157360698589634573e+01
2.916666666666666785e+01 -1.191520202465781075e+01
2.958333333333333215e+01 -1.235796690600331083e+01
3.000000000000000000e+01 -1.275073569286146302e+01
3.041666666666666785e+01 -1.286521778869915700e+01
3.083333333333333215e+01 -1.295146714050521553e+01
3.125000000000000000e+01 -1.303782075061650225e+01
3.166666666666666785e+01 -1.312425736677688093e+01
3.208333333333333570e+01 -1.321074450417226842e+01
3.250000000000000000e+01 -1.329724611884177854e+01
3.291666666666666430e+01 -1.338372679070855220e+01
3.333333333333333570e+01 -1.347015218783635859e+01
3.375000000000000000e+01 -1.355648671415267792e+01
3.416666666666666430e+01 -1.364268851751919698e+01
3.458333333333333570e+01 -1.372873650417509950e+01
3.500000000000000000e+01 -1.381461845734864546e+01
3.541666666666666430e+01 -1.390032501917391272e+01
3.583333333333333570e+01 -1.398585136480728686e+01
3.625000000000000000e+01 -1.407118472810986987e+01
3.666666666666666430e+01 -1.415631820381370787e+01
3.708333333333333570e+01 -1.424124625407959144e+01
3.750000000000000000e+01 -1.432596289922680022e+01
3.791666666666666430e+01 -1.441045509316121809e+01
3.833333333333333570e+01 -1.449470889075420033e+01
3.875000000000000000e+01 -1.457872605166181579e+01
3.916666666666666430e+01 -1.466250834082289600e+01
3.958333333333333570e+01 -1.474606257854413727e+01
4.000000000000000000e+01 -1.466272924521080512e+01
