0.000000000000000000e+00 2.232621975838834771e+01
4.166666666666666852e-01 2.191152274598378114e+01
8.333333333333333703e-01 2.147729445619832944e+01
1.250000000000000000e+00 2.103234378740028632e+01
1.666666666666666741e+00 2.058590440309902192e+01
2.083333333333333481e+00 2.014251105972544309e+01
2.500000000000000000e+00 1.970047833193237707e+01
2.916666666666666519e+00 1.925618713193032150e+01
3.333333333333333481e+00 1.880677815427723232e+01
3.750000000000000000e+00 1.835002321480264342e+01
4.166666666666666963e+00 1.788451300978609737e+01
4.583333333333333037e+00 1.741096723030494076e+01
5.000000000000000000e+00 1.693153436032079995e+01
5.416666666666666963e+00 1.644819684025728534e+01
5.833333333333333037e+00 1.596243456235093205e+01
6.250000000000000000e+00 1.547477685035671513e+01
6.666666666666666963e+00 1.498568427350877208e+01
7.083333333333333037e+00 1.449584189265920386e+01
7.500000000000000000e+00 1.400787637605601788e+01
7.916666666666666963e+00 1.352429675027985212e+01
8.333333333333333925e+00 1.303465841640541001e+01
8.750000000000000000e+00 1.253757673441648812e+01
9.166666666666666075e+00 1.203700725883603972e+01
9.583333333333333925e+00 1.153422032357204152e+01
1.000000000000000000e+01 1.102810649104454122e+01
1.041666666666666607e+01 1.051775386978714977e+01
1.083333333333333393e+01 1.000281841894033619e+01
1.125000000000000000e+01 9.483386162385183837e+00
1.166666666666666607e+01 8.959389144838203478e+00
1.208333333333333393e+01 8.430900782023618589e+00
1.250000000000000000e+01 7.898232282362156909e+00
1.291666666666666607e+01 7.361950743167648525e+00
1.333333333333333393e+01 6.822930775404423720e+00
1.375000000000000000e+01 6.281700462240788596e+00
1.416666666666666607e+01 5.738115385542871927e+00
1.458333333333333393e+01 5.188697712621737068e+00
1.500000000000000000e+01 4.622639358912582708e+00
1.541666666666666607e+01 4.066869215218504863e+00
1.583333333333333393e+01 3.519800152695977680e+00
1.625000000000000000e+01 2.974786130384533767e+00
1.666666666666666785e+01 2.430630661547653393e+00
1.708333333333333215e+01 1.888044348148465001e+00
1.750000000000000000e+01 1.349287603608830821e+00
1.791666666666666785e+01 8.173795523582131350e-01
1.833333333333333215e+01 2.929802858249214714e-01
1.875000000000000000e+01 -2.265165881887757360e-01
1.916666666666666785e+01 -7.435380975210904575e-01
1.958333333333333215e+01 -1.258860045718085185e+00
2.000000000000000000e+01 -1.771644260175368801e+00
2.041666666666666785e+01 -2.280713775890818251e+00
2.083333333333333215e+01 -2.786270672279917537e+00
2.125000000000000000e+01 -3.289602092732674343e+00
2.166666666666666785e+01 -3.791907147918228915e+00
2.208333333333333215e+01 -4.292912362917555846e+00
2.250000000000000000e+01 -4.791298130402481981e+00
2.291666666666666785e+01 -5.284520714250956708e+00
2.333333333333333215e+01 -5.768404830455009069e+00
2.375000000000000000e+01 -6.240704047531415277e+00
2.416666666666666785e+01 -6.712091631109261769e+00
2.458333333333333215e+01 -7.215897544163621724e+00
2.500000000000000000e+01 -7.699409395345560014e+00
2.541666666666666785e+01 -8.144581249800074474e+00
2.583333333333333215e+01 -8.578226044486243040e+00
2.625000000000000000e+01 -9.006528357720826605e+00
2.666666666666666785e+01 -9.427467959742962478e+00
2.708333333333333215e+01 -9.838330945110984160e+00
2.750000000000000000e+01 -1.024017589945343509e+01
2.791666666666666785e+01 -1.063748528612116928e+01
2.833333333333333215e+01 -1.103111338881986470e+01
2.875000000000000000e+01 -1.141710091677849981e+01
2.916666666666666785e+01 -1.180257790516284722e+01
2.958333333333333215e+01 -1.224431981644118572e+01
3.000000000000000000e+01 -1.264771564216915145e+01
3.041666666666666785e+01 -1.299874066785010207e+01
3.083333333333333215e+01 -1.333360267841320557e+01
3.125000000000000000e+01 -1.366641214282980954e+01
3.166666666666666785e+01 -1.398594816616702730e+01
3.208333333333333570e+01 -1.428336219945142815e+01
3.250000000000000000e+01 -1.438667214536262406e+01
3.291666666666666430e+01 -1.446899708783773342e+01
3.333333333333333570e+01 -1.455120727034261385e+01
3.375000000000000000e+01 -1.463333342539712234e+01
3.416666666666666430e+01 -1.471541350809521020e+01
3.458333333333333570e+01 -1.479746887456093596e+01
3.500000000000000000e+01 -1.487951691135187282e+01
3.541666666666666430e+01 -1.496157638486815777e+01
3.583333333333333570e+01 -1.504366428142687795e+01
3.625000000000000000e+01 -1.512580617249269643e+01
3.666666666666666430e+01 -1.520802145932774607e+01
3.708333333333333570e+01 -1.529032686838258748e+01
3.750000000000000000e+01 -1.537273792560088914e+01
3.791666666666666430e+01 -1.545527588105331596e+01
3.833333333333333570e+01 -1.553796278728067826e+01
3.875000000000000000e+01 -1.562080594284008583e+01
3.916666666666666430e+01 -1.570381264732894699e+01
3.958333333333333570e+01 -1.578698396067374254e+01
4.000000000000000000e+01 -1.570365062734041040e+01
