0.000000000000000000e+00 2.295578364924923420e+01
4.166666666666666852e-01 2.246692125208736002e+01
8.333333333333333703e-01 2.195397617005133384e+01
1.250000000000000000e+00 2.143000416623808491e+01
1.666666666666666741e+00 2.090525176310597644e+01
2.083333333333333481e+00 2.038166023086429490e+01
2.500000000000000000e+00 1.985722635191148555e+01
2.916666666666666519e+00 1.933072719933728578e+01
3.333333333333333481e+00 1.880146287858012499e+01
3.750000000000000000e+00 1.826934026282582124e+01
4.166666666666666963e+00 1.773442557817946508e+01
4.583333333333333037e+00 1.719605611557701508e+01
5.000000000000000000e+00 1.665381798670026114e+01
5.416666666666666963e+00 1.610939725759610397e+01
5.833333333333333037e+00 1.556463597292483669e+01
6.250000000000000000e+00 1.501716530361160551e+01
6.666666666666666963e+00 1.446355296335993934e+01
7.083333333333333037e+00 1.390728761183941486e+01
7.500000000000000000e+00 1.336398692283863809e+01
7.916666666666666963e+00 1.284984568392871829e+01
8.333333333333333925e+00 1.231569740741263175e+01
8.750000000000000000e+00 1.175100383595846765e+01
9.166666666666666075e+00 1.117980317632193454e+01
9.583333333333333925e+00 1.061255085984067037e+01
1.000000000000000000e+01 1.005008927296528043e+01
1.041666666666666607e+01 9.490753789258016937e+00
1.083333333333333393e+01 8.932557885215048898e+00
1.125000000000000000e+01 8.374642974209828949e+00
1.166666666666666607e+01 7.817832595250056471e+00
1.208333333333333393e+01 7.265253842997668521e+00
1.250000000000000000e+01 6.721659322324844865e+00
1.291666666666666607e+01 6.192596181740115391e+00
1.333333333333333393e+01 5.678456962743366532e+00
1.375000000000000000e+01 5.155304317213671439e+00
1.416666666666666607e+01 4.565708178374949355e+00
1.458333333333333393e+01 3.993926736787915210e+00
1.500000000000000000e+01 3.472540779423616719e+00
1.541666666666666607e+01 2.964140921377484084e+00
1.583333333333333393e+01 2.456151019555568471e+00
1.625000000000000000e+01 1.943315035530433832e+00
1.666666666666666785e+01 1.423448780985222761e+00
1.708333333333333215e+01 8.973384190649249526e-01
1.750000000000000000e+01 3.669768056584946647e-01
1.791666666666666785e+01 -1.655441295627871900e-01
1.833333333333333215e+01 -6.984031315384551242e-01
1.875000000000000000e+01 -1.230532952038456473e+00
1.916666666666666785e+01 -1.760749049446555414e+00
1.958333333333333215e+01 -2.285774575021735089e+00
2.000000000000000000e+01 -2.800653201993433594e+00
2.041666666666666785e+01 -3.302403447654713720e+00
2.083333333333333215e+01 -3.790926879586226761e+00
2.125000000000000000e+01 -4.266714183078808453e+00
2.166666666666666785e+01 -4.729908178895779969e+00
2.208333333333333215e+01 -5.179916771680394660e+00
2.250000000000000000e+01 -5.612698783592326990e+00
2.291666666666666785e+01 -6.021397974646784057e+00
2.333333333333333215e+01 -6.404779501002701103e+00
2.375000000000000000e+01 -6.789028850553695982e+00
2.416666666666666785e+01 -7.251366102591288332e+00
2.458333333333333215e+01 -7.670653567798535022e+00
2.500000000000000000e+01 -8.019706450443852219e+00
2.541666666666666785e+01 -8.385573212240149843e+00
2.583333333333333215e+01 -8.784397164984321549e+00
2.625000000000000000e+01 -9.198371315560121886e+00
2.666666666666666785e+01 -9.599692679118765781e+00
2.708333333333333215e+01 -9.977377342300533414e+00
2.750000000000000000e+01 -1.035395212527343212e+01
2.791666666666666785e+01 -1.074120524193796378e+01
2.833333333333333215e+01 -1.112286017271595107e+01
2.875000000000000000e+01 -1.147176395613965383e+01
2.916666666666666785e+01 -1.178823270856348415e+01
2.958333333333333215e+01 -1.188381139589454349e+01
3.000000000000000000e+01 -1.196730621252595839e+01
3.041666666666666785e+01 -1.205080095978427401e+01
3.083333333333333215e+01 -1.213429555782023961e+01
3.125000000000000000e+01 -1.221776778331239122e+01
3.166666666666666785e+01 -1.230119950359415526e+01
3.208333333333333570e+01 -1.238458730259854157e+01
3.250000000000000000e+01 -1.246793484101158711e+01
3.291666666666666430e+01 -1.255124859906017853e+01
3.333333333333333570e+01 -1.263453719490212457e+01
3.375000000000000000e+01 -1.271781334240634820e+01
3.416666666666666430e+01 -1.280109834555106829e+01
3.458333333333333570e+01 -1.288439464566445380e+01
3.500000000000000000e+01 -1.296769753549405024e+01
3.541666666666666430e+01 -1.305100127956194278e+01
3.583333333333333570e+01 -1.313429764493594831e+01
3.625000000000000000e+01 -1.321758865832885910e+01
3.666666666666666430e+01 -1.330087286845934003e+01
3.708333333333333570e+01 -1.338414981641665946e+01
3.750000000000000000e+01 -1.346742159944768069e+01
3.791666666666666430e+01 -1.355069907968564813e+01
3.833333333333333570e+01 -1.363399511727002889e+01
3.875000000000000000e+01 -1.371730740049498110e+01
3.916666666666666430e+01 -1.380063384774831192e+01
3.958333333333333570e+01 -1.388396738587539048e+01
4.000000000000000000e+01 -1.380063405254205833e+01
