0.000000000000000000e+00 2.342645702203292757e+01
4.166666666666666852e-01 2.294816468606567383e+01
8.333333333333333703e-01 2.244567214131424748e+01
1.250000000000000000e+00 2.193139642782194443e+01
1.666666666666666741e+00 2.141564713143699450e+01
2.083333333333333481e+00 2.090105409652347035e+01
2.500000000000000000e+00 2.038520933777813937e+01
2.916666666666666519e+00 1.986638321836502996e+01
3.333333333333333481e+00 1.934427995805886269e+01
3.750000000000000000e+00 1.881889577464168539e+01
4.166666666666666963e+00 1.829034466195217234e+01
4.583333333333333037e+00 1.775844193827209239e+01
5.000000000000000000e+00 1.722213563709347639e+01
5.416666666666666963e+00 1.668018101834082501e+01
5.833333333333333037e+00 1.613318768463216202e+01
6.250000000000000000e+00 1.558231478025228256e+01
6.666666666666666963e+00 1.502781443902404845e+01
7.083333333333333037e+00 1.447938527616346072e+01
7.500000000000000000e+00 1.395399908594631100e+01
7.916666666666666963e+00 1.340397568064358502e+01
8.333333333333333925e+00 1.282930847486652226e+01
8.750000000000000000e+00 1.225366079485576698e+01
9.166666666666666075e+00 1.168558474544418324e+01
9.583333333333333925e+00 1.112297246461659128e+01
1.000000000000000000e+01 1.056318083796684526e+01
1.041666666666666607e+01 1.000493873165698844e+01
1.083333333333333393e+01 9.447322790529220526e+00
1.125000000000000000e+01 8.889564045629786193e+00
1.166666666666666607e+01 8.331425216032526393e+00
1.208333333333333393e+01 7.773378117434576851e+00
1.250000000000000000e+01 7.217184235230191369e+00
1.291666666666666607e+01 6.665651004809147295e+00
1.333333333333333393e+01 6.122886092457347829e+00
1.375000000000000000e+01 5.593334286143060829e+00
1.416666666666666607e+01 5.074001323794533391e+00
1.458333333333333393e+01 4.540463166269415041e+00
1.500000000000000000e+01 3.941571711598952810e+00
1.541666666666666607e+01 3.356558786161648822e+00
1.583333333333333393e+01 2.816046043264432530e+00
1.625000000000000000e+01 2.283006903904728713e+00
1.666666666666666785e+01 1.746096568379845282e+00
1.708333333333333215e+01 1.204486347968165116e+00
1.750000000000000000e+01 6.604644981057754549e-01
1.791666666666666785e+01 1.160777407458500055e-01
1.833333333333333215e+01 -4.270320760994460452e-01
1.875000000000000000e+01 -9.675099794449708579e-01
1.916666666666666785e+01 -1.504419856804181110e+00
1.958333333333333215e+01 -2.037141361148074203e+00
2.000000000000000000e+01 -2.564839212674278723e+00
2.041666666666666785e+01 -3.086622256711335055e+00
2.083333333333333215e+01 -3.602436473980572540e+00
2.125000000000000000e+01 -4.112654973392486646e+00
2.166666666666666785e+01 -4.616458954282018468e+00
2.208333333333333215e+01 -5.111841774995673049e+00
2.250000000000000000e+01 -5.597166004102837711e+00
2.291666666666666785e+01 -6.070133522853332408e+00
2.333333333333333215e+01 -6.526861669459272264e+00
2.375000000000000000e+01 -6.967756232442798847e+00
2.416666666666666785e+01 -7.414770482337815771e+00
2.458333333333333215e+01 -7.927946020701996943e+00
2.500000000000000000e+01 -8.400775538206479709e+00
2.541666666666666785e+01 -8.809363044891094674e+00
2.583333333333333215e+01 -9.210582886602905361e+00
2.625000000000000000e+01 -9.614261946117482083e+00
2.666666666666666785e+01 -1.001370847338070824e+01
2.708333333333333215e+01 -1.040227356023475735e+01
2.750000000000000000e+01 -1.078214446998707743e+01
2.791666666666666785e+01 -1.115509257926147235e+01
2.833333333333333215e+01 -1.150552725315769997e+01
2.875000000000000000e+01 -1.181583472122783363e+01
2.916666666666666785e+01 -1.212351505811344587e+01
2.958333333333333215e+01 -1.261721561590069918e+01
3.000000000000000000e+01 -1.273005968707825808e+01
3.041666666666666785e+01 -1.281293350103484308e+01
3.083333333333333215e+01 -1.289594995230930508e+01
3.125000000000000000e+01 -1.297909552172201408e+01
3.166666666666666785e+01 -1.306235360600540041e+01
3.208333333333333570e+01 -1.314569442184098236e+01
3.250000000000000000e+01 -1.322908727983740285e+01
3.291666666666666430e+01 -1.331250715297474230e+01
3.333333333333333570e+01 -1.339593537478844354e+01
3.375000000000000000e+01 -1.347935466755818545e+01
3.416666666666666430e+01 -1.356274134798170294e+01
3.458333333333333570e+01 -1.364608881670992169e+01
3.500000000000000000e+01 -1.372939576322027833e+01
3.541666666666666430e+01 -1.381266192341941057e+01
3.583333333333333570e+01 -1.389589192278880958e+01
3.625000000000000000e+01 -1.397908537225339920e+01
3.666666666666666430e+01 -1.406225079155960955e+01
3.708333333333333570e+01 -1.414540124689897205e+01
3.750000000000000000e+01 -1.422855163964011993e+01
3.791666666666666430e+01 -1.431171028543018942e+01
3.833333333333333570e+01 -1.439488174360231199e+01
3.875000000000000000e+01 -1.447808041934469614e+01
3.916666666666666430e+01 -1.456131524694371038e+01
3.958333333333333570e+01 -1.464459553354661203e+01
4.000000000000000000e+01 -1.456126220021327988e+01
