0.000000000000000000e+00 2.475157914786845481e+01
4.166666666666666852e-01 2.412010732853934769e+01
8.333333333333333703e-01 2.352746422151865957e+01
1.250000000000000000e+00 2.294665237899976518e+01
1.666666666666666741e+00 2.235586584461422532e+01
2.083333333333333481e+00 2.175052975613517603e+01
2.500000000000000000e+00 2.113725303536217837e+01
2.916666666666666519e+00 2.052148361835552137e+01
3.333333333333333481e+00 1.990636232131414829e+01
3.750000000000000000e+00 1.929531520554826329e+01
4.166666666666666963e+00 1.869339233953649781e+01
4.583333333333333037e+00 1.810893669517828286e+01
5.000000000000000000e+00 1.755373636524260661e+01
5.416666666666666963e+00 1.704056638834367732e+01
5.833333333333333037e+00 1.657798183934484726e+01
6.250000000000000000e+00 1.616943957033332779e+01
6.666666666666666963e+00 1.582464767876508560e+01
7.083333333333333037e+00 1.574055227682529967e+01
7.500000000000000000e+00 1.547212039661458860e+01
7.916666666666666963e+00 1.510104645144189384e+01
8.333333333333333925e+00 1.463076377083375590e+01
8.750000000000000000e+00 1.408775741651532343e+01
9.166666666666666075e+00 1.349463342589418069e+01
9.583333333333333925e+00 1.286764655950480218e+01
1.000000000000000000e+01 1.221734083164309581e+01
1.041666666666666607e+01 1.155012965628271004e+01
1.083333333333333393e+01 1.087198415868685508e+01
1.125000000000000000e+01 1.018836985133485840e+01
1.166666666666666607e+01 9.503186319806895099e+00
1.208333333333333393e+01 8.818934780355988323e+00
1.250000000000000000e+01 8.136125999514842277e+00
1.291666666666666607e+01 7.453663789834283016e+00
1.333333333333333393e+01 6.767766261698653807e+00
1.375000000000000000e+01 6.070825353701140514e+00
1.416666666666666607e+01 5.353341517391909221e+00
1.458333333333333393e+01 4.610749141643853299e+00
1.500000000000000000e+01 3.877358131635203264e+00
1.541666666666666607e+01 3.176029381023491194e+00
1.583333333333333393e+01 2.484902293786389382e+00
1.625000000000000000e+01 1.954246612208104805e+00
1.666666666666666785e+01 1.399608760712456990e+00
1.708333333333333215e+01 7.489017855137549695e-01
1.750000000000000000e+01 9.580378650856230527e-02
1.791666666666666785e+01 -5.365752093818424440e-01
1.833333333333333215e+01 -1.147433178424594136e+00
1.875000000000000000e+01 -1.740701441644559866e+00
1.916666666666666785e+01 -2.319998037906812804e+00
1.958333333333333215e+01 -2.887303443966567240e+00
2.000000000000000000e+01 -3.442631570737633151e+00
2.041666666666666785e+01 -3.984314317665962335e+00
2.083333333333333215e+01 -4.510143034624626956e+00
2.125000000000000000e+01 -5.018920928435328221e+00
2.166666666666666785e+01 -5.512971749102977270e+00
2.208333333333333215e+01 -5.996825990936264894e+00
2.250000000000000000e+01 -6.473888767149084345e+00
2.291666666666666785e+01 -6.944017549181826787e+00
2.333333333333333215e+01 -7.405199476942771142e+00
2.375000000000000000e+01 -7.854468785978214740e+00
2.416666666666666785e+01 -8.266342146627664533e+00
2.458333333333333215e+01 -8.599502694528428748e+00
2.500000000000000000e+01 -8.690967792276033776e+00
2.541666666666666785e+01 -9.136446630075425901e+00
2.583333333333333215e+01 -9.599485094505395111e+00
2.625000000000000000e+01 -1.004517700017130188e+01
2.666666666666666785e+01 -1.046979718482754329e+01
2.708333333333333215e+01 -1.088431456057936053e+01
2.750000000000000000e+01 -1.130852968968724781e+01
2.791666666666666785e+01 -1.172777513487575973e+01
2.833333333333333215e+01 -1.214196474492678135e+01
2.875000000000000000e+01 -1.253314953366740525e+01
2.916666666666666785e+01 -1.287928150913882419e+01
2.958333333333333215e+01 -1.316096543072159442e+01
3.000000000000000000e+01 -1.325271443201453359e+01
3.041666666666666785e+01 -1.333353692919123290e+01
3.083333333333333215e+01 -1.341433884720824388e+01
3.125000000000000000e+01 -1.349513920695058822e+01
3.166666666666666785e+01 -1.357595473968238764e+01
3.208333333333333570e+01 -1.365681103910100624e+01
3.250000000000000000e+01 -1.373773114253229721e+01
3.291666666666666430e+01 -1.381873014451788073e+01
3.333333333333333570e+01 -1.389981587059594759e+01
3.375000000000000000e+01 -1.398099527961951161e+01
3.416666666666666430e+01 -1.406228366636795357e+01
3.458333333333333570e+01 -1.414368215490736347e+01
3.500000000000000000e+01 -1.422519057746707993e+01
3.541666666666666430e+01 -1.430681240992190517e+01
3.583333333333333570e+01 -1.438855108766179036e+01
3.625000000000000000e+01 -1.447041964217338439e+01
3.666666666666666430e+01 -1.455242578201763770e+01
3.708333333333333570e+01 -1.463457515719745849e+01
3.750000000000000000e+01 -1.471687282335885705e+01
3.791666666666666430e+01 -1.479933035923293438e+01
3.833333333333333570e+01 -1.488196157222929017e+01
3.875000000000000000e+01 -1.496476756709679634e+01
3.916666666666666430e+01 -1.504775141586370246e+01
3.958333333333333570e+01 -1.513091181415319753e+01
4.000000000000000000e+01 -1.504757848081986538e+01
