0.000000000000000000e+00 2.272403723946656839e+01
4.166666666666666852e-01 2.230753563055461797e+01
8.333333333333333703e-01 2.183869700545927728e+01
1.250000000000000000e+00 2.134515517416174646e+01
1.666666666666666741e+00 2.085155344263031196e+01
2.083333333333333481e+00 2.036507149298959263e+01
2.500000000000000000e+00 1.987985502657625148e+01
2.916666666666666519e+00 1.939164513031500547e+01
3.333333333333333481e+00 1.890016368630215382e+01
3.750000000000000000e+00 1.840502927977385994e+01
4.166666666666666963e+00 1.790579349640771056e+01
4.583333333333333037e+00 1.740230890844065925e+01
5.000000000000000000e+00 1.689311431499473315e+01
5.416666666666666963e+00 1.637661666946920036e+01
5.833333333333333037e+00 1.585506008492197338e+01
6.250000000000000000e+00 1.533341513388891819e+01
6.666666666666666963e+00 1.481305846345669508e+01
7.083333333333333037e+00 1.429550133878358942e+01
7.500000000000000000e+00 1.380480566639796258e+01
7.916666666666666963e+00 1.336984798664326668e+01
8.333333333333333925e+00 1.291875026288093231e+01
8.750000000000000000e+00 1.241846807780903461e+01
9.166666666666666075e+00 1.191138692111933217e+01
9.583333333333333925e+00 1.141170539522171445e+01
1.000000000000000000e+01 1.091344263384115898e+01
1.041666666666666607e+01 1.040911838601446426e+01
1.083333333333333393e+01 9.894513591553664611e+00
1.125000000000000000e+01 9.368961610769975579e+00
1.166666666666666607e+01 8.834082310549138839e+00
1.208333333333333393e+01 8.292807822561078623e+00
1.250000000000000000e+01 7.748831879461281602e+00
1.291666666666666607e+01 7.207059713992565619e+00
1.333333333333333393e+01 6.674211178021748125e+00
1.375000000000000000e+01 6.156247940592683321e+00
1.416666666666666607e+01 5.651025797665385930e+00
1.458333333333333393e+01 5.128438399909152068e+00
1.500000000000000000e+01 4.510040284415687495e+00
1.541666666666666607e+01 3.914138131187759662e+00
1.583333333333333393e+01 3.382721381855615661e+00
1.625000000000000000e+01 2.860008060930492313e+00
1.666666666666666785e+01 2.330506889005443671e+00
1.708333333333333215e+01 1.793241972665760686e+00
1.750000000000000000e+01 1.252079032063742714e+00
1.791666666666666785e+01 7.117992486816140385e-01
1.833333333333333215e+01 1.754065512776741276e-01
1.875000000000000000e+01 -3.571360060567447814e-01
1.916666666666666785e+01 -8.867694410362541024e-01
1.958333333333333215e+01 -1.413434985432576729e+00
2.000000000000000000e+01 -1.936896485539334911e+00
2.041666666666666785e+01 -2.457026655645413893e+00
2.083333333333333215e+01 -2.973884908819565354e+00
2.125000000000000000e+01 -3.487089757778972121e+00
2.166666666666666785e+01 -3.994612790951250325e+00
2.208333333333333215e+01 -4.492899092262634397e+00
2.250000000000000000e+01 -4.978352429918852629e+00
2.291666666666666785e+01 -5.447661059799230543e+00
2.333333333333333215e+01 -5.897405060419403711e+00
2.375000000000000000e+01 -6.329144273623358963e+00
2.416666666666666785e+01 -6.775780407429519592e+00
2.458333333333333215e+01 -7.335495159271969712e+00
2.500000000000000000e+01 -7.848094358580434360e+00
2.541666666666666785e+01 -8.258451069622642748e+00
2.583333333333333215e+01 -8.652039881383970510e+00
2.625000000000000000e+01 -9.051820533871064001e+00
2.666666666666666785e+01 -9.456772685178011173e+00
2.708333333333333215e+01 -9.859778029502477281e+00
2.750000000000000000e+01 -1.025269347415959587e+01
2.791666666666666785e+01 -1.062790608460238317e+01
2.833333333333333215e+01 -1.098040774580430856e+01
2.875000000000000000e+01 -1.131707392421031244e+01
2.916666666666666785e+01 -1.168242717701056854e+01
2.958333333333333215e+01 -1.218878362996166409e+01
3.000000000000000000e+01 -1.265123924409176581e+01
3.041666666666666785e+01 -1.301674588244180519e+01
3.083333333333333215e+01 -1.335799259416563167e+01
3.125000000000000000e+01 -1.367558521997339938e+01
3.166666666666666785e+01 -1.397305808991397669e+01
3.208333333333333570e+01 -1.407841961859223012e+01
3.250000000000000000e+01 -1.416146517926173942e+01
3.291666666666666430e+01 -1.424466138771046708e+01
3.333333333333333570e+01 -1.432800223022345421e+01
3.375000000000000000e+01 -1.441146548368106473e+01
3.416666666666666430e+01 -1.449501109327953863e+01
3.458333333333333570e+01 -1.457861410085728515e+01
3.500000000000000000e+01 -1.466225698507017938e+01
3.541666666666666430e+01 -1.474592589078035054e+01
3.583333333333333570e+01 -1.482961275257106237e+01
3.625000000000000000e+01 -1.491330150137660127e+01
3.666666666666666430e+01 -1.499698133253053811e+01
3.708333333333333570e+01 -1.508064155719573485e+01
3.750000000000000000e+01 -1.516427023082270686e+01
3.791666666666666430e+01 -1.524784901491126554e+01
3.833333333333333570e+01 -1.533136189554907602e+01
3.875000000000000000e+01 -1.541481353187277215e+01
3.916666666666666430e+01 -1.549821213649634721e+01
3.958333333333333570e+01 -1.558157208845801911e+01
4.000000000000000000e+01 -1.549823875512468696e+01
