0.000000000000000000e+00 2.217173865363470853e+01
4.166666666666666852e-01 2.158006376748038591e+01
8.333333333333333703e-01 2.102264245557303468e+01
1.250000000000000000e+00 2.048538368708586432e+01
1.666666666666666741e+00 1.996752144585907729e+01
2.083333333333333481e+00 1.946819999769865461e+01
2.500000000000000000e+00 1.897898852162045102e+01
2.916666666666666519e+00 1.849286127616737829e+01
3.333333333333333481e+00 1.800648159305093188e+01
3.750000000000000000e+00 1.751954682673418162e+01
4.166666666666666963e+00 1.703233736219540262e+01
4.583333333333333037e+00 1.654435178528017403e+01
5.000000000000000000e+00 1.605431880490169050e+01
5.416666666666666963e+00 1.556085736764383753e+01
5.833333333333333037e+00 1.506439730857574233e+01
6.250000000000000000e+00 1.456888451969727249e+01
6.666666666666666963e+00 1.407788020704538567e+01
7.083333333333333037e+00 1.358926031038130944e+01
7.500000000000000000e+00 1.310376787074541838e+01
7.916666666666666963e+00 1.264209008753573293e+01
8.333333333333333925e+00 1.222721973300824239e+01
8.750000000000000000e+00 1.179305303957547579e+01
9.166666666666666075e+00 1.131276535211092771e+01
9.583333333333333925e+00 1.082472477533668709e+01
1.000000000000000000e+01 1.034237789723240297e+01
1.041666666666666607e+01 9.863022311434946232e+00
1.083333333333333393e+01 9.383624776939482715e+00
1.125000000000000000e+01 8.904723583520109287e+00
1.166666666666666607e+01 8.429694869385377487e+00
1.208333333333333393e+01 7.962245055748033984e+00
1.250000000000000000e+01 7.505285871283397192e+00
1.291666666666666607e+01 7.060987365269514981e+00
1.333333333333333393e+01 6.626956657037904819e+00
1.375000000000000000e+01 6.181923190991948758e+00
1.416666666666666607e+01 5.673804721058873568e+00
1.458333333333333393e+01 5.168584555416630977e+00
1.500000000000000000e+01 4.702189884862812974e+00
1.541666666666666607e+01 4.233593625518949466e+00
1.583333333333333393e+01 3.750818509968856684e+00
1.625000000000000000e+01 3.253837943075986505e+00
1.666666666666666785e+01 2.747264709538236538e+00
1.708333333333333215e+01 2.236106568321925891e+00
1.750000000000000000e+01 1.723653932005011713e+00
1.791666666666666785e+01 1.212452885607645303e+00
1.833333333333333215e+01 7.052355965907175506e-01
1.875000000000000000e+01 2.043479974830670065e-01
1.916666666666666785e+01 -2.883008986996843381e-01
1.958333333333333215e+01 -7.722285753218240956e-01
2.000000000000000000e+01 -1.249640891321095237e+00
2.041666666666666785e+01 -1.724649106809987176e+00
2.083333333333333215e+01 -2.201016002207469846e+00
2.125000000000000000e+01 -2.679332272703407014e+00
2.166666666666666785e+01 -3.157361580770879250e+00
2.208333333333333215e+01 -3.631472032297897279e+00
2.250000000000000000e+01 -4.097228305972943296e+00
2.291666666666666785e+01 -4.549386600958111870e+00
2.333333333333333215e+01 -4.983098309611162513e+00
2.375000000000000000e+01 -5.401012174142923783e+00
2.416666666666666785e+01 -5.831974177048436125e+00
2.458333333333333215e+01 -6.346821672667328329e+00
2.500000000000000000e+01 -6.829762488557056699e+00
2.541666666666666785e+01 -7.246040609043326697e+00
2.583333333333333215e+01 -7.650608605619187763e+00
2.625000000000000000e+01 -8.056069120072319123e+00
2.666666666666666785e+01 -8.459843593798748174e+00
2.708333333333333215e+01 -8.856933120095805023e+00
2.750000000000000000e+01 -9.244035678002360257e+00
2.791666666666666785e+01 -9.616219237852625668e+00
2.833333333333333215e+01 -9.967551931879681248e+00
2.875000000000000000e+01 -1.030110031366526790e+01
2.916666666666666785e+01 -1.065195864545187199e+01
2.958333333333333215e+01 -1.111324812503960402e+01
3.000000000000000000e+01 -1.154165423084292996e+01
3.041666666666666785e+01 -1.190218795492409143e+01
3.083333333333333215e+01 -1.225963023265856933e+01
3.125000000000000000e+01 -1.262253358904496103e+01
3.166666666666666785e+01 -1.299196485230496911e+01
3.208333333333333570e+01 -1.336633187287264413e+01
3.250000000000000000e+01 -1.372766553887704077e+01
3.291666666666666430e+01 -1.405945236676274845e+01
3.333333333333333570e+01 -1.437567217823965748e+01
3.375000000000000000e+01 -1.474835590409445985e+01
3.416666666666666430e+01 -1.541396676482559869e+01
3.458333333333333570e+01 -1.554245902162536197e+01
3.500000000000000000e+01 -1.562732035645278827e+01
3.541666666666666430e+01 -1.571213242720554781e+01
3.583333333333333570e+01 -1.579689349642405816e+01
3.625000000000000000e+01 -1.588159135053509097e+01
3.666666666666666430e+01 -1.596621055148159307e+01
3.708333333333333570e+01 -1.605072495368904129e+01
3.750000000000000000e+01 -1.613509976436860427e+01
3.791666666666666430e+01 -1.621929403427224159e+01
3.833333333333333570e+01 -1.630327873133227357e+01
3.875000000000000000e+01 -1.638706071200864756e+01
3.916666666666666430e+01 -1.647066264703621030e+01
3.958333333333333570e+01 -1.655411790648918924e+01
4.000000000000000000e+01 -1.647078457315585354e+01
