0.000000000000000000e+00 2.904881642778075701e+01
4.166666666666666852e-01 2.819848517157320700e+01
8.333333333333333703e-01 2.737187409635550139e+01
1.250000000000000000e+00 2.655767438475276165e+01
1.666666666666666741e+00 2.575445294421572129e+01
2.083333333333333481e+00 2.496815089315932923e+01
2.500000000000000000e+00 2.420356209803826530e+01
2.916666666666666519e+00 2.346063478546719239e+01
3.333333333333333481e+00 2.273642250496709138e+01
3.750000000000000000e+00 2.203371545399425813e+01
4.166666666666666963e+00 2.135449732417490409e+01
4.583333333333333037e+00 2.069191101898745444e+01
5.000000000000000000e+00 2.003937970108671607e+01
5.416666666666666963e+00 1.939761426663232768e+01
5.833333333333333037e+00 1.877249430804182140e+01
6.250000000000000000e+00 1.818442956310263625e+01
6.666666666666666963e+00 1.812330722931772797e+01
7.083333333333333037e+00 1.743527446043199802e+01
7.500000000000000000e+00 1.646224032484745692e+01
7.916666666666666963e+00 1.523538557095920254e+01
8.333333333333333925e+00 1.394319340153915121e+01
8.750000000000000000e+00 1.273478008811837725e+01
9.166666666666666075e+00 1.168176973692821896e+01
9.583333333333333925e+00 1.074918153208358795e+01
1.000000000000000000e+01 9.864329662543491750e+00
1.041666666666666607e+01 9.091484663283285528e+00
1.083333333333333393e+01 8.320283226121750531e+00
1.125000000000000000e+01 7.585482335774993423e+00
1.166666666666666607e+01 6.859910320582506493e+00
1.208333333333333393e+01 6.143976341465023694e+00
1.250000000000000000e+01 5.407263949671819780e+00
1.291666666666666607e+01 4.719624851193074733e+00
1.333333333333333393e+01 4.021104431562005921e+00
1.375000000000000000e+01 3.375935230463297021e+00
1.416666666666666607e+01 2.757400848672563409e+00
1.458333333333333393e+01 2.152728155344076466e+00
1.500000000000000000e+01 1.544307001912025523e+00
1.541666666666666607e+01 9.747096036486349035e-01
1.583333333333333393e+01 5.058526364698046063e-01
1.625000000000000000e+01 4.371435080329483802e-01
1.666666666666666785e+01 -1.641407178180694371e-01
1.708333333333333215e+01 -7.979067348605067833e-01
1.750000000000000000e+01 -1.410794801841462665e+00
1.791666666666666785e+01 -1.997482145807679466e+00
1.833333333333333215e+01 -2.564452228762937658e+00
1.875000000000000000e+01 -3.118199607868328727e+00
1.916666666666666785e+01 -3.662582345099087977e+00
1.958333333333333215e+01 -4.198435367312375988e+00
2.000000000000000000e+01 -4.724521680621073472e+00
2.041666666666666785e+01 -5.238675717065071069e+00
2.083333333333333215e+01 -5.739716268732075299e+00
2.125000000000000000e+01 -6.227760093750978498e+00
2.166666666666666785e+01 -6.705185669415221206e+00
2.208333333333333215e+01 -7.177446274261534143e+00
2.250000000000000000e+01 -7.657406220131483643e+00
2.291666666666666785e+01 -8.163251648668200744e+00
2.333333333333333215e+01 -8.705832378304066310e+00
2.375000000000000000e+01 -9.245626711049125035e+00
2.416666666666666785e+01 -9.717700494846125636e+00
2.458333333333333215e+01 -9.814975469719291468e+00
2.500000000000000000e+01 -1.031401063475268032e+01
2.541666666666666785e+01 -1.081079832762173254e+01
2.583333333333333215e+01 -1.123807854330077305e+01
2.625000000000000000e+01 -1.135243051466306774e+01
2.666666666666666785e+01 -1.144348159063466319e+01
2.708333333333333215e+01 -1.153468355641900267e+01
2.750000000000000000e+01 -1.162601267386817838e+01
2.791666666666666785e+01 -1.171744232832945087e+01
2.833333333333333215e+01 -1.180894798332779771e+01
2.875000000000000000e+01 -1.190046916598696214e+01
2.916666666666666785e+01 -1.199193170884374382e+01
2.958333333333333215e+01 -1.208327207295051586e+01
3.000000000000000000e+01 -1.217445945940520069e+01
3.041666666666666785e+01 -1.226548996140231651e+01
3.083333333333333215e+01 -1.235635866610484790e+01
3.125000000000000000e+01 -1.244702311766639191e+01
3.166666666666666785e+01 -1.253742621367667631e+01
3.208333333333333570e+01 -1.262751228850940599e+01
3.250000000000000000e+01 -1.271724485629690804e+01
3.291666666666666430e+01 -1.280662423387214766e+01
3.333333333333333570e+01 -1.289569158153028816e+01
3.375000000000000000e+01 -1.298451211455885890e+01
3.416666666666666430e+01 -1.307315157808535666e+01
3.458333333333333570e+01 -1.316161975830280362e+01
3.500000000000000000e+01 -1.324987543028518644e+01
3.541666666666666430e+01 -1.333783747997985358e+01
3.583333333333333570e+01 -1.342540760732152627e+01
3.625000000000000000e+01 -1.351251483237799000e+01
3.666666666666666430e+01 -1.359912344617977453e+01
3.708333333333333570e+01 -1.368524528030600429e+01
3.750000000000000000e+01 -1.377092941102841195e+01
3.791666666666666430e+01 -1.385624220082617164e+01
3.833333333333333570e+01 -1.394122956673423452e+01
3.875000000000000000e+01 -1.402588069427102724e+01
3.916666666666666430e+01 -1.411014990481449871e+01
3.958333333333333570e+01 -1.419397371087950788e+01
4.000000000000000000e+01 -1.411064037754617573e+01
