0.000000000000000000e+00 2.348297053551738500e+01
4.166666666666666852e-01 2.305096585663237363e+01
8.333333333333333703e-01 2.255865783226159493e+01
1.250000000000000000e+00 2.204264813174457771e+01
1.666666666666666741e+00 2.153114759909664144e+01
2.083333333333333481e+00 2.102882561565198571e+01
2.500000000000000000e+00 2.052740696076497429e+01
2.916666666666666519e+00 2.002154164254774216e+01
3.333333333333333481e+00 1.951097411159219064e+01
3.750000000000000000e+00 1.899631284368780371e+01
4.166666666666666963e+00 1.847667255062749092e+01
4.583333333333333037e+00 1.794925866076617638e+01
5.000000000000000000e+00 1.741122675148876553e+01
5.416666666666666963e+00 1.686502229852274937e+01
5.833333333333333037e+00 1.631385941617770285e+01
6.250000000000000000e+00 1.575365624531025510e+01
6.666666666666666963e+00 1.518581935363538093e+01
7.083333333333333037e+00 1.464654157899913756e+01
7.500000000000000000e+00 1.418023471673259372e+01
7.916666666666666963e+00 1.365839272552857331e+01
8.333333333333333925e+00 1.306750861433935462e+01
8.750000000000000000e+00 1.246846814239333767e+01
9.166666666666666075e+00 1.188451231403507435e+01
9.583333333333333925e+00 1.131290272632992711e+01
1.000000000000000000e+01 1.074870008458213633e+01
1.041666666666666607e+01 1.018825915923490655e+01
1.083333333333333393e+01 9.628423174854345845e+00
1.125000000000000000e+01 9.066444826298370785e+00
1.166666666666666607e+01 8.499346582318157317e+00
1.208333333333333393e+01 7.923075833018257796e+00
1.250000000000000000e+01 7.330904371338723635e+00
1.291666666666666607e+01 6.711836777810899157e+00
1.333333333333333393e+01 6.051414821746229578e+00
1.375000000000000000e+01 5.341297110785021118e+00
1.416666666666666607e+01 4.639360615126149057e+00
1.458333333333333393e+01 4.008598247544481907e+00
1.500000000000000000e+01 3.920699486367554165e+00
1.541666666666666607e+01 3.298775172821818202e+00
1.583333333333333393e+01 2.642455299756333087e+00
1.625000000000000000e+01 2.021037865269384781e+00
1.666666666666666785e+01 1.440210408054291236e+00
1.708333333333333215e+01 8.945616786329703141e-01
1.750000000000000000e+01 3.738372898692366997e-01
1.791666666666666785e+01 -1.333623598242902331e-01
1.833333333333333215e+01 -6.350569770136919034e-01
1.875000000000000000e+01 -1.134480236206007797e+00
1.916666666666666785e+01 -1.630944159326844334e+00
1.958333333333333215e+01 -2.122726552855299431e+00
2.000000000000000000e+01 -2.610485442299193437e+00
2.041666666666666785e+01 -3.097275453223963471e+00
2.083333333333333215e+01 -3.585913309129836524e+00
2.125000000000000000e+01 -4.076410133063763652e+00
2.166666666666666785e+01 -4.566117861526200805e+00
2.208333333333333215e+01 -5.049645491385491347e+00
2.250000000000000000e+01 -5.518498128122500290e+00
2.291666666666666785e+01 -5.963471402974986901e+00
2.333333333333333215e+01 -6.367009632474479375e+00
2.375000000000000000e+01 -6.733994545025770329e+00
2.416666666666666785e+01 -7.161588823216678001e+00
2.458333333333333215e+01 -7.771613739425696110e+00
2.500000000000000000e+01 -8.327820391963417279e+00
2.541666666666666785e+01 -8.741604020536708930e+00
2.583333333333333215e+01 -9.125265113842241149e+00
2.625000000000000000e+01 -9.514747198459817312e+00
2.666666666666666785e+01 -9.915245496461002617e+00
2.708333333333333215e+01 -1.032027224810761901e+01
2.750000000000000000e+01 -1.072010475834492205e+01
2.791666666666666785e+01 -1.110283879328623691e+01
2.833333333333333215e+01 -1.144657943288426694e+01
2.875000000000000000e+01 -1.173284216484538334e+01
2.916666666666666785e+01 -1.202301767259836929e+01
2.958333333333333215e+01 -1.245841070437542264e+01
3.000000000000000000e+01 -1.286423906414782614e+01
3.041666666666666785e+01 -1.297614591021534025e+01
3.083333333333333215e+01 -1.305956423290256829e+01
3.125000000000000000e+01 -1.314298406201621283e+01
3.166666666666666785e+01 -1.322639533636535170e+01
3.208333333333333570e+01 -1.330978439587662265e+01
3.250000000000000000e+01 -1.339313710617832953e+01
3.291666666666666430e+01 -1.347644480953075963e+01
3.333333333333333570e+01 -1.355970817667315309e+01
3.375000000000000000e+01 -1.364294017853583263e+01
3.416666666666666430e+01 -1.372616819210293393e+01
3.458333333333333570e+01 -1.380940123597322433e+01
3.500000000000000000e+01 -1.389263854602160819e+01
3.541666666666666430e+01 -1.397587490175337699e+01
3.583333333333333570e+01 -1.405910037676399149e+01
3.625000000000000000e+01 -1.414231610999257249e+01
3.666666666666666430e+01 -1.422552213190421533e+01
3.708333333333333570e+01 -1.430872290920286716e+01
3.750000000000000000e+01 -1.439192808817242231e+01
3.791666666666666430e+01 -1.447515621535463914e+01
3.833333333333333570e+01 -1.455842409174992369e+01
3.875000000000000000e+01 -1.464172690872779192e+01
3.916666666666666430e+01 -1.472505518294759774e+01
3.958333333333333570e+01 -1.480839265691508366e+01
4.000000000000000000e+01 -1.472505932358175151e+01
