0.000000000000000000e+00 2.406871165505404875e+01
4.166666666666666852e-01 2.359870250485762710e+01
8.333333333333333703e-01 2.309993900941942258e+01
1.250000000000000000e+00 2.258853042728422977e+01
1.666666666666666741e+00 2.207673369553305065e+01
2.083333333333333481e+00 2.156664623693179195e+01
2.500000000000000000e+00 2.105492513125080123e+01
2.916666666666666519e+00 2.053954940451615130e+01
3.333333333333333481e+00 2.001995660373551544e+01
3.750000000000000000e+00 1.949574847920163734e+01
4.166666666666666963e+00 1.896678466117189288e+01
4.583333333333333037e+00 1.843271855260109149e+01
5.000000000000000000e+00 1.789214638801864155e+01
5.416666666666666963e+00 1.734382863681581100e+01
5.833333333333333037e+00 1.678873567212790263e+01
6.250000000000000000e+00 1.623152309690124540e+01
6.666666666666666963e+00 1.568372088437902612e+01
7.083333333333333037e+00 1.515810008336278614e+01
7.500000000000000000e+00 1.460358004959176270e+01
7.916666666666666963e+00 1.401721619807137387e+01
8.333333333333333925e+00 1.342547055568690162e+01
8.750000000000000000e+00 1.283988018556911292e+01
9.166666666666666075e+00 1.225956758735842733e+01
9.583333333333333925e+00 1.168110058825239506e+01
1.000000000000000000e+01 1.110250801003126497e+01
1.041666666666666607e+01 1.052347030565762687e+01
1.083333333333333393e+01 9.943763568666112107e+00
1.125000000000000000e+01 9.362993647439861178e+00
1.166666666666666607e+01 8.781083629017141234e+00
1.208333333333333393e+01 8.198411250271034234e+00
1.250000000000000000e+01 7.615999199439240641e+00
1.291666666666666607e+01 7.035487214873081818e+00
1.333333333333333393e+01 6.459545673443969349e+00
1.375000000000000000e+01 5.892403390358672333e+00
1.416666666666666607e+01 5.338166367830484482e+00
1.458333333333333393e+01 4.793973413795815652e+00
1.500000000000000000e+01 4.237906604283946166e+00
1.541666666666666607e+01 3.622671999123941333e+00
1.583333333333333393e+01 3.020686929767079754e+00
1.625000000000000000e+01 2.461018163248027246e+00
1.666666666666666785e+01 1.907224727928775954e+00
1.708333333333333215e+01 1.348637321632802921e+00
1.750000000000000000e+01 7.857186622895967476e-01
1.791666666666666785e+01 2.216107033469792431e-01
1.833333333333333215e+01 -3.410871660960200780e-01
1.875000000000000000e+01 -9.006768992101715776e-01
1.916666666666666785e+01 -1.456260124121137922e+00
1.958333333333333215e+01 -2.007469946142463435e+00
2.000000000000000000e+01 -2.553832757407735521e+00
2.041666666666666785e+01 -3.094182171240338342e+00
2.083333333333333215e+01 -3.626766877323287730e+00
2.125000000000000000e+01 -4.149626992232364309e+00
2.166666666666666785e+01 -4.660346956606074897e+00
2.208333333333333215e+01 -5.156178693374201316e+00
2.250000000000000000e+01 -5.636599974386100165e+00
2.291666666666666785e+01 -6.103471905621117521e+00
2.333333333333333215e+01 -6.560120138240395526e+00
2.375000000000000000e+01 -7.010471074112787804e+00
2.416666666666666785e+01 -7.470380415958217668e+00
2.458333333333333215e+01 -7.984449421640233524e+00
2.500000000000000000e+01 -8.474226761492914761e+00
2.541666666666666785e+01 -8.914302262817850320e+00
2.583333333333333215e+01 -9.349228210593150123e+00
2.625000000000000000e+01 -9.788897625320975848e+00
2.666666666666666785e+01 -1.022994733863367856e+01
2.708333333333333215e+01 -1.066281423083332669e+01
2.750000000000000000e+01 -1.108717179188571400e+01
2.791666666666666785e+01 -1.151067352076281480e+01
2.833333333333333215e+01 -1.191438132402440431e+01
2.875000000000000000e+01 -1.230260475859811464e+01
2.916666666666666785e+01 -1.267872819939448625e+01
2.958333333333333215e+01 -1.308821281396817149e+01
3.000000000000000000e+01 -1.344816324639662497e+01
3.041666666666666785e+01 -1.356041765320271253e+01
3.083333333333333215e+01 -1.364416483001472002e+01
3.125000000000000000e+01 -1.372796525960529124e+01
3.166666666666666785e+01 -1.381183938629386532e+01
3.208333333333333570e+01 -1.389580726399918653e+01
3.250000000000000000e+01 -1.397987899303786286e+01
3.291666666666666430e+01 -1.406405116638892672e+01
3.333333333333333570e+01 -1.414830917585146786e+01
3.375000000000000000e+01 -1.423263502907090050e+01
3.416666666666666430e+01 -1.431701758228909682e+01
3.458333333333333570e+01 -1.440143116066879792e+01
3.500000000000000000e+01 -1.448584876253477560e+01
3.541666666666666430e+01 -1.457024722943498496e+01
3.583333333333333570e+01 -1.465460383826143165e+01
3.625000000000000000e+01 -1.473890619232005150e+01
3.666666666666666430e+01 -1.482313803199850888e+01
3.708333333333333570e+01 -1.490728295367969380e+01
3.750000000000000000e+01 -1.499132627026477316e+01
3.791666666666666430e+01 -1.507526244121913805e+01
3.833333333333333570e+01 -1.515909130171858799e+01
3.875000000000000000e+01 -1.524280353476753902e+01
3.916666666666666430e+01 -1.532639502070874826e+01
3.958333333333333570e+01 -1.540986020885901198e+01
4.000000000000000000e+01 -1.532652687552567983e+01
