0.000000000000000000e+00 2.208420327990271659e+01
4.166666666666666852e-01 2.198132287879969837e+01
8.333333333333333703e-01 2.157046716205497461e+01
1.250000000000000000e+00 2.114502998303118275e+01
1.666666666666666741e+00 2.068890311602775967e+01
2.083333333333333481e+00 2.021879059380213306e+01
2.500000000000000000e+00 1.973562696143910244e+01
2.916666666666666519e+00 1.923979772526646315e+01
3.333333333333333481e+00 1.873359431698718325e+01
3.750000000000000000e+00 1.821956789232492113e+01
4.166666666666666963e+00 1.769966204318230041e+01
4.583333333333333037e+00 1.717373051093443337e+01
5.000000000000000000e+00 1.663947765089116970e+01
5.416666666666666963e+00 1.609730003007950927e+01
5.833333333333333037e+00 1.555237590231826772e+01
6.250000000000000000e+00 1.500608970533169995e+01
6.666666666666666963e+00 1.445074732412123097e+01
7.083333333333333037e+00 1.388009944659750694e+01
7.500000000000000000e+00 1.329473470350949249e+01
7.916666666666666963e+00 1.270461304829679428e+01
8.333333333333333925e+00 1.215281901274078713e+01
8.750000000000000000e+00 1.169263722324721222e+01
9.166666666666666075e+00 1.114330217643820298e+01
9.583333333333333925e+00 1.051154386591522538e+01
1.000000000000000000e+01 9.873224347623411390e+00
1.041666666666666607e+01 9.260678333335771839e+00
1.083333333333333393e+01 8.676511750451744831e+00
1.125000000000000000e+01 8.121395087466305895e+00
1.166666666666666607e+01 7.599267519739598242e+00
1.208333333333333393e+01 7.120837473724021649e+00
1.250000000000000000e+01 6.707010536450532356e+00
1.291666666666666607e+01 6.392177778765296026e+00
1.333333333333333393e+01 6.184178656973220001e+00
1.375000000000000000e+01 6.136235519987613962e+00
1.416666666666666607e+01 5.838138086774145030e+00
1.458333333333333393e+01 5.470516710681187611e+00
1.500000000000000000e+01 5.050514013394981738e+00
1.541666666666666607e+01 4.591730577896406373e+00
1.583333333333333393e+01 4.107691446451436690e+00
1.625000000000000000e+01 3.608471762297709162e+00
1.666666666666666785e+01 3.098720412775043176e+00
1.708333333333333215e+01 2.581104381046376517e+00
1.750000000000000000e+01 2.061018384736467368e+00
1.791666666666666785e+01 1.546129665502066652e+00
1.833333333333333215e+01 1.042710132324392802e+00
1.875000000000000000e+01 5.524159958081000799e-01
1.916666666666666785e+01 7.011186911310562930e-02
1.958333333333333215e+01 -4.129956815301754069e-01
2.000000000000000000e+01 -9.016629382211041044e-01
2.041666666666666785e+01 -1.395959761504081076e+00
2.083333333333333215e+01 -1.895696384383366961e+00
2.125000000000000000e+01 -2.403227711341021422e+00
2.166666666666666785e+01 -2.921266523247108005e+00
2.208333333333333215e+01 -3.449654507883798793e+00
2.250000000000000000e+01 -3.980808212718982553e+00
2.291666666666666785e+01 -4.485564972097489722e+00
2.333333333333333215e+01 -4.951297416632297832e+00
2.375000000000000000e+01 -5.453945490393272699e+00
2.416666666666666785e+01 -6.106324835416993224e+00
2.458333333333333215e+01 -6.702309160051895809e+00
2.500000000000000000e+01 -7.157474949442319989e+00
2.541666666666666785e+01 -7.580491510494960394e+00
2.583333333333333215e+01 -8.005915533549211816e+00
2.625000000000000000e+01 -8.441387889170906433e+00
2.666666666666666785e+01 -8.880532948096762524e+00
2.708333333333333215e+01 -9.314457320502260274e+00
2.750000000000000000e+01 -9.736839244722881759e+00
2.791666666666666785e+01 -1.014117970145327341e+01
2.833333333333333215e+01 -1.052235128437726885e+01
2.875000000000000000e+01 -1.088391289738074263e+01
2.916666666666666785e+01 -1.127074012911722889e+01
2.958333333333333215e+01 -1.180177426462990020e+01
3.000000000000000000e+01 -1.229372083892702783e+01
3.041666666666666785e+01 -1.267466433661692093e+01
3.083333333333333215e+01 -1.304853172955304785e+01
3.125000000000000000e+01 -1.343002124719706813e+01
3.166666666666666785e+01 -1.380975308235462506e+01
3.208333333333333570e+01 -1.418267557619973296e+01
3.250000000000000000e+01 -1.452947203866532533e+01
3.291666666666666430e+01 -1.484827941065989343e+01
3.333333333333333570e+01 -1.495358943139634356e+01
3.375000000000000000e+01 -1.503980803372222042e+01
3.416666666666666430e+01 -1.512573309742093919e+01
3.458333333333333570e+01 -1.521136308515290381e+01
3.500000000000000000e+01 -1.529671730601458535e+01
3.541666666666666430e+01 -1.538183076766517843e+01
3.583333333333333570e+01 -1.546674706247661746e+01
3.625000000000000000e+01 -1.555149328633663153e+01
3.666666666666666430e+01 -1.563608613993688401e+01
3.708333333333333570e+01 -1.572052438892580817e+01
3.750000000000000000e+01 -1.580479225583784242e+01
3.791666666666666430e+01 -1.588886419445305265e+01
3.833333333333333570e+01 -1.597272537464034059e+01
3.875000000000000000e+01 -1.605639699601921677e+01
3.916666666666666430e+01 -1.613991557395575072e+01
3.958333333333333570e+01 -1.622332591291937831e+01
4.000000000000000000e+01 -1.613999257958604261e+01
