0.000000000000000000e+00 3.011656647204356574e+01
4.166666666666666852e-01 2.921374921348441234e+01
8.333333333333333703e-01 2.835281014864791516e+01
1.250000000000000000e+00 2.749449357364326119e+01
1.666666666666666741e+00 2.662859848213220104e+01
2.083333333333333481e+00 2.576405227889957317e+01
2.500000000000000000e+00 2.490638271190903907e+01
2.916666666666666519e+00 2.405733746297061515e+01
3.333333333333333481e+00 2.321311137416785186e+01
3.750000000000000000e+00 2.237941655092832960e+01
4.166666666666666963e+00 2.157165468828340593e+01
4.583333333333333037e+00 2.078570048898811962e+01
5.000000000000000000e+00 1.998225284732451001e+01
5.416666666666666963e+00 1.907471702125896584e+01
5.833333333333333037e+00 1.796683084292947186e+01
6.250000000000000000e+00 1.698324942642152280e+01
6.666666666666666963e+00 1.611966975982527828e+01
7.083333333333333037e+00 1.531962817556974699e+01
7.500000000000000000e+00 1.446013157977216324e+01
7.916666666666666963e+00 1.361567859236781963e+01
8.333333333333333925e+00 1.278670377381235568e+01
8.750000000000000000e+00 1.197572388657129494e+01
9.166666666666666075e+00 1.117032242707302636e+01
9.583333333333333925e+00 1.037545214672844374e+01
1.000000000000000000e+01 9.603027028221454486e+00
1.041666666666666607e+01 8.867386185485290895e+00
1.083333333333333393e+01 8.184222911182230220e+00
1.125000000000000000e+01 7.546861072264251291e+00
1.166666666666666607e+01 6.932715540115602870e+00
1.208333333333333393e+01 6.347695698585204660e+00
1.250000000000000000e+01 5.781716061584215360e+00
1.291666666666666607e+01 5.162653696752576238e+00
1.333333333333333393e+01 4.512340742864116905e+00
1.375000000000000000e+01 3.798005050874609267e+00
1.416666666666666607e+01 3.100916983583721809e+00
1.458333333333333393e+01 2.375102484031160532e+00
1.500000000000000000e+01 1.675660593885549332e+00
1.541666666666666607e+01 9.798852979981911293e-01
1.583333333333333393e+01 3.303160883577656026e-01
1.625000000000000000e+01 -2.176956883569391987e-01
1.666666666666666785e+01 -3.279186110448251146e-01
1.708333333333333215e+01 -4.277270789592837463e-01
1.750000000000000000e+01 -1.014415747509512578e+00
1.791666666666666785e+01 -1.610979136174979898e+00
1.833333333333333215e+01 -2.168294902706315863e+00
1.875000000000000000e+01 -2.690345388240199753e+00
1.916666666666666785e+01 -3.186860919787567248e+00
1.958333333333333215e+01 -3.663524377339286264e+00
2.000000000000000000e+01 -4.122699004578123549e+00
2.041666666666666785e+01 -4.567827850544315282e+00
2.083333333333333215e+01 -5.003325192373898389e+00
2.125000000000000000e+01 -5.437448273152162059e+00
2.166666666666666785e+01 -5.887132374151527792e+00
2.208333333333333215e+01 -6.379885933520750285e+00
2.250000000000000000e+01 -6.951376144272869873e+00
2.291666666666666785e+01 -7.629472996014159847e+00
2.333333333333333215e+01 -8.376763760557320637e+00
2.375000000000000000e+01 -9.128215810826675991e+00
2.416666666666666785e+01 -9.207332055632331702e+00
2.458333333333333215e+01 -9.282343545677722574e+00
2.500000000000000000e+01 -9.357430690540969209e+00
2.541666666666666785e+01 -1.002287839367099131e+01
2.583333333333333215e+01 -1.066753187731565333e+01
2.625000000000000000e+01 -1.121487343790129287e+01
2.666666666666666785e+01 -1.166462318965499811e+01
2.708333333333333215e+01 -1.201272847245653175e+01
2.750000000000000000e+01 -1.210488435186399769e+01
2.791666666666666785e+01 -1.218013869349773159e+01
2.833333333333333215e+01 -1.225524532994810123e+01
2.875000000000000000e+01 -1.233020984243326090e+01
2.916666666666666785e+01 -1.240506910372351612e+01
2.958333333333333215e+01 -1.247986637964744538e+01
3.000000000000000000e+01 -1.255462731868317228e+01
3.041666666666666785e+01 -1.262936336293112127e+01
3.083333333333333215e+01 -1.270409678429585654e+01
3.125000000000000000e+01 -1.277889384169127140e+01
3.166666666666666785e+01 -1.285383790349395028e+01
3.208333333333333570e+01 -1.292900959863644594e+01
3.250000000000000000e+01 -1.300446625778978671e+01
3.291666666666666430e+01 -1.308022319578205206e+01
3.333333333333333570e+01 -1.315625075744467054e+01
3.375000000000000000e+01 -1.323249413991852919e+01
3.416666666666666430e+01 -1.330890067394003573e+01
3.458333333333333570e+01 -1.338547945550136831e+01
3.500000000000000000e+01 -1.346229731353132131e+01
3.541666666666666430e+01 -1.353946608239957428e+01
3.583333333333333570e+01 -1.361711618617367492e+01
3.625000000000000000e+01 -1.369534749143913110e+01
3.666666666666666430e+01 -1.377421752232819507e+01
3.708333333333333570e+01 -1.385372720974190841e+01
3.750000000000000000e+01 -1.393383162658029661e+01
3.791666666666666430e+01 -1.401446240000758436e+01
3.833333333333333570e+01 -1.409556887932943070e+01
3.875000000000000000e+01 -1.417715740654241330e+01
3.916666666666666430e+01 -1.425927090514206874e+01
3.958333333333333570e+01 -1.434197186320142592e+01
4.000000000000000000e+01 -1.425863852986809377e+01
