0.000000000000000000e+00 2.376371530154838396e+01
4.166666666666666852e-01 2.327536228190374601e+01
8.333333333333333703e-01 2.276872922923564246e+01
1.250000000000000000e+00 2.225203927322886344e+01
1.666666666666666741e+00 2.173242246942520595e+01
2.083333333333333481e+00 2.121208994424720018e+01
2.500000000000000000e+00 2.068965717735693488e+01
2.916666666666666519e+00 2.016377928871178682e+01
3.333333333333333481e+00 1.963415893897786191e+01
3.750000000000000000e+00 1.910085023466392329e+01
4.166666666666666963e+00 1.856392848845466403e+01
4.583333333333333037e+00 1.802342327768707264e+01
5.000000000000000000e+00 1.747924473077862828e+01
5.416666666666666963e+00 1.693124366201415398e+01
5.833333333333333037e+00 1.638038594003576165e+01
6.250000000000000000e+00 1.583036644299638773e+01
6.666666666666666963e+00 1.528911077041189515e+01
7.083333333333333037e+00 1.476272101291088390e+01
7.500000000000000000e+00 1.423402779539996210e+01
7.916666666666666963e+00 1.368859018969180852e+01
8.333333333333333925e+00 1.313393617819803794e+01
8.750000000000000000e+00 1.257425268696476373e+01
9.166666666666666075e+00 1.201081425404637848e+01
9.583333333333333925e+00 1.144438771498230878e+01
1.000000000000000000e+01 1.087563535226839662e+01
1.041666666666666607e+01 1.030539546107524629e+01
1.083333333333333393e+01 9.734500924806400945e+00
1.125000000000000000e+01 9.163098826819751963e+00
1.166666666666666607e+01 8.590981355149176935e+00
1.208333333333333393e+01 8.018186077779098753e+00
1.250000000000000000e+01 7.444990440017509314e+00
1.291666666666666607e+01 6.872286930188117537e+00
1.333333333333333393e+01 6.301325708715670437e+00
1.375000000000000000e+01 5.733828798552608852e+00
1.416666666666666607e+01 5.172234235028329685e+00
1.458333333333333393e+01 4.618178017016255410e+00
1.500000000000000000e+01 4.069159217343011115e+00
1.541666666666666607e+01 3.512972088408067961e+00
1.583333333333333393e+01 2.923663518892129609e+00
1.625000000000000000e+01 2.348249059804132344e+00
1.666666666666666785e+01 1.802782090543187277e+00
1.708333333333333215e+01 1.269119733325138499e+00
1.750000000000000000e+01 7.420730040353988866e-01
1.791666666666666785e+01 2.188855922771203444e-01
1.833333333333333215e+01 -3.037319053147974346e-01
1.875000000000000000e+01 -8.288015930267915721e-01
1.916666666666666785e+01 -1.357079622927871210e+00
1.958333333333333215e+01 -1.887476595871292240e+00
2.000000000000000000e+01 -2.418154930366854138e+00
2.041666666666666785e+01 -2.947084240130302124e+00
2.083333333333333215e+01 -3.472176946872681302e+00
2.125000000000000000e+01 -3.991771653495218786e+00
2.166666666666666785e+01 -4.505162754030534344e+00
2.208333333333333215e+01 -5.011690040042585004e+00
2.250000000000000000e+01 -5.509340561808870440e+00
2.291666666666666785e+01 -5.995298938086857987e+00
2.333333333333333215e+01 -6.468074360673776724e+00
2.375000000000000000e+01 -6.929725172294100233e+00
2.416666666666666785e+01 -7.392745642512488224e+00
2.458333333333333215e+01 -7.889873122209455580e+00
2.500000000000000000e+01 -8.356861639854626489e+00
2.541666666666666785e+01 -8.779034842758495216e+00
2.583333333333333215e+01 -9.186983450812027385e+00
2.625000000000000000e+01 -9.592979355600341762e+00
2.666666666666666785e+01 -1.000137122366266773e+01
2.708333333333333215e+01 -1.040959477886145201e+01
2.750000000000000000e+01 -1.081063309647130666e+01
2.791666666666666785e+01 -1.119843625342683957e+01
2.833333333333333215e+01 -1.157552313144176992e+01
2.875000000000000000e+01 -1.194675890447917510e+01
2.916666666666666785e+01 -1.229149302128600851e+01
2.958333333333333215e+01 -1.259676483218661325e+01
3.000000000000000000e+01 -1.269000234644192204e+01
3.041666666666666785e+01 -1.303165024101546976e+01
3.083333333333333215e+01 -1.340653233507089404e+01
3.125000000000000000e+01 -1.351365198749952334e+01
3.166666666666666785e+01 -1.359485345045677285e+01
3.208333333333333570e+01 -1.367598710159212949e+01
3.250000000000000000e+01 -1.375707822018220128e+01
3.291666666666666430e+01 -1.383815615850920011e+01
3.333333333333333570e+01 -1.391925233462502298e+01
3.375000000000000000e+01 -1.400039347959938674e+01
3.416666666666666430e+01 -1.408159299651674701e+01
3.458333333333333570e+01 -1.416287384843926311e+01
3.500000000000000000e+01 -1.424425715002136172e+01
3.541666666666666430e+01 -1.432575863244116832e+01
3.583333333333333570e+01 -1.440739325537386506e+01
3.625000000000000000e+01 -1.448916624157978283e+01
3.666666666666666430e+01 -1.457108756950327511e+01
3.708333333333333570e+01 -1.465316849153909828e+01
3.750000000000000000e+01 -1.473541975973494722e+01
3.791666666666666430e+01 -1.481784412270473972e+01
3.833333333333333570e+01 -1.490043973443669145e+01
3.875000000000000000e+01 -1.498321423626886073e+01
3.916666666666666430e+01 -1.506617039894490517e+01
3.958333333333333570e+01 -1.514931268249739560e+01
4.000000000000000000e+01 -1.506597934916406345e+01
