0.000000000000000000e+00 2.959492150732582516e+01
4.166666666666666852e-01 2.883823161767139709e+01
8.333333333333333703e-01 2.815962466729834901e+01
1.250000000000000000e+00 2.748093023838844573e+01
1.666666666666666741e+00 2.677424342755472253e+01
2.083333333333333481e+00 2.604944321375701932e+01
2.500000000000000000e+00 2.530904684739269328e+01
2.916666666666666519e+00 2.455277821166849606e+01
3.333333333333333481e+00 2.378674542250243107e+01
3.750000000000000000e+00 2.302289471791332431e+01
4.166666666666666963e+00 2.226320583574078782e+01
4.583333333333333037e+00 2.150679051930963936e+01
5.000000000000000000e+00 2.076890031756918376e+01
5.416666666666666963e+00 2.006340385195715470e+01
5.833333333333333037e+00 1.938481109580493467e+01
6.250000000000000000e+00 1.871301444862714902e+01
6.666666666666666963e+00 1.802657404495148086e+01
7.083333333333333037e+00 1.731710921467310271e+01
7.500000000000000000e+00 1.658522467896911579e+01
7.916666666666666963e+00 1.582624253899956912e+01
8.333333333333333925e+00 1.504031492100888912e+01
8.750000000000000000e+00 1.423265584904796910e+01
9.166666666666666075e+00 1.340158460235576143e+01
9.583333333333333925e+00 1.254853681618599914e+01
1.000000000000000000e+01 1.167957204586135944e+01
1.041666666666666607e+01 1.079715524277396277e+01
1.083333333333333393e+01 9.901258411414509908e+00
1.125000000000000000e+01 8.996092767282210190e+00
1.166666666666666607e+01 8.085415208894627170e+00
1.208333333333333393e+01 7.171076619369698868e+00
1.250000000000000000e+01 6.254250367185572479e+00
1.291666666666666607e+01 5.336426263407555659e+00
1.333333333333333393e+01 4.421334393424889875e+00
1.375000000000000000e+01 3.502680071835418296e+00
1.416666666666666607e+01 2.572981872269512582e+00
1.458333333333333393e+01 1.648764525370754352e+00
1.500000000000000000e+01 7.538251924300998219e-01
1.541666666666666607e+01 -1.120988796845865387e-01
1.583333333333333393e+01 -9.510517023448148421e-01
1.625000000000000000e+01 -1.745633271785413054e+00
1.666666666666666785e+01 -2.479365069692255563e+00
1.708333333333333215e+01 -3.142896420421228854e+00
1.750000000000000000e+01 -3.720300945350494271e+00
1.791666666666666785e+01 -4.204972628125337231e+00
1.833333333333333215e+01 -4.614174630987005976e+00
1.875000000000000000e+01 -4.957540330362299130e+00
1.916666666666666785e+01 -5.250782173685898613e+00
1.958333333333333215e+01 -5.519662848560448865e+00
2.000000000000000000e+01 -5.763240962265369305e+00
2.041666666666666785e+01 -5.972065823160725984e+00
2.083333333333333215e+01 -6.171720794339753624e+00
2.125000000000000000e+01 -6.403458356768202187e+00
2.166666666666666785e+01 -6.693839816091456285e+00
2.208333333333333215e+01 -7.086295274542093736e+00
2.250000000000000000e+01 -7.626082042978529429e+00
2.291666666666666785e+01 -8.251507755309791747e+00
2.333333333333333215e+01 -8.778882932212699330e+00
2.375000000000000000e+01 -8.889393949348470159e+00
2.416666666666666785e+01 -8.993821213220702049e+00
2.458333333333333215e+01 -9.394255536730927503e+00
2.500000000000000000e+01 -9.604106846199325531e+00
2.541666666666666785e+01 -9.608717917753354598e+00
2.583333333333333215e+01 -9.492704799556069162e+00
2.625000000000000000e+01 -9.362931512847483262e+00
2.666666666666666785e+01 -9.309058513249190980e+00
2.708333333333333215e+01 -9.376140755362843748e+00
2.750000000000000000e+01 -9.573410869233786258e+00
2.791666666666666785e+01 -9.861877420885956980e+00
2.833333333333333215e+01 -1.005336209520879720e+01
2.875000000000000000e+01 -1.016907239217597159e+01
2.916666666666666785e+01 -1.027208706151488293e+01
2.958333333333333215e+01 -1.037464034697122095e+01
3.000000000000000000e+01 -1.118651432638938203e+01
3.041666666666666785e+01 -1.185737292736421189e+01
3.083333333333333215e+01 -1.234767125846430069e+01
3.125000000000000000e+01 -1.271703095481013079e+01
3.166666666666666785e+01 -1.303342462048237316e+01
3.208333333333333570e+01 -1.334574040476670653e+01
3.250000000000000000e+01 -1.367954133268315609e+01
3.291666666666666430e+01 -1.400874265701623145e+01
3.333333333333333570e+01 -1.410840656809757654e+01
3.375000000000000000e+01 -1.421242754685817467e+01
3.416666666666666430e+01 -1.460026608107271429e+01
3.458333333333333570e+01 -1.479802917546010654e+01
3.500000000000000000e+01 -1.491324661130301266e+01
3.541666666666666430e+01 -1.500776542953664361e+01
3.583333333333333570e+01 -1.510085076261259651e+01
3.625000000000000000e+01 -1.519263520296153303e+01
3.666666666666666430e+01 -1.528324128011385241e+01
3.708333333333333570e+01 -1.537275161231376330e+01
3.750000000000000000e+01 -1.546120849501517824e+01
3.791666666666666430e+01 -1.554862978466843160e+01
3.833333333333333570e+01 -1.563504671734393625e+01
3.875000000000000000e+01 -1.572054047668305898e+01
3.916666666666666430e+01 -1.580521762151712295e+01
3.958333333333333570e+01 -1.588918779297502226e+01
4.000000000000000000e+01 -1.580585445964169011e+01
