0.000000000000000000e+00 2.367827082017614160e+01
4.166666666666666852e-01 2.319799532531940400e+01
8.333333333333333703e-01 2.269535144774858537e+01
1.250000000000000000e+00 2.218102905575618422e+01
1.666666666666666741e+00 2.166430170099182462e+01
2.083333333333333481e+00 2.114799781831573355e+01
2.500000000000000000e+00 2.063028597551222276e+01
2.916666666666666519e+00 2.010931711925219645e+01
3.333333333333333481e+00 1.958457105591003611e+01
3.750000000000000000e+00 1.905602419749949661e+01
4.166666666666666963e+00 1.852363014776585359e+01
4.583333333333333037e+00 1.798730016480289251e+01
5.000000000000000000e+00 1.744682203897451700e+01
5.416666666666666963e+00 1.690209048301433370e+01
5.833333333333333037e+00 1.635373499026756861e+01
6.250000000000000000e+00 1.580415593051058387e+01
6.666666666666666963e+00 1.525723360973582032e+01
7.083333333333333037e+00 1.472065931216590684e+01
7.500000000000000000e+00 1.420060367841925952e+01
7.916666666666666963e+00 1.367644639586295696e+01
8.333333333333333925e+00 1.313383264101339520e+01
8.750000000000000000e+00 1.258559712140234765e+01
9.166666666666666075e+00 1.203678344287729729e+01
9.583333333333333925e+00 1.148613500595208414e+01
1.000000000000000000e+01 1.093149076305688183e+01
1.041666666666666607e+01 1.037156507351857471e+01
1.083333333333333393e+01 9.806345801386715522e+00
1.125000000000000000e+01 9.236273510712786461e+00
1.166666666666666607e+01 8.661940386795697222e+00
1.208333333333333393e+01 8.084077801325982193e+00
1.250000000000000000e+01 7.503484381872177700e+00
1.291666666666666607e+01 6.921513506471854704e+00
1.333333333333333393e+01 6.340220039624261616e+00
1.375000000000000000e+01 5.762449119220320881e+00
1.416666666666666607e+01 5.191710897784697742e+00
1.458333333333333393e+01 4.628671615357084157e+00
1.500000000000000000e+01 4.061726527864188974e+00
1.541666666666666607e+01 3.462101009158430553e+00
1.583333333333333393e+01 2.873961881264337492e+00
1.625000000000000000e+01 2.316535848381735985e+00
1.666666666666666785e+01 1.769892879508111694e+00
1.708333333333333215e+01 1.225008601901594663e+00
1.750000000000000000e+01 6.756938878265108528e-01
1.791666666666666785e+01 1.191299888351676772e-01
1.833333333333333215e+01 -4.430147888433295655e-01
1.875000000000000000e+01 -1.007041106259455532e+00
1.916666666666666785e+01 -1.568108877450338889e+00
1.958333333333333215e+01 -2.120135383261548156e+00
2.000000000000000000e+01 -2.657181289419475068e+00
2.041666666666666785e+01 -3.176930596284241126e+00
2.083333333333333215e+01 -3.684227548191788770e+00
2.125000000000000000e+01 -4.187525745225229912e+00
2.166666666666666785e+01 -4.692053862269579767e+00
2.208333333333333215e+01 -5.195184342023364543e+00
2.250000000000000000e+01 -5.688321515743788304e+00
2.291666666666666785e+01 -6.158491495687629325e+00
2.333333333333333215e+01 -6.587563002662978562e+00
2.375000000000000000e+01 -6.946999608270961524e+00
2.416666666666666785e+01 -7.227749808718258784e+00
2.458333333333333215e+01 -7.346081273569705417e+00
2.500000000000000000e+01 -7.690664769855414917e+00
2.541666666666666785e+01 -8.096383508605283552e+00
2.583333333333333215e+01 -8.525947006973446207e+00
2.625000000000000000e+01 -8.970085156163975171e+00
2.666666666666666785e+01 -9.420363705078303340e+00
2.708333333333333215e+01 -9.869890455274852314e+00
2.750000000000000000e+01 -1.031323699438502928e+01
2.791666666666666785e+01 -1.074580920347041690e+01
2.833333333333333215e+01 -1.116323036309839978e+01
2.875000000000000000e+01 -1.156488699711566248e+01
2.916666666666666785e+01 -1.196273709456603029e+01
2.958333333333333215e+01 -1.238283787564706806e+01
3.000000000000000000e+01 -1.278648002215898849e+01
3.041666666666666785e+01 -1.314612629466523863e+01
3.083333333333333215e+01 -1.347553022400281719e+01
3.125000000000000000e+01 -1.359565430601432467e+01
3.166666666666666785e+01 -1.368752994067403606e+01
3.208333333333333570e+01 -1.377902853066404099e+01
3.250000000000000000e+01 -1.387016594820854110e+01
3.291666666666666430e+01 -1.396095202402223023e+01
3.333333333333333570e+01 -1.405139134897143371e+01
3.375000000000000000e+01 -1.414148036574467504e+01
3.416666666666666430e+01 -1.423120161483659096e+01
3.458333333333333570e+01 -1.432054985997787000e+01
3.500000000000000000e+01 -1.440952054727421050e+01
3.541666666666666430e+01 -1.449810496551415362e+01
3.583333333333333570e+01 -1.458629357549775207e+01
3.625000000000000000e+01 -1.467406555114999200e+01
3.666666666666666430e+01 -1.476140403058195361e+01
3.708333333333333570e+01 -1.484829293459961086e+01
3.750000000000000000e+01 -1.493471601341910571e+01
3.791666666666666430e+01 -1.502065058199305625e+01
3.833333333333333570e+01 -1.510607349626901730e+01
3.875000000000000000e+01 -1.519097756236843111e+01
3.916666666666666430e+01 -1.527535651624942581e+01
3.958333333333333570e+01 -1.535921083653400032e+01
4.000000000000000000e+01 -1.527587750320066817e+01
