0.000000000000000000e+00 2.449956846458130499e+01
4.166666666666666852e-01 2.396796314438100239e+01
8.333333333333333703e-01 2.344231268144099900e+01
1.250000000000000000e+00 2.291656941943054449e+01
1.666666666666666741e+00 2.238652189364249878e+01
2.083333333333333481e+00 2.185242734203574955e+01
2.500000000000000000e+00 2.131662115530628299e+01
2.916666666666666519e+00 2.078015423500798065e+01
3.333333333333333481e+00 2.024277490521086875e+01
3.750000000000000000e+00 1.970369012589569735e+01
4.166666666666666963e+00 1.916156502136589168e+01
4.583333333333333037e+00 1.861406395744491959e+01
5.000000000000000000e+00 1.805746508108806125e+01
5.416666666666666963e+00 1.748547346882392972e+01
5.833333333333333037e+00 1.688795047227323565e+01
6.250000000000000000e+00 1.624960361057183533e+01
6.666666666666666963e+00 1.554878655841960189e+01
7.083333333333333037e+00 1.478312388640136454e+01
7.500000000000000000e+00 1.392982309795394436e+01
7.916666666666666963e+00 1.311373882643876065e+01
8.333333333333333925e+00 1.236567795777998846e+01
8.750000000000000000e+00 1.168926206199227913e+01
9.166666666666666075e+00 1.106778825529055155e+01
9.583333333333333925e+00 1.048315271607611088e+01
1.000000000000000000e+01 9.922460679961444541e+00
1.041666666666666607e+01 9.376819016669706741e+00
1.083333333333333393e+01 8.840056844115590451e+00
1.125000000000000000e+01 8.307900973615012674e+00
1.166666666666666607e+01 7.777443464029030196e+00
1.208333333333333393e+01 7.246650488224980258e+00
1.250000000000000000e+01 6.714031169989485015e+00
1.291666666666666607e+01 6.178406848845492405e+00
1.333333333333333393e+01 5.638470890797213642e+00
1.375000000000000000e+01 5.092773726696986358e+00
1.416666666666666607e+01 4.540650603731294588e+00
1.458333333333333393e+01 3.984727856794338052e+00
1.500000000000000000e+01 3.435689113221621405e+00
1.541666666666666607e+01 2.914710817671308352e+00
1.583333333333333393e+01 2.384292943386766783e+00
1.625000000000000000e+01 1.833373501961264918e+00
1.666666666666666785e+01 1.279831838251122678e+00
1.708333333333333215e+01 7.291424963256585290e-01
1.750000000000000000e+01 1.818710758065948951e-01
1.791666666666666785e+01 -3.625435584288873025e-01
1.833333333333333215e+01 -9.046936342431162181e-01
1.875000000000000000e+01 -1.444955775110452034e+00
1.916666666666666785e+01 -1.983453312314730432e+00
1.958333333333333215e+01 -2.519973922952611467e+00
2.000000000000000000e+01 -3.053949599307832052e+00
2.041666666666666785e+01 -3.584568075748988836e+00
2.083333333333333215e+01 -4.110587605854026272e+00
2.125000000000000000e+01 -4.629573668762937189e+00
2.166666666666666785e+01 -5.137129631347778336e+00
2.208333333333333215e+01 -5.626183870604012149e+00
2.250000000000000000e+01 -6.087068194476820793e+00
2.291666666666666785e+01 -6.509116858474454759e+00
2.333333333333333215e+01 -6.882167947614801662e+00
2.375000000000000000e+01 -7.189700133681272476e+00
2.416666666666666785e+01 -7.419204844168620028e+00
2.458333333333333215e+01 -7.525253210030305340e+00
2.500000000000000000e+01 -7.943290007387272311e+00
2.541666666666666785e+01 -8.416560213689082914e+00
2.583333333333333215e+01 -8.897613258216017229e+00
2.625000000000000000e+01 -9.373787230175098628e+00
2.666666666666666785e+01 -9.840054474345343749e+00
2.708333333333333215e+01 -1.030014231559416515e+01
2.750000000000000000e+01 -1.075959650580087867e+01
2.791666666666666785e+01 -1.120448732566594074e+01
2.833333333333333215e+01 -1.162529762614684259e+01
2.875000000000000000e+01 -1.201247884706998015e+01
2.916666666666666785e+01 -1.234644889004709789e+01
2.958333333333333215e+01 -1.245351887470300234e+01
3.000000000000000000e+01 -1.254640145103084770e+01
3.041666666666666785e+01 -1.263878202198384493e+01
3.083333333333333215e+01 -1.273064585915004621e+01
3.125000000000000000e+01 -1.282199086707625035e+01
3.166666666666666785e+01 -1.291282087237913601e+01
3.208333333333333570e+01 -1.300313330566764414e+01
3.250000000000000000e+01 -1.309292950077257700e+01
3.291666666666666430e+01 -1.318221929786341917e+01
3.333333333333333570e+01 -1.327101987148989792e+01
3.375000000000000000e+01 -1.335934909045969299e+01
3.416666666666666430e+01 -1.344721632877164375e+01
3.458333333333333570e+01 -1.353464499617187577e+01
3.500000000000000000e+01 -1.362165992019380134e+01
3.541666666666666430e+01 -1.370828259996126164e+01
3.583333333333333570e+01 -1.379453495469117641e+01
3.625000000000000000e+01 -1.388042961192165770e+01
3.666666666666666430e+01 -1.396598444689222696e+01
3.708333333333333570e+01 -1.405121885432353324e+01
3.750000000000000000e+01 -1.413615170253589248e+01
3.791666666666666430e+01 -1.422079355502366838e+01
3.833333333333333570e+01 -1.430515021600363390e+01
3.875000000000000000e+01 -1.438923694606444847e+01
3.916666666666666430e+01 -1.447306332593973721e+01
3.958333333333333570e+01 -1.455663921971297370e+01
4.000000000000000000e+01 -1.447330588637964155e+01
