0.000000000000000000e+00 3.072346034822610150e+00
4.166666666666666852e-01 2.687201800020317499e+00
8.333333333333333703e-01 2.318921729773930629e+00
1.250000000000000000e+00 1.969006150395875565e+00
1.666666666666666741e+00 1.637754708302933349e+00
2.083333333333333481e+00 1.325194233439643599e+00
2.500000000000000000e+00 1.031517433276993634e+00
2.916666666666666519e+00 7.574559670289642277e-01
3.333333333333333481e+00 5.048477772686527087e-01
3.750000000000000000e+00 2.779398676668483059e-01
4.166666666666666963e+00 9.011061314115856313e-02
4.583333333333333037e+00 -5.436439016923548528e-02
5.000000000000000000e+00 -1.235820007224546907e-01
5.416666666666666963e+00 -1.944740450313476865e-01
5.833333333333333037e+00 -2.597552143928936186e-01
6.250000000000000000e+00 -3.180512877198743427e-01
6.666666666666666963e+00 -3.692865404973669219e-01
7.083333333333333037e+00 -4.137368463044599487e-01
7.500000000000000000e+00 -4.517170594862609523e-01
7.916666666666666963e+00 -4.835414210342919850e-01
8.333333333333333925e+00 -5.095136305345840944e-01
8.750000000000000000e+00 -5.299249237588838923e-01
9.166666666666666075e+00 -5.450533332232248007e-01
9.583333333333333925e+00 -5.551632043920005088e-01
1.000000000000000000e+01 -5.605048116765214417e-01
1.041666666666666607e+01 -5.613140767053584890e-01
1.083333333333333393e+01 -5.578124028669512180e-01
1.125000000000000000e+01 -5.502066419827050803e-01
1.166666666666666607e+01 -5.386892346165975676e-01
1.208333333333333393e+01 -5.234386436263043230e-01
1.250000000000000000e+01 -5.046204466852379777e-01
1.291666666666666607e+01 -4.823898707416537368e-01
1.333333333333333393e+01 -4.568989208274054636e-01
1.375000000000000000e+01 -4.282992831936457967e-01
1.416666666666666607e+01 -3.968282373785471107e-01
1.458333333333333393e+01 -3.621891244015672529e-01
1.500000000000000000e+01 -3.258877891201665267e-01
1.541666666666666607e+01 -2.866603040774420297e-01
1.583333333333333393e+01 -2.437622541580443114e-01
1.625000000000000000e+01 -1.985975556813910359e-01
1.666666666666666785e+01 -1.507593778274076979e-01
1.708333333333333215e+01 -1.004168231136320921e-01
1.750000000000000000e+01 -4.763745270851683922e-02
1.791666666666666785e+01 7.524162568112419125e-03
1.833333333333333215e+01 6.502465067651888586e-02
1.875000000000000000e+01 1.248243012658600271e-01
1.916666666666666785e+01 1.868837124974084829e-01
1.958333333333333215e+01 2.511615758185871683e-01
2.000000000000000000e+01 3.176128989349511489e-01
2.041666666666666785e+01 3.861873004549743471e-01
2.083333333333333215e+01 4.568271721143826181e-01
2.125000000000000000e+01 5.294653744444671739e-01
2.166666666666666785e+01 6.040215536813483554e-01
2.208333333333333215e+01 6.803942635999522537e-01
2.250000000000000000e+01 7.584429079378257610e-01
2.291666666666666785e+01 8.379324577051309175e-01
2.333333333333333215e+01 9.185574729586687415e-01
2.375000000000000000e+01 9.993946437194376475e-01
2.416666666666666785e+01 1.089200190529159062e+00
2.458333333333333215e+01 1.129359172404508449e+00
2.500000000000000000e+01 1.120043871321150242e+00
2.541666666666666785e+01 1.108279479979208171e+00
2.583333333333333215e+01 1.095420128696579010e+00
2.625000000000000000e+01 1.081222364587959284e+00
2.666666666666666785e+01 1.065525218507068494e+00
2.708333333333333215e+01 1.048058173249469149e+00
2.750000000000000000e+01 1.028431660930232638e+00
2.791666666666666785e+01 1.006158733421503637e+00
2.833333333333333215e+01 9.806742895951638950e-01
2.875000000000000000e+01 9.513472341324702430e-01
2.916666666666666785e+01 9.174875751553762671e-01
2.958333333333333215e+01 8.783505560683456670e-01
3.000000000000000000e+01 8.331392374400409251e-01
3.041666666666666785e+01 7.810064048490886757e-01
3.083333333333333215e+01 7.210563708433287422e-01
3.125000000000000000e+01 6.523470862075232413e-01
3.166666666666666785e+01 5.738929462930176806e-01
3.208333333333333570e+01 4.846687538409897855e-01
3.250000000000000000e+01 3.836155387325304589e-01
3.291666666666666430e+01 2.696494957877932364e-01
3.333333333333333570e+01 1.416767717446398289e-01
3.375000000000000000e+01 -1.381406566351023324e-03
3.416666666666666430e+01 -1.605270626883951446e-01
3.458333333333333570e+01 -3.367115681235768321e-01
3.500000000000000000e+01 -5.549791095350414816e-01
3.541666666666666430e+01 -7.876983587186354718e-01
3.583333333333333570e+01 -1.037745697548242196e+00
3.625000000000000000e+01 -1.306535485942760033e+00
3.666666666666666430e+01 -1.594440366010845933e+00
3.708333333333333570e+01 -1.901040576724561948e+00
3.750000000000000000e+01 -2.224951271087308946e+00
3.791666666666666430e+01 -2.563442850596370004e+00
3.833333333333333570e+01 -2.911827476375181689e+00
3.875000000000000000e+01 -3.262564308719863249e+00
3.916666666666666430e+01 -3.603283991668409403e+00
3.958333333333333570e+01 -3.920282923074447812e+00
4.000000000000000000e+01 -3.836949589741114330e+00
