0.000000000000000000e+00 2.376206947929279067e+01
4.166666666666666852e-01 2.326774124661864462e+01
8.333333333333333703e-01 2.275629807313690023e+01
1.250000000000000000e+00 2.223668850956773113e+01
1.666666666666666741e+00 2.171583561037346044e+01
2.083333333333333481e+00 2.119503111384541683e+01
2.500000000000000000e+00 2.067234990152566709e+01
2.916666666666666519e+00 2.014663779947673206e+01
3.333333333333333481e+00 1.961782838940964524e+01
3.750000000000000000e+00 1.908604099123062525e+01
4.166666666666666963e+00 1.855122775162349313e+01
4.583333333333333037e+00 1.801317458475116950e+01
5.000000000000000000e+00 1.747132162955645285e+01
5.416666666666666963e+00 1.692545538246690029e+01
5.833333333333333037e+00 1.637615140861926832e+01
6.250000000000000000e+00 1.582353762412419940e+01
6.666666666666666963e+00 1.526730522508500698e+01
7.083333333333333037e+00 1.471445111647715542e+01
7.500000000000000000e+00 1.417678469837842137e+01
7.916666666666666963e+00 1.362290163620777150e+01
8.333333333333333925e+00 1.305260131508697796e+01
8.750000000000000000e+00 1.248049604506744359e+01
9.166666666666666075e+00 1.191196154254913964e+01
9.583333333333333925e+00 1.134627043170510241e+01
1.000000000000000000e+01 1.078242811721836425e+01
1.041666666666666607e+01 1.021975495309894377e+01
1.083333333333333393e+01 9.657637513559471643e+00
1.125000000000000000e+01 9.095653971498952828e+00
1.166666666666666607e+01 8.533743142724270925e+00
1.208333333333333393e+01 7.972477372176387966e+00
1.250000000000000000e+01 7.413168959453294349e+00
1.291666666666666607e+01 6.857839069272769983e+00
1.333333333333333393e+01 6.309660930923627120e+00
1.375000000000000000e+01 5.771842392549374701e+00
1.416666666666666607e+01 5.242566554356934638e+00
1.458333333333333393e+01 4.706372092412808961e+00
1.500000000000000000e+01 4.130419757497190147e+00
1.541666666666666607e+01 3.565157517617536520e+00
1.583333333333333393e+01 3.030321634055145985e+00
1.625000000000000000e+01 2.500925812443091978e+00
1.666666666666666785e+01 1.968519640455548725e+00
1.708333333333333215e+01 1.431864018655172988e+00
1.750000000000000000e+01 8.923121061568168866e-01
1.791666666666666785e+01 3.514001033859597278e-01
1.833333333333333215e+01 -1.897529689206544079e-01
1.875000000000000000e+01 -7.304992662214502275e-01
1.916666666666666785e+01 -1.270711007738337228e+00
1.958333333333333215e+01 -1.809976346331855446e+00
2.000000000000000000e+01 -2.346892454410778317e+00
2.041666666666666785e+01 -2.880016962170720785e+00
2.083333333333333215e+01 -3.408812786975600417e+00
2.125000000000000000e+01 -3.932373824974439991e+00
2.166666666666666785e+01 -4.448150212641839296e+00
2.208333333333333215e+01 -4.953367615828148551e+00
2.250000000000000000e+01 -5.446413905609360562e+00
2.291666666666666785e+01 -5.924931502836312980e+00
2.333333333333333215e+01 -6.385744812313363106e+00
2.375000000000000000e+01 -6.833099213006017969e+00
2.416666666666666785e+01 -7.291890616852874096e+00
2.458333333333333215e+01 -7.812015684201942811e+00
2.500000000000000000e+01 -8.337262923440201590e+00
2.541666666666666785e+01 -8.811034487972900564e+00
2.583333333333333215e+01 -9.268915329148395443e+00
2.625000000000000000e+01 -9.720218641950472360e+00
2.666666666666666785e+01 -1.016270768913607725e+01
2.708333333333333215e+01 -1.059994539080843268e+01
2.750000000000000000e+01 -1.103991192860769210e+01
2.791666666666666785e+01 -1.146175957132229861e+01
2.833333333333333215e+01 -1.185868056941023774e+01
2.875000000000000000e+01 -1.221725349410011319e+01
2.916666666666666785e+01 -1.256116065793946746e+01
2.958333333333333215e+01 -1.300377259187725976e+01
3.000000000000000000e+01 -1.312757432735058671e+01
3.041666666666666785e+01 -1.321785107155919370e+01
3.083333333333333215e+01 -1.330728081171374910e+01
3.125000000000000000e+01 -1.339602120985570366e+01
3.166666666666666785e+01 -1.348420437889728696e+01
3.208333333333333570e+01 -1.357194944871402953e+01
3.250000000000000000e+01 -1.365935333159426435e+01
3.291666666666666430e+01 -1.374648757703022461e+01
3.333333333333333570e+01 -1.383340117200300767e+01
3.375000000000000000e+01 -1.392012889828273003e+01
3.416666666666666430e+01 -1.400670217917306815e+01
3.458333333333333570e+01 -1.409312821880491562e+01
3.500000000000000000e+01 -1.417940404807255916e+01
3.541666666666666430e+01 -1.426552261928025445e+01
3.583333333333333570e+01 -1.435147032939489975e+01
3.625000000000000000e+01 -1.443723794316684916e+01
3.666666666666666430e+01 -1.452280727016287720e+01
3.708333333333333570e+01 -1.460815597795149401e+01
3.750000000000000000e+01 -1.469326059869995937e+01
3.791666666666666430e+01 -1.477810515311880124e+01
3.833333333333333570e+01 -1.486267839814003544e+01
3.875000000000000000e+01 -1.494696025894750591e+01
3.916666666666666430e+01 -1.503093732847430175e+01
3.958333333333333570e+01 -1.511459714826012402e+01
4.000000000000000000e+01 -1.503126381492679187e+01
