0.000000000000000000e+00 2.469253430251225723e+01
4.166666666666666852e-01 2.402269845815179394e+01
8.333333333333333703e-01 2.342252469798059522e+01
1.250000000000000000e+00 2.284844930927384254e+01
1.666666666666666741e+00 2.226497089199727952e+01
2.083333333333333481e+00 2.166384659240312516e+01
2.500000000000000000e+00 2.105446410219973075e+01
2.916666666666666519e+00 2.044398847260529095e+01
3.333333333333333481e+00 1.983490231589465580e+01
3.750000000000000000e+00 1.922848830343347615e+01
4.166666666666666963e+00 1.862744373231676676e+01
4.583333333333333037e+00 1.803744846747497022e+01
5.000000000000000000e+00 1.746651522396121337e+01
5.416666666666666963e+00 1.692290020793938154e+01
5.833333333333333037e+00 1.641112513901542869e+01
6.250000000000000000e+00 1.593504893533396682e+01
6.666666666666666963e+00 1.552683038404214066e+01
7.083333333333333037e+00 1.548178588677618350e+01
7.500000000000000000e+00 1.514614790422744584e+01
7.916666666666666963e+00 1.472614273643698546e+01
8.333333333333333925e+00 1.422463259774381683e+01
8.750000000000000000e+00 1.367151604283091615e+01
9.166666666666666075e+00 1.308405012862240824e+01
9.583333333333333925e+00 1.247207021536690164e+01
1.000000000000000000e+01 1.184244199317939561e+01
1.041666666666666607e+01 1.120087353365287619e+01
1.083333333333333393e+01 1.055133442259943699e+01
1.125000000000000000e+01 9.896072031883521802e+00
1.166666666666666607e+01 9.237667071491181048e+00
1.208333333333333393e+01 8.578549163304078462e+00
1.250000000000000000e+01 7.920929227168793219e+00
1.291666666666666607e+01 7.267543007135129685e+00
1.333333333333333393e+01 6.618805603521810355e+00
1.375000000000000000e+01 5.970457107284622644e+00
1.416666666666666607e+01 5.310999534368298747e+00
1.458333333333333393e+01 4.621004456475318101e+00
1.500000000000000000e+01 3.913147081492136081e+00
1.541666666666666607e+01 3.199745815208100197e+00
1.583333333333333393e+01 2.441498070508729690e+00
1.625000000000000000e+01 1.778628494591184772e+00
1.666666666666666785e+01 1.386098861724462061e+00
1.708333333333333215e+01 9.700736860672922734e-01
1.750000000000000000e+01 4.038100409375801059e-01
1.791666666666666785e+01 -1.813160635812182397e-01
1.833333333333333215e+01 -7.512387084928398018e-01
1.875000000000000000e+01 -1.304764241728195273e+00
1.916666666666666785e+01 -1.847958622981843657e+00
1.958333333333333215e+01 -2.384568350542850990e+00
2.000000000000000000e+01 -2.914655576339745480e+00
2.041666666666666785e+01 -3.435017642884869993e+00
2.083333333333333215e+01 -3.939874212116119434e+00
2.125000000000000000e+01 -4.420887944216598697e+00
2.166666666666666785e+01 -4.868251083640563692e+00
2.208333333333333215e+01 -5.275787831882813528e+00
2.250000000000000000e+01 -5.648043742454968985e+00
2.291666666666666785e+01 -6.005442549467252533e+00
2.333333333333333215e+01 -6.376613723947302859e+00
2.375000000000000000e+01 -6.782477140355000600e+00
2.416666666666666785e+01 -7.211869560469921225e+00
2.458333333333333215e+01 -7.580311172908313466e+00
2.500000000000000000e+01 -7.684423550349197996e+00
2.541666666666666785e+01 -7.935702704492679338e+00
2.583333333333333215e+01 -8.408377824857723226e+00
2.625000000000000000e+01 -8.907954122799221608e+00
2.666666666666666785e+01 -9.383098964378227436e+00
2.708333333333333215e+01 -9.831128958458910105e+00
2.750000000000000000e+01 -1.026156539861979233e+01
2.791666666666666785e+01 -1.068579188866377550e+01
2.833333333333333215e+01 -1.111888014177971051e+01
2.875000000000000000e+01 -1.157927625046221642e+01
2.916666666666666785e+01 -1.207554050967482517e+01
2.958333333333333215e+01 -1.254115300802463118e+01
3.000000000000000000e+01 -1.272131000767064180e+01
3.041666666666666785e+01 -1.293102693311450579e+01
3.083333333333333215e+01 -1.334262507842424661e+01
3.125000000000000000e+01 -1.373773157136562162e+01
3.166666666666666785e+01 -1.408515887871661221e+01
3.208333333333333570e+01 -1.439965727881910951e+01
3.250000000000000000e+01 -1.466011116469804598e+01
3.291666666666666430e+01 -1.475930164222086027e+01
3.333333333333333570e+01 -1.484033810962343658e+01
3.375000000000000000e+01 -1.492140055263410048e+01
3.416666666666666430e+01 -1.500253747052523146e+01
3.458333333333333570e+01 -1.508377442410036551e+01
3.500000000000000000e+01 -1.516512055474122000e+01
3.541666666666666430e+01 -1.524657486518758454e+01
3.583333333333333570e+01 -1.532812940124231105e+01
3.625000000000000000e+01 -1.540978983938142122e+01
3.666666666666666430e+01 -1.549156613328517196e+01
3.708333333333333570e+01 -1.557347885738951199e+01
3.750000000000000000e+01 -1.565555759671488190e+01
3.791666666666666430e+01 -1.573784006401340108e+01
3.833333333333333570e+01 -1.582035598715625468e+01
3.875000000000000000e+01 -1.590310392973857745e+01
3.916666666666666430e+01 -1.598606980618087547e+01
3.958333333333333570e+01 -1.606922905856802331e+01
4.000000000000000000e+01 -1.598589572523468760e+01
