0.000000000000000000e+00 2.346907953215499631e+01
4.166666666666666852e-01 2.294962318551358393e+01
8.333333333333333703e-01 2.245409946644081245e+01
1.250000000000000000e+00 2.196827794788806898e+01
1.666666666666666741e+00 2.148212792675695226e+01
2.083333333333333481e+00 2.099219235709754727e+01
2.500000000000000000e+00 2.049868097129486699e+01
2.916666666666666519e+00 2.000239049537402991e+01
3.333333333333333481e+00 1.950326761065210590e+01
3.750000000000000000e+00 1.899996931687491397e+01
4.166666666666666963e+00 1.848901781412037337e+01
4.583333333333333037e+00 1.796802496507227076e+01
5.000000000000000000e+00 1.743699998077983793e+01
5.416666666666666963e+00 1.689722970134862123e+01
5.833333333333333037e+00 1.635050153711401322e+01
6.250000000000000000e+00 1.579846938584612559e+01
6.666666666666666963e+00 1.524243355980841486e+01
7.083333333333333037e+00 1.468306242531182271e+01
7.500000000000000000e+00 1.411822399992766819e+01
7.916666666666666963e+00 1.354506067668259028e+01
8.333333333333333925e+00 1.297826642879120840e+01
8.750000000000000000e+00 1.242313369005001533e+01
9.166666666666666075e+00 1.187220031402699938e+01
9.583333333333333925e+00 1.132168720337073431e+01
1.000000000000000000e+01 1.077095808962802614e+01
1.041666666666666607e+01 1.022033709164205995e+01
1.083333333333333393e+01 9.669615414003580156e+00
1.125000000000000000e+01 9.118212452704016258e+00
1.166666666666666607e+01 8.565998650096853240e+00
1.208333333333333393e+01 8.013712653213996617e+00
1.250000000000000000e+01 7.462344576444329469e+00
1.291666666666666607e+01 6.912099899005526460e+00
1.333333333333333393e+01 6.361803589748530108e+00
1.375000000000000000e+01 5.809844372562434245e+00
1.416666666666666607e+01 5.256319769542808551e+00
1.458333333333333393e+01 4.707950176584672519e+00
1.500000000000000000e+01 4.184635395671770119e+00
1.541666666666666607e+01 3.656051927559559545e+00
1.583333333333333393e+01 3.115356701645698667e+00
1.625000000000000000e+01 2.578872736456829795e+00
1.666666666666666785e+01 2.051655388128460711e+00
1.708333333333333215e+01 1.534517511628029185e+00
1.750000000000000000e+01 1.025725635140173786e+00
1.791666666666666785e+01 5.224584003798742327e-01
1.833333333333333215e+01 2.363841531330379553e-02
1.875000000000000000e+01 -4.702597177677896312e-01
1.916666666666666785e+01 -9.598529873080278163e-01
1.958333333333333215e+01 -1.446657732596157819e+00
2.000000000000000000e+01 -1.931752677083785619e+00
2.041666666666666785e+01 -2.415474856783718760e+00
2.083333333333333215e+01 -2.898792446231733155e+00
2.125000000000000000e+01 -3.382892307978133228e+00
2.166666666666666785e+01 -3.869662434286732289e+00
2.208333333333333215e+01 -4.359924749503327313e+00
2.250000000000000000e+01 -4.853029055499232136e+00
2.291666666666666785e+01 -5.348144725361042795e+00
2.333333333333333215e+01 -5.844986057146724256e+00
2.375000000000000000e+01 -6.341604051387313312e+00
2.416666666666666785e+01 -6.824097750639742443e+00
2.458333333333333215e+01 -7.254063626023096845e+00
2.500000000000000000e+01 -7.688171356023842939e+00
2.541666666666666785e+01 -8.150661219698958959e+00
2.583333333333333215e+01 -8.609399554473760929e+00
2.625000000000000000e+01 -9.055646097928097049e+00
2.666666666666666785e+01 -9.488103320263533647e+00
2.708333333333333215e+01 -9.907784091526025350e+00
2.750000000000000000e+01 -1.031746846657248007e+01
2.791666666666666785e+01 -1.072121115437835215e+01
2.833333333333333215e+01 -1.112083845887473288e+01
2.875000000000000000e+01 -1.151321608422838416e+01
2.916666666666666785e+01 -1.188720899639810646e+01
2.958333333333333215e+01 -1.221422213796453349e+01
3.000000000000000000e+01 -1.254274195714339335e+01
3.041666666666666785e+01 -1.289330308696131056e+01
3.083333333333333215e+01 -1.324084536128809120e+01
3.125000000000000000e+01 -1.357619647160190013e+01
3.166666666666666785e+01 -1.389653374519880380e+01
3.208333333333333570e+01 -1.418934529929478749e+01
3.250000000000000000e+01 -1.444418477524501476e+01
3.291666666666666430e+01 -1.454641871134528408e+01
3.333333333333333570e+01 -1.463017380700244630e+01
3.375000000000000000e+01 -1.471390255140405934e+01
3.416666666666666430e+01 -1.479758950106556448e+01
3.458333333333333570e+01 -1.488123542003893540e+01
3.500000000000000000e+01 -1.496484492501230079e+01
3.541666666666666430e+01 -1.504842133445667507e+01
3.583333333333333570e+01 -1.513196985579637577e+01
3.625000000000000000e+01 -1.521548715156724185e+01
3.666666666666666430e+01 -1.529897577118468632e+01
3.708333333333333570e+01 -1.538244027652868162e+01
3.750000000000000000e+01 -1.546588529850171589e+01
3.791666666666666430e+01 -1.554930808701556444e+01
3.833333333333333570e+01 -1.563270281718036614e+01
3.875000000000000000e+01 -1.571607558554156370e+01
3.916666666666666430e+01 -1.579942933760687929e+01
3.958333333333333570e+01 -1.588276987295069809e+01
4.000000000000000000e+01 -1.579943653961736594e+01
