0.000000000000000000e+00 2.415620998102322758e+01
4.166666666666666852e-01 2.354191947545821861e+01
8.333333333333333703e-01 2.297762011115468894e+01
1.250000000000000000e+00 2.242895707696095187e+01
1.666666666666666741e+00 2.186948355506154229e+01
2.083333333333333481e+00 2.129489005980618543e+01
2.500000000000000000e+00 2.071307383843320338e+01
2.916666666666666519e+00 2.012964680171123177e+01
3.333333333333333481e+00 1.954626560376577871e+01
3.750000000000000000e+00 1.896440980025041867e+01
4.166666666666666963e+00 1.838686656306627043e+01
4.583333333333333037e+00 1.781912690591573423e+01
5.000000000000000000e+00 1.726779845837232585e+01
5.416666666666666963e+00 1.673753424729020267e+01
5.833333333333333037e+00 1.623147812116046751e+01
6.250000000000000000e+00 1.575699363294090460e+01
6.666666666666666963e+00 1.535348450598636916e+01
7.083333333333333037e+00 1.530795185204658360e+01
7.500000000000000000e+00 1.496559374390228392e+01
7.916666666666666963e+00 1.454527238794643473e+01
8.333333333333333925e+00 1.404767388267057093e+01
8.750000000000000000e+00 1.350260584894844484e+01
9.166666666666666075e+00 1.292651182331404769e+01
9.583333333333333925e+00 1.232828975332594190e+01
1.000000000000000000e+01 1.171445611201981940e+01
1.041666666666666607e+01 1.108934129104993538e+01
1.083333333333333393e+01 1.045512509221809516e+01
1.125000000000000000e+01 9.814437852617814428e+00
1.166666666666666607e+01 9.169848761161254913e+00
1.208333333333333393e+01 8.523455692916588333e+00
1.250000000000000000e+01 7.877100223575236093e+00
1.291666666666666607e+01 7.230763119746186796e+00
1.333333333333333393e+01 6.582870873260826095e+00
1.375000000000000000e+01 5.929050427372858145e+00
1.416666666666666607e+01 5.259607945737728940e+00
1.458333333333333393e+01 4.564188479228167949e+00
1.500000000000000000e+01 3.847538936260243236e+00
1.541666666666666607e+01 3.176094459347234444e+00
1.583333333333333393e+01 2.619825718113916402e+00
1.625000000000000000e+01 2.521695952598273394e+00
1.666666666666666785e+01 1.908973735951088102e+00
1.708333333333333215e+01 1.266088151483645285e+00
1.750000000000000000e+01 6.453524356182867017e-01
1.791666666666666785e+01 4.740094942486589025e-02
1.833333333333333215e+01 -5.339243929280533818e-01
1.875000000000000000e+01 -1.102291489696641369e+00
1.916666666666666785e+01 -1.660692267506160391e+00
1.958333333333333215e+01 -2.212938104169177134e+00
2.000000000000000000e+01 -2.762803141864683898e+00
2.041666666666666785e+01 -3.310770328409747165e+00
2.083333333333333215e+01 -3.853148796226666839e+00
2.125000000000000000e+01 -4.382062762210066076e+00
2.166666666666666785e+01 -4.886357476137888511e+00
2.208333333333333215e+01 -5.354714308325245753e+00
2.250000000000000000e+01 -5.782110323043831102e+00
2.291666666666666785e+01 -6.172894870972739589e+00
2.333333333333333215e+01 -6.541472795335046442e+00
2.375000000000000000e+01 -6.906575107750366982e+00
2.416666666666666785e+01 -7.263972951971656045e+00
2.458333333333333215e+01 -7.561065700797518829e+00
2.500000000000000000e+01 -7.657922213698737934e+00
2.541666666666666785e+01 -8.113688336438119819e+00
2.583333333333333215e+01 -8.585460628679436823e+00
2.625000000000000000e+01 -9.042337529494263393e+00
2.666666666666666785e+01 -9.487779174256848691e+00
2.708333333333333215e+01 -9.925652447903793529e+00
2.750000000000000000e+01 -1.036026178948501197e+01
2.791666666666666785e+01 -1.079693089585089183e+01
2.833333333333333215e+01 -1.124702019475003567e+01
2.875000000000000000e+01 -1.172902019689733777e+01
2.916666666666666785e+01 -1.223712813096276086e+01
2.958333333333333215e+01 -1.268681996385985222e+01
3.000000000000000000e+01 -1.287769986412644130e+01
3.041666666666666785e+01 -1.308107496014637583e+01
3.083333333333333215e+01 -1.344011168342437124e+01
3.125000000000000000e+01 -1.380599624170269379e+01
3.166666666666666785e+01 -1.412390560596463551e+01
3.208333333333333570e+01 -1.422854182478208607e+01
3.250000000000000000e+01 -1.431105938068690797e+01
3.291666666666666430e+01 -1.439353462337794909e+01
3.333333333333333570e+01 -1.447598453969927235e+01
3.375000000000000000e+01 -1.455841091904446216e+01
3.416666666666666430e+01 -1.464080066524366330e+01
3.458333333333333570e+01 -1.472316221447351658e+01
3.500000000000000000e+01 -1.480551822173820575e+01
3.541666666666666430e+01 -1.488789906286160836e+01
3.583333333333333570e+01 -1.497033989794464404e+01
3.625000000000000000e+01 -1.505286063924910245e+01
3.666666666666666430e+01 -1.513547560853368346e+01
3.708333333333333570e+01 -1.521818719873534675e+01
3.750000000000000000e+01 -1.530098701231550251e+01
3.791666666666666430e+01 -1.538385592748171327e+01
3.833333333333333570e+01 -1.546677931447941745e+01
3.875000000000000000e+01 -1.554976966494373691e+01
3.916666666666666430e+01 -1.563284828242587388e+01
3.958333333333333570e+01 -1.571604374653495206e+01
4.000000000000000000e+01 -1.563271041320161991e+01
