0.000000000000000000e+00 1.209864792767575281e+01
4.166666666666666852e-01 1.140344720951919300e+01
8.333333333333333703e-01 1.071505462484140558e+01
1.250000000000000000e+00 1.005175674363577087e+01
1.666666666666666741e+00 9.414793971902849279e+00
2.083333333333333481e+00 8.799751935830755656e+00
2.500000000000000000e+00 8.203533564749607265e+00
2.916666666666666519e+00 7.621416251758532212e+00
3.333333333333333481e+00 7.045789117626025444e+00
3.750000000000000000e+00 6.480390480256724928e+00
4.166666666666666963e+00 6.000059231202906851e+00
4.583333333333333037e+00 5.717416424557796084e+00
5.000000000000000000e+00 5.530679477552507883e+00
5.416666666666666963e+00 5.167901834641596359e+00
5.833333333333333037e+00 4.815597514201700236e+00
6.250000000000000000e+00 4.483132022418313767e+00
6.666666666666666963e+00 4.165207783018337828e+00
7.083333333333333037e+00 3.862532424131561282e+00
7.500000000000000000e+00 3.575706685648116778e+00
7.916666666666666963e+00 3.304763199069340462e+00
8.333333333333333925e+00 3.049296071132982178e+00
8.750000000000000000e+00 2.808701418034075026e+00
9.166666666666666075e+00 2.582370963798338526e+00
9.583333333333333925e+00 2.369720871308231835e+00
1.000000000000000000e+01 2.170172975011300576e+00
1.041666666666666607e+01 1.983148150747787275e+00
1.083333333333333393e+01 1.808065276134358967e+00
1.125000000000000000e+01 1.644343970202044813e+00
1.166666666666666607e+01 1.491404533615579453e+00
1.208333333333333393e+01 1.348661796427612858e+00
1.250000000000000000e+01 1.215521392447731053e+00
1.291666666666666607e+01 1.091389222421767391e+00
1.333333333333333393e+01 9.756998832361549745e-01
1.375000000000000000e+01 8.680984480636875222e-01
1.416666666666666607e+01 7.687823983419717067e-01
1.458333333333333393e+01 6.800060264372701502e-01
1.500000000000000000e+01 6.095060402643086572e-01
1.541666666666666607e+01 5.445258421275693816e-01
1.583333333333333393e+01 4.767342224497322367e-01
1.625000000000000000e+01 4.098022817908699711e-01
1.666666666666666785e+01 3.454623863146032980e-01
1.708333333333333215e+01 2.835728658608141495e-01
1.750000000000000000e+01 2.238679984623110353e-01
1.791666666666666785e+01 1.659749015210871259e-01
1.833333333333333215e+01 1.095091063117555052e-01
1.875000000000000000e+01 5.408671843203472634e-02
1.916666666666666785e+01 -6.745448007445878358e-04
1.958333333333333215e+01 -5.515718404820239146e-02
2.000000000000000000e+01 -1.097448875525914164e-01
2.041666666666666785e+01 -1.648212964349708431e-01
2.083333333333333215e+01 -2.207677682615990233e-01
2.125000000000000000e+01 -2.779624663059541145e-01
2.166666666666666785e+01 -3.367835126639454613e-01
2.208333333333333215e+01 -3.976193898509287061e-01
2.250000000000000000e+01 -4.608882427539679472e-01
2.291666666666666785e+01 -5.270420917907367997e-01
2.333333333333333215e+01 -5.964112231392466601e-01
2.375000000000000000e+01 -6.683599136761446680e-01
2.416666666666666785e+01 -7.383275918662001169e-01
2.458333333333333215e+01 -7.911365585423069113e-01
2.500000000000000000e+01 -8.682303357269925970e-01
2.541666666666666785e+01 -9.647174076918578756e-01
2.583333333333333215e+01 -1.062402882899410761e+00
2.625000000000000000e+01 -1.164498926825381142e+00
2.666666666666666785e+01 -1.273952825605431771e+00
2.708333333333333215e+01 -1.391868596208869047e+00
2.750000000000000000e+01 -1.519016795208167014e+00
2.791666666666666785e+01 -1.656051838895195472e+00
2.833333333333333215e+01 -1.803611193381430722e+00
2.875000000000000000e+01 -1.962318552263624838e+00
2.916666666666666785e+01 -2.132621300533029896e+00
2.958333333333333215e+01 -2.314679010499481215e+00
3.000000000000000000e+01 -2.508564037899436272e+00
3.041666666666666785e+01 -2.714523773944453655e+00
3.083333333333333215e+01 -2.932947893951286300e+00
3.125000000000000000e+01 -3.164196319425507387e+00
3.166666666666666785e+01 -3.408546215221846420e+00
3.208333333333333570e+01 -3.666222352193505785e+00
3.250000000000000000e+01 -3.937508887120063417e+00
3.291666666666666430e+01 -4.222888748114132618e+00
3.333333333333333570e+01 -4.522844142770749976e+00
3.375000000000000000e+01 -4.835330501548199322e+00
3.416666666666666430e+01 -5.145869774397881180e+00
3.458333333333333570e+01 -5.408966850778123892e+00
3.500000000000000000e+01 -5.708740722029070902e+00
3.541666666666666430e+01 -6.061086245569054398e+00
3.583333333333333570e+01 -6.438366766148806875e+00
3.625000000000000000e+01 -6.827660832620692233e+00
3.666666666666666430e+01 -7.233662874968351808e+00
3.708333333333333570e+01 -7.655761584375766482e+00
3.750000000000000000e+01 -8.092469148014105329e+00
3.791666666666666430e+01 -8.542040815297625045e+00
3.833333333333333570e+01 -9.002558948769955549e+00
3.875000000000000000e+01 -9.471404717787439864e+00
3.916666666666666430e+01 -9.941158052263997291e+00
3.958333333333333570e+01 -1.046580206329903717e+01
4.000000000000000000e+01 -1.038246872996570502e+01
