0.000000000000000000e+00 2.274578473008662982e+01
4.166666666666666852e-01 2.219044094560359071e+01
8.333333333333333703e-01 2.163233275902405239e+01
1.250000000000000000e+00 2.107940238011164169e+01
1.666666666666666741e+00 2.054475970719088451e+01
2.083333333333333481e+00 2.002564112858906142e+01
2.500000000000000000e+00 1.950864313644570913e+01
2.916666666666666519e+00 1.898938295640059337e+01
3.333333333333333481e+00 1.846826968851362949e+01
3.750000000000000000e+00 1.794561992839604869e+01
4.166666666666666963e+00 1.742032867412385855e+01
4.583333333333333037e+00 1.688949447773568835e+01
5.000000000000000000e+00 1.635443297704010490e+01
5.416666666666666963e+00 1.582149571146884703e+01
5.833333333333333037e+00 1.529072170190553770e+01
6.250000000000000000e+00 1.475472290068259795e+01
6.666666666666666963e+00 1.421170832279614338e+01
7.083333333333333037e+00 1.366505819250932419e+01
7.500000000000000000e+00 1.311750393159997685e+01
7.916666666666666963e+00 1.257157652355338051e+01
8.333333333333333925e+00 1.202731441570728244e+01
8.750000000000000000e+00 1.148554137292117261e+01
9.166666666666666075e+00 1.094741768217934741e+01
9.583333333333333925e+00 1.041253104659823059e+01
1.000000000000000000e+01 9.881433405800368774e+00
1.041666666666666607e+01 9.354355073397336184e+00
1.083333333333333393e+01 8.829980464697490206e+00
1.125000000000000000e+01 8.307179158283593878e+00
1.166666666666666607e+01 7.785122764447314658e+00
1.208333333333333393e+01 7.263230649633806379e+00
1.250000000000000000e+01 6.742035437822800681e+00
1.291666666666666607e+01 6.222712451726632565e+00
1.333333333333333393e+01 5.707200630233768557e+00
1.375000000000000000e+01 5.198962203497346835e+00
1.416666666666666607e+01 4.698403898055008909e+00
1.458333333333333393e+01 4.204217826447369966e+00
1.500000000000000000e+01 3.717475859714959974e+00
1.541666666666666607e+01 3.238405326600724443e+00
1.583333333333333393e+01 2.765167859580580423e+00
1.625000000000000000e+01 2.296918152377591671e+00
1.666666666666666785e+01 1.834023820511163860e+00
1.708333333333333215e+01 1.377807037600523588e+00
1.750000000000000000e+01 9.284444140761974884e-01
1.791666666666666785e+01 4.829394345647738396e-01
1.833333333333333215e+01 3.611674792634153586e-02
1.875000000000000000e+01 -4.161715382980281097e-01
1.916666666666666785e+01 -8.762965733837868587e-01
1.958333333333333215e+01 -1.344681588029739139e+00
2.000000000000000000e+01 -1.820337251993759065e+00
2.041666666666666785e+01 -2.302076304012508956e+00
2.083333333333333215e+01 -2.786764789061822789e+00
2.125000000000000000e+01 -3.266752236343877680e+00
2.166666666666666785e+01 -3.729835311157179589e+00
2.208333333333333215e+01 -4.160489181232142286e+00
2.250000000000000000e+01 -4.543811119206765170e+00
2.291666666666666785e+01 -4.885662066255844316e+00
2.333333333333333215e+01 -5.263871898957206419e+00
2.375000000000000000e+01 -5.873132468132570061e+00
2.416666666666666785e+01 -6.410297845227354685e+00
2.458333333333333215e+01 -6.764656203707806625e+00
2.500000000000000000e+01 -7.099821473828255236e+00
2.541666666666666785e+01 -7.463938386605787123e+00
2.583333333333333215e+01 -7.853922769266418413e+00
2.625000000000000000e+01 -8.255508866067634344e+00
2.666666666666666785e+01 -8.656492594574769939e+00
2.708333333333333215e+01 -9.046344857797885552e+00
2.750000000000000000e+01 -9.414183576063191339e+00
2.791666666666666785e+01 -9.749322462022806945e+00
2.833333333333333215e+01 -1.005925675023359389e+01
2.875000000000000000e+01 -1.041979185455575951e+01
2.916666666666666785e+01 -1.102878604091126213e+01
2.958333333333333215e+01 -1.157025898165358413e+01
3.000000000000000000e+01 -1.194350183076343619e+01
3.041666666666666785e+01 -1.229661801542978239e+01
3.083333333333333215e+01 -1.266078065108277428e+01
3.125000000000000000e+01 -1.301697961908283574e+01
3.166666666666666785e+01 -1.336242811793035834e+01
3.208333333333333570e+01 -1.346718191189276759e+01
3.250000000000000000e+01 -1.355024965421703520e+01
3.291666666666666430e+01 -1.363335980796924396e+01
3.333333333333333570e+01 -1.371650025826041208e+01
3.375000000000000000e+01 -1.379964120192268417e+01
3.416666666666666430e+01 -1.388274282411000726e+01
3.458333333333333570e+01 -1.396579775004104285e+01
3.500000000000000000e+01 -1.404882124263748011e+01
3.541666666666666430e+01 -1.413184550943892148e+01
3.583333333333333570e+01 -1.421491084678925887e+01
3.625000000000000000e+01 -1.429803835255803968e+01
3.666666666666666430e+01 -1.438123480579292490e+01
3.708333333333333570e+01 -1.446448525046311318e+01
3.750000000000000000e+01 -1.454775818786959007e+01
3.791666666666666430e+01 -1.463101322055582720e+01
3.833333333333333570e+01 -1.471422449735951332e+01
3.875000000000000000e+01 -1.479740768772342641e+01
3.916666666666666430e+01 -1.488059864085236939e+01
3.958333333333333570e+01 -1.496384421232700390e+01
4.000000000000000000e+01 -1.488051087899367175e+01
