0.000000000000000000e+00 2.424238131808091268e+01
4.166666666666666852e-01 2.364810145399886565e+01
8.333333333333333703e-01 2.307314471845061377e+01
1.250000000000000000e+00 2.250506352307178659e+01
1.666666666666666741e+00 2.193185276826368479e+01
2.083333333333333481e+00 2.134902143294939947e+01
2.500000000000000000e+00 2.075886010161408635e+01
2.916666666666666519e+00 2.016396327858054249e+01
3.333333333333333481e+00 1.956497338173991096e+01
3.750000000000000000e+00 1.896256508203704172e+01
4.166666666666666963e+00 1.835880601668081624e+01
4.583333333333333037e+00 1.775673647906297958e+01
5.000000000000000000e+00 1.716073368863623472e+01
5.416666666666666963e+00 1.657795740539040352e+01
5.833333333333333037e+00 1.601803954346263126e+01
6.250000000000000000e+00 1.549161275025559270e+01
6.666666666666666963e+00 1.500975581157129568e+01
7.083333333333333037e+00 1.458219146410338851e+01
7.500000000000000000e+00 1.422461955371552200e+01
7.916666666666666963e+00 1.413970885962448243e+01
8.333333333333333925e+00 1.388020742117640616e+01
8.750000000000000000e+00 1.351102468699765602e+01
9.166666666666666075e+00 1.304122809764435331e+01
9.583333333333333925e+00 1.250485191460995260e+01
1.000000000000000000e+01 1.192902410667457502e+01
1.041666666666666607e+01 1.133032019418461722e+01
1.083333333333333393e+01 1.071826953755251743e+01
1.125000000000000000e+01 1.009806117046984753e+01
1.166666666666666607e+01 9.472572321182829214e+00
1.208333333333333393e+01 8.843176073774982271e+00
1.250000000000000000e+01 8.211543567704133295e+00
1.291666666666666607e+01 7.579196653746646639e+00
1.333333333333333393e+01 6.946218811222757417e+00
1.375000000000000000e+01 6.309802561386544717e+00
1.416666666666666607e+01 5.663703860401176904e+00
1.458333333333333393e+01 5.006832406870583618e+00
1.500000000000000000e+01 4.367820232344717724e+00
1.541666666666666607e+01 3.819222656629531532e+00
1.583333333333333393e+01 3.257924069580730553e+00
1.625000000000000000e+01 2.638403141816378472e+00
1.666666666666666785e+01 2.012386472759850609e+00
1.708333333333333215e+01 1.396857973338318848e+00
1.750000000000000000e+01 7.959072100122814852e-01
1.791666666666666785e+01 2.089294219378342032e-01
1.833333333333333215e+01 -3.660681330074597173e-01
1.875000000000000000e+01 -9.300586596800771710e-01
1.916666666666666785e+01 -1.482316312898419808e+00
1.958333333333333215e+01 -2.022968386223447546e+00
2.000000000000000000e+01 -2.552058456278646581e+00
2.041666666666666785e+01 -3.069516437065821446e+00
2.083333333333333215e+01 -3.574564982699993010e+00
2.125000000000000000e+01 -4.067156682007798452e+00
2.166666666666666785e+01 -4.547060755440469393e+00
2.208333333333333215e+01 -5.014894513251229924e+00
2.250000000000000000e+01 -5.475495068675893862e+00
2.291666666666666785e+01 -5.938272652278715924e+00
2.333333333333333215e+01 -6.413708238039959042e+00
2.375000000000000000e+01 -6.900541935629984636e+00
2.416666666666666785e+01 -7.364730892641939697e+00
2.458333333333333215e+01 -7.715167378823995392e+00
2.500000000000000000e+01 -8.108016873031751004e+00
2.541666666666666785e+01 -8.592010046540867307e+00
2.583333333333333215e+01 -9.078087029736291669e+00
2.625000000000000000e+01 -9.536893729856171120e+00
2.666666666666666785e+01 -9.970451103309061480e+00
2.708333333333333215e+01 -1.039015171948112304e+01
2.750000000000000000e+01 -1.080083388029756186e+01
2.791666666666666785e+01 -1.120410745346972803e+01
2.833333333333333215e+01 -1.160784559567964891e+01
2.875000000000000000e+01 -1.202407076261504848e+01
2.916666666666666785e+01 -1.243165346090750489e+01
2.958333333333333215e+01 -1.274794352067112158e+01
3.000000000000000000e+01 -1.306486216716171533e+01
3.041666666666666785e+01 -1.343821679508252664e+01
3.083333333333333215e+01 -1.379522356290526375e+01
3.125000000000000000e+01 -1.411578751743808269e+01
3.166666666666666785e+01 -1.421988600449522799e+01
3.208333333333333570e+01 -1.430073097741620280e+01
3.250000000000000000e+01 -1.438149407583783734e+01
3.291666666666666430e+01 -1.446223158063570047e+01
3.333333333333333570e+01 -1.454298052624525006e+01
3.375000000000000000e+01 -1.462376674178454827e+01
3.416666666666666430e+01 -1.470461712818621436e+01
3.458333333333333570e+01 -1.478554134350993898e+01
3.500000000000000000e+01 -1.486654699788831024e+01
3.541666666666666430e+01 -1.494764594630937182e+01
3.583333333333333570e+01 -1.502885129748127291e+01
3.625000000000000000e+01 -1.511018686958828994e+01
3.666666666666666430e+01 -1.519167261856758522e+01
3.708333333333333570e+01 -1.527332726569966503e+01
3.750000000000000000e+01 -1.535516892731503802e+01
3.791666666666666430e+01 -1.543722143292533389e+01
3.833333333333333570e+01 -1.551951010842405587e+01
3.875000000000000000e+01 -1.560204714535560555e+01
3.916666666666666430e+01 -1.568484524921283452e+01
3.958333333333333570e+01 -1.576791068129644202e+01
4.000000000000000000e+01 -1.568457734796310987e+01
