0.000000000000000000e+00 2.557824735626586588e+01
4.166666666666666852e-01 2.492333093367322050e+01
8.333333333333333703e-01 2.432402901988170996e+01
1.250000000000000000e+00 2.373808760521761130e+01
1.666666666666666741e+00 2.313271231511932058e+01
2.083333333333333481e+00 2.250275057953158608e+01
2.500000000000000000e+00 2.185845888559212469e+01
2.916666666666666519e+00 2.120650046642979447e+01
3.333333333333333481e+00 2.054910497248208046e+01
3.750000000000000000e+00 1.988960913751495241e+01
4.166666666666666963e+00 1.923144935670538302e+01
4.583333333333333037e+00 1.858026414164587337e+01
5.000000000000000000e+00 1.794457677190485612e+01
5.416666666666666963e+00 1.732863298886854508e+01
5.833333333333333037e+00 1.672102908611490690e+01
6.250000000000000000e+00 1.608808556493956132e+01
6.666666666666666963e+00 1.539985463330219773e+01
7.083333333333333037e+00 1.487663251759989080e+01
7.500000000000000000e+00 1.448392008964670552e+01
7.916666666666666963e+00 1.407711662182629908e+01
8.333333333333333925e+00 1.360810517968703515e+01
8.750000000000000000e+00 1.307088594264381776e+01
9.166666666666666075e+00 1.249137944213792828e+01
9.583333333333333925e+00 1.188485526604432785e+01
1.000000000000000000e+01 1.125847450877443912e+01
1.041666666666666607e+01 1.061610005551050229e+01
1.083333333333333393e+01 9.962859944687753710e+00
1.125000000000000000e+01 9.304889210509584174e+00
1.166666666666666607e+01 8.647066885266159630e+00
1.208333333333333393e+01 7.992322332022578912e+00
1.250000000000000000e+01 7.340447792354918732e+00
1.291666666666666607e+01 6.688057668013418500e+00
1.333333333333333393e+01 6.026057279435790726e+00
1.375000000000000000e+01 5.338097362797666889e+00
1.416666666666666607e+01 4.609824378206258899e+00
1.458333333333333393e+01 3.868023266236951585e+00
1.500000000000000000e+01 3.128869633159296004e+00
1.541666666666666607e+01 2.360995284654997750e+00
1.583333333333333393e+01 1.634345371306966666e+00
1.625000000000000000e+01 9.419448573471906894e-01
1.666666666666666785e+01 5.088235474528963742e-01
1.708333333333333215e+01 4.766102855391984860e-02
1.750000000000000000e+01 -5.476954798757219800e-01
1.791666666666666785e+01 -1.140524370294697221e+00
1.833333333333333215e+01 -1.703398755066578119e+00
1.875000000000000000e+01 -2.240509170196782307e+00
1.916666666666666785e+01 -2.760568641944541213e+00
1.958333333333333215e+01 -3.269586858753541048e+00
2.000000000000000000e+01 -3.770341074137379511e+00
2.041666666666666785e+01 -4.263859674747153328e+00
2.083333333333333215e+01 -4.750360598145557667e+00
2.125000000000000000e+01 -5.229050190150862143e+00
2.166666666666666785e+01 -5.697085383166532679e+00
2.208333333333333215e+01 -6.148930504572232891e+00
2.250000000000000000e+01 -6.577260141950471706e+00
2.291666666666666785e+01 -6.977171314169444472e+00
2.333333333333333215e+01 -7.355955502581863925e+00
2.375000000000000000e+01 -7.735056535614626583e+00
2.416666666666666785e+01 -8.130122719014545751e+00
2.458333333333333215e+01 -8.478525171293281204e+00
2.500000000000000000e+01 -8.572152605026470695e+00
2.541666666666666785e+01 -8.777688518563632414e+00
2.583333333333333215e+01 -9.185631715603129521e+00
2.625000000000000000e+01 -9.626533726565181581e+00
2.666666666666666785e+01 -1.006439717076415619e+01
2.708333333333333215e+01 -1.049350065430586021e+01
2.750000000000000000e+01 -1.091119558364235864e+01
2.791666666666666785e+01 -1.133681286000432209e+01
2.833333333333333215e+01 -1.178402998444694560e+01
2.875000000000000000e+01 -1.221221694636754762e+01
2.916666666666666785e+01 -1.257928305778991707e+01
2.958333333333333215e+01 -1.266714002210317069e+01
3.000000000000000000e+01 -1.274336596981115122e+01
3.041666666666666785e+01 -1.281975022327650393e+01
3.083333333333333215e+01 -1.289630317580325070e+01
3.125000000000000000e+01 -1.297306679966412446e+01
3.166666666666666785e+01 -1.305008370327593781e+01
3.208333333333333570e+01 -1.312738166538602869e+01
3.250000000000000000e+01 -1.320497757458144505e+01
3.291666666666666430e+01 -1.328287943253478609e+01
3.333333333333333570e+01 -1.336108664086070341e+01
3.375000000000000000e+01 -1.343958940832985860e+01
3.416666666666666430e+01 -1.351836658049457185e+01
3.458333333333333570e+01 -1.359741588742752505e+01
3.500000000000000000e+01 -1.367674405586189579e+01
3.541666666666666430e+01 -1.375636149626744675e+01
3.583333333333333570e+01 -1.383628369218379106e+01
3.625000000000000000e+01 -1.391651758078135614e+01
3.666666666666666430e+01 -1.399707447964299689e+01
3.708333333333333570e+01 -1.407796469129226402e+01
3.750000000000000000e+01 -1.415919533369178751e+01
3.791666666666666430e+01 -1.424076391825063048e+01
3.833333333333333570e+01 -1.432266538596266336e+01
3.875000000000000000e+01 -1.440490952469281716e+01
3.916666666666666430e+01 -1.448750509696363054e+01
3.958333333333333570e+01 -1.457046444767428994e+01
4.000000000000000000e+01 -1.448713111434095779e+01
