0.000000000000000000e+00 2.408021851095376675e+01
4.166666666666666852e-01 2.352945754396960965e+01
8.333333333333333703e-01 2.299319713390494613e+01
1.250000000000000000e+00 2.245794224452739840e+01
1.666666666666666741e+00 2.191451670690062770e+01
2.083333333333333481e+00 2.136241457585403225e+01
2.500000000000000000e+00 2.080497027215855610e+01
2.916666666666666519e+00 2.024402520149671503e+01
3.333333333333333481e+00 1.967993483016809364e+01
3.750000000000000000e+00 1.911304795573016690e+01
4.166666666666666963e+00 1.854399622521684776e+01
4.583333333333333037e+00 1.797369969491216679e+01
5.000000000000000000e+00 1.740306681853517290e+01
5.416666666666666963e+00 1.683163653822095895e+01
5.833333333333333037e+00 1.625814746409778522e+01
6.250000000000000000e+00 1.568162679290540140e+01
6.666666666666666963e+00 1.509273749308064971e+01
7.083333333333333037e+00 1.447600735541480255e+01
7.500000000000000000e+00 1.388302844979095774e+01
7.916666666666666963e+00 1.331368152627109502e+01
8.333333333333333925e+00 1.274603262807086601e+01
8.750000000000000000e+00 1.217142149237948345e+01
9.166666666666666075e+00 1.159129626125286450e+01
9.583333333333333925e+00 1.100785205371387221e+01
1.000000000000000000e+01 1.042199590290549516e+01
1.041666666666666607e+01 9.834470012374573855e+00
1.083333333333333393e+01 9.246038878914516701e+00
1.125000000000000000e+01 8.656832666261760068e+00
1.166666666666666607e+01 8.066225156941268182e+00
1.208333333333333393e+01 7.472714689050400594e+00
1.250000000000000000e+01 6.873963869017368111e+00
1.291666666666666607e+01 6.266776755169998658e+00
1.333333333333333393e+01 5.647447460050886825e+00
1.375000000000000000e+01 5.016862497066473914e+00
1.416666666666666607e+01 4.409699846212642882e+00
1.458333333333333393e+01 3.851109358879695854e+00
1.500000000000000000e+01 3.313108615512544652e+00
1.541666666666666607e+01 2.871800811915395268e+00
1.583333333333333393e+01 2.406955063296353448e+00
1.625000000000000000e+01 1.884260738418532588e+00
1.666666666666666785e+01 1.341430656155486734e+00
1.708333333333333215e+01 7.922123136777712293e-01
1.750000000000000000e+01 2.414976170649236198e-01
1.791666666666666785e+01 -3.092411355474536383e-01
1.833333333333333215e+01 -8.591847865014726748e-01
1.875000000000000000e+01 -1.407646285402476050e+00
1.916666666666666785e+01 -1.954020849102877211e+00
1.958333333333333215e+01 -2.497655058956212315e+00
2.000000000000000000e+01 -3.037822245645840358e+00
2.041666666666666785e+01 -3.573925819926766501e+00
2.083333333333333215e+01 -4.105454568757900269e+00
2.125000000000000000e+01 -4.631122595289184574e+00
2.166666666666666785e+01 -5.148028818793891404e+00
2.208333333333333215e+01 -5.650719902040199472e+00
2.250000000000000000e+01 -6.121234132139635520e+00
2.291666666666666785e+01 -6.555676252329915243e+00
2.333333333333333215e+01 -6.973883333805711793e+00
2.375000000000000000e+01 -7.337926948190396814e+00
2.416666666666666785e+01 -7.624685749989446037e+00
2.458333333333333215e+01 -7.718100972192457832e+00
2.500000000000000000e+01 -8.077182828147835281e+00
2.541666666666666785e+01 -8.472867938621085671e+00
2.583333333333333215e+01 -8.887770679120093220e+00
2.625000000000000000e+01 -9.319301467963933661e+00
2.666666666666666785e+01 -9.755480884073469028e+00
2.708333333333333215e+01 -1.018537728044676705e+01
2.750000000000000000e+01 -1.061807097562480884e+01
2.791666666666666785e+01 -1.106120194835596848e+01
2.833333333333333215e+01 -1.149567205648622448e+01
2.875000000000000000e+01 -1.188380066610849184e+01
2.916666666666666785e+01 -1.220955942864061150e+01
2.958333333333333215e+01 -1.230763572891868485e+01
3.000000000000000000e+01 -1.239301564661709243e+01
3.041666666666666785e+01 -1.247828114660524967e+01
3.083333333333333215e+01 -1.256342195398283756e+01
3.125000000000000000e+01 -1.264840615766798315e+01
3.166666666666666785e+01 -1.273320821887178411e+01
3.208333333333333570e+01 -1.281782138227217160e+01
3.250000000000000000e+01 -1.290225102798876833e+01
3.291666666666666430e+01 -1.298651065953759876e+01
3.333333333333333570e+01 -1.307062046331645000e+01
3.375000000000000000e+01 -1.315460763987364778e+01
3.416666666666666430e+01 -1.323850894762689911e+01
3.458333333333333570e+01 -1.332234120668553601e+01
3.500000000000000000e+01 -1.340611182254562905e+01
3.541666666666666430e+01 -1.348982445377229844e+01
3.583333333333333570e+01 -1.357347774725790046e+01
3.625000000000000000e+01 -1.365707876866550308e+01
3.666666666666666430e+01 -1.374062988108815908e+01
3.708333333333333570e+01 -1.382413381995330148e+01
3.750000000000000000e+01 -1.390759560799253691e+01
3.791666666666666430e+01 -1.399102878884058931e+01
3.833333333333333570e+01 -1.407444832824888969e+01
3.875000000000000000e+01 -1.415785309581141860e+01
3.916666666666666430e+01 -1.424124139578116477e+01
3.958333333333333570e+01 -1.432460597908012723e+01
4.000000000000000000e+01 -1.424127264574679508e+01
