0.000000000000000000e+00 2.384991063900066521e+01
4.166666666666666852e-01 2.341251496929692522e+01
8.333333333333333703e-01 2.292412500305151823e+01
1.250000000000000000e+00 2.241505169423966493e+01
1.666666666666666741e+00 2.190933855805317876e+01
2.083333333333333481e+00 2.141126878534868183e+01
2.500000000000000000e+00 2.091357554293763599e+01
2.916666666666666519e+00 2.041235237547196135e+01
3.333333333333333481e+00 1.990766548127619728e+01
3.750000000000000000e+00 1.939918338051222690e+01
4.166666666666666963e+00 1.888587679381313933e+01
4.583333333333333037e+00 1.836621493437203156e+01
5.000000000000000000e+00 1.783790556356480650e+01
5.416666666666666963e+00 1.730040720130157439e+01
5.833333333333333037e+00 1.675646383424737706e+01
6.250000000000000000e+00 1.620620811559541607e+01
6.666666666666666963e+00 1.565018935777668219e+01
7.083333333333333037e+00 1.511428351630521227e+01
7.500000000000000000e+00 1.463422305460671602e+01
7.916666666666666963e+00 1.410489033208518705e+01
8.333333333333333925e+00 1.351820161548297783e+01
8.750000000000000000e+00 1.292444173510648930e+01
9.166666666666666075e+00 1.234286390746162176e+01
9.583333333333333925e+00 1.177073645128586676e+01
1.000000000000000000e+01 1.120268375162389063e+01
1.041666666666666607e+01 1.063596637004081913e+01
1.083333333333333393e+01 1.006856821965020821e+01
1.125000000000000000e+01 9.498640503219180076e+00
1.166666666666666607e+01 8.925489442008656127e+00
1.208333333333333393e+01 8.349764063403572578e+00
1.250000000000000000e+01 7.774135290425380873e+00
1.291666666666666607e+01 7.203450326358087352e+00
1.333333333333333393e+01 6.644569490451977423e+00
1.375000000000000000e+01 6.105475193424891422e+00
1.416666666666666607e+01 5.584242914491658993e+00
1.458333333333333393e+01 5.037608555089535756e+00
1.500000000000000000e+01 4.360055824993889217e+00
1.541666666666666607e+01 3.703909904934846509e+00
1.583333333333333393e+01 3.131188388014949364e+00
1.625000000000000000e+01 2.570706809709881302e+00
1.666666666666666785e+01 2.004339209953286627e+00
1.708333333333333215e+01 1.428845081365785141e+00
1.750000000000000000e+01 8.441700762233362854e-01
1.791666666666666785e+01 2.521618939935884596e-01
1.833333333333333215e+01 -3.431801000544398295e-01
1.875000000000000000e+01 -9.373702406381847485e-01
1.916666666666666785e+01 -1.525558863164002910e+00
1.958333333333333215e+01 -2.102448610311403954e+00
2.000000000000000000e+01 -2.664066258127282705e+00
2.041666666666666785e+01 -3.211229923918227591e+00
2.083333333333333215e+01 -3.749502003039078435e+00
2.125000000000000000e+01 -4.286897570681627023e+00
2.166666666666666785e+01 -4.825694436544054611e+00
2.208333333333333215e+01 -5.358321731249787057e+00
2.250000000000000000e+01 -5.870783557587582635e+00
2.291666666666666785e+01 -6.345362905260562236e+00
2.333333333333333215e+01 -6.757415511924619977e+00
2.375000000000000000e+01 -7.074309446842947047e+00
2.416666666666666785e+01 -7.291056298222311938e+00
2.458333333333333215e+01 -7.404332472949956667e+00
2.500000000000000000e+01 -7.667576013680299951e+00
2.541666666666666785e+01 -7.997422302752438483e+00
2.583333333333333215e+01 -8.376840978069433064e+00
2.625000000000000000e+01 -8.800816398274440289e+00
2.666666666666666785e+01 -9.260683214327611879e+00
2.708333333333333215e+01 -9.744448780857171144e+00
2.750000000000000000e+01 -1.023859816347740193e+01
2.791666666666666785e+01 -1.074187633306609335e+01
2.833333333333333215e+01 -1.126628718906860804e+01
2.875000000000000000e+01 -1.179288172371600751e+01
2.916666666666666785e+01 -1.228795252729743126e+01
2.958333333333333215e+01 -1.240091823741454213e+01
3.000000000000000000e+01 -1.293249183896534582e+01
3.041666666666666785e+01 -1.347625888317401532e+01
3.083333333333333215e+01 -1.396313148770222412e+01
3.125000000000000000e+01 -1.409143968834513139e+01
3.166666666666666785e+01 -1.418897838857479243e+01
3.208333333333333570e+01 -1.428617409388726678e+01
3.250000000000000000e+01 -1.438294375543496706e+01
3.291666666666666430e+01 -1.447920670531706655e+01
3.333333333333333570e+01 -1.457488412252220300e+01
3.375000000000000000e+01 -1.466989794874686837e+01
3.416666666666666430e+01 -1.476416937473442381e+01
3.458333333333333570e+01 -1.485765117831199689e+01
3.500000000000000000e+01 -1.495031822956399914e+01
3.541666666666666430e+01 -1.504216105111978941e+01
3.583333333333333570e+01 -1.513318475602624780e+01
3.625000000000000000e+01 -1.522339191348341458e+01
3.666666666666666430e+01 -1.531279304936223795e+01
3.708333333333333570e+01 -1.540139928896504173e+01
3.750000000000000000e+01 -1.548921961326271735e+01
3.791666666666666430e+01 -1.557625505537545330e+01
3.833333333333333570e+01 -1.566250733268290496e+01
3.875000000000000000e+01 -1.574799708109649998e+01
3.916666666666666430e+01 -1.583274598471758665e+01
3.958333333333333570e+01 -1.591677842092433615e+01
4.000000000000000000e+01 -1.583344508759100400e+01
