0.000000000000000000e+00 2.500947915187110837e+01
4.166666666666666852e-01 2.443376551951089226e+01
8.333333333333333703e-01 2.388485227136636979e+01
1.250000000000000000e+00 2.334924976195144453e+01
1.666666666666666741e+00 2.281432147223078744e+01
2.083333333333333481e+00 2.227593664250647265e+01
2.500000000000000000e+00 2.173681242717459838e+01
2.916666666666666519e+00 2.119928327411021129e+01
3.333333333333333481e+00 2.066326919054638722e+01
3.750000000000000000e+00 2.012788531017712046e+01
4.166666666666666963e+00 1.959118092417744705e+01
4.583333333333333037e+00 1.905010542619383074e+01
5.000000000000000000e+00 1.850058236300546355e+01
5.416666666666666963e+00 1.793667246553230044e+01
5.833333333333333037e+00 1.734801784884385967e+01
6.250000000000000000e+00 1.671537901809541182e+01
6.666666666666666963e+00 1.600601817131603610e+01
7.083333333333333037e+00 1.521224306882916188e+01
7.500000000000000000e+00 1.430807433918162630e+01
7.916666666666666963e+00 1.347117275527961056e+01
8.333333333333333925e+00 1.271221030475098601e+01
8.750000000000000000e+00 1.202222875038529715e+01
9.166666666666666075e+00 1.138178996900056461e+01
9.583333333333333925e+00 1.077478929230388971e+01
1.000000000000000000e+01 1.019105807659236440e+01
1.041666666666666607e+01 9.622894230720842046e+00
1.083333333333333393e+01 9.062821850152822378e+00
1.125000000000000000e+01 8.504460652750973182e+00
1.166666666666666607e+01 7.945570441145880736e+00
1.208333333333333393e+01 7.386870291933098187e+00
1.250000000000000000e+01 6.829712278290045013e+00
1.291666666666666607e+01 6.276265830554115688e+00
1.333333333333333393e+01 5.728127048999077431e+00
1.375000000000000000e+01 5.185617811270828881e+00
1.416666666666666607e+01 4.645760235189301923e+00
1.458333333333333393e+01 4.101586876169581508e+00
1.500000000000000000e+01 3.555658267998907718e+00
1.541666666666666607e+01 3.049229319436935093e+00
1.583333333333333393e+01 2.673207209669196782e+00
1.625000000000000000e+01 2.259664648301077161e+00
1.666666666666666785e+01 1.766436830565023097e+00
1.708333333333333215e+01 1.258631951500430279e+00
1.750000000000000000e+01 7.527797726191877148e-01
1.791666666666666785e+01 2.488328591299544534e-01
1.833333333333333215e+01 -2.577718328373842516e-01
1.875000000000000000e+01 -7.686264892010956640e-01
1.916666666666666785e+01 -1.281635026362529350e+00
1.958333333333333215e+01 -1.792727830820020962e+00
2.000000000000000000e+01 -2.295703357440575854e+00
2.041666666666666785e+01 -2.784279630974742847e+00
2.083333333333333215e+01 -3.253798493749735510e+00
2.125000000000000000e+01 -3.704892627386543680e+00
2.166666666666666785e+01 -4.144448421512409553e+00
2.208333333333333215e+01 -4.584402852376193493e+00
2.250000000000000000e+01 -5.035629302137807350e+00
2.291666666666666785e+01 -5.502910050689415300e+00
2.333333333333333215e+01 -5.986863423718604693e+00
2.375000000000000000e+01 -6.480933099146484189e+00
2.416666666666666785e+01 -6.946750857071558372e+00
2.458333333333333215e+01 -7.273302379966316344e+00
2.500000000000000000e+01 -7.645384557503833278e+00
2.541666666666666785e+01 -8.132262475693838866e+00
2.583333333333333215e+01 -8.629826787048804349e+00
2.625000000000000000e+01 -9.107389325248261613e+00
2.666666666666666785e+01 -9.562960587435773263e+00
2.708333333333333215e+01 -1.000005191070007449e+01
2.750000000000000000e+01 -1.042116619323967619e+01
2.791666666666666785e+01 -1.083217995457613902e+01
2.833333333333333215e+01 -1.125007477192284000e+01
2.875000000000000000e+01 -1.169080237742828565e+01
2.916666666666666785e+01 -1.214401571238344246e+01
2.958333333333333215e+01 -1.255872303134389512e+01
3.000000000000000000e+01 -1.283827308293652969e+01
3.041666666666666785e+01 -1.311081175868860704e+01
3.083333333333333215e+01 -1.346579505138947219e+01
3.125000000000000000e+01 -1.382880695937732085e+01
3.166666666666666785e+01 -1.416129655139859800e+01
3.208333333333333570e+01 -1.445008082310058839e+01
3.250000000000000000e+01 -1.455634976482982523e+01
3.291666666666666430e+01 -1.464150329247049953e+01
3.333333333333333570e+01 -1.472661377028935625e+01
3.375000000000000000e+01 -1.481166805676815912e+01
3.416666666666666430e+01 -1.489663768763777796e+01
3.458333333333333570e+01 -1.498150991877434635e+01
3.500000000000000000e+01 -1.506627885222922458e+01
3.541666666666666430e+01 -1.515094112535974169e+01
3.583333333333333570e+01 -1.523549811622907235e+01
3.625000000000000000e+01 -1.531994282442934185e+01
3.666666666666666430e+01 -1.540427336503440792e+01
3.708333333333333570e+01 -1.548848794010603314e+01
3.750000000000000000e+01 -1.557258305959601152e+01
3.791666666666666430e+01 -1.565654752456225651e+01
3.833333333333333570e+01 -1.574036992079453512e+01
3.875000000000000000e+01 -1.582405623431746555e+01
3.916666666666666430e+01 -1.590761348345891335e+01
3.958333333333333570e+01 -1.599105363690611625e+01
4.000000000000000000e+01 -1.590772030357278410e+01
