0.000000000000000000e+00 2.287233226642976192e+01
4.166666666666666852e-01 2.233793577038099443e+01
8.333333333333333703e-01 2.183860009642683053e+01
1.250000000000000000e+00 2.135009031934822943e+01
1.666666666666666741e+00 2.086184817418903137e+01
2.083333333333333481e+00 2.037043605426048032e+01
2.500000000000000000e+00 1.987310471120980182e+01
2.916666666666666519e+00 1.936938310583941458e+01
3.333333333333333481e+00 1.886046424616563755e+01
3.750000000000000000e+00 1.834712252575890545e+01
4.166666666666666963e+00 1.782953935836255965e+01
4.583333333333333037e+00 1.730800788844094029e+01
5.000000000000000000e+00 1.678291444186915626e+01
5.416666666666666963e+00 1.625473672908288592e+01
5.833333333333333037e+00 1.572582746545083765e+01
6.250000000000000000e+00 1.520178195735822158e+01
6.666666666666666963e+00 1.468968535590846258e+01
7.083333333333333037e+00 1.419578598775505718e+01
7.500000000000000000e+00 1.372113305026816121e+01
7.916666666666666963e+00 1.325743323384297057e+01
8.333333333333333925e+00 1.278973430144584356e+01
8.750000000000000000e+00 1.236015630452321545e+01
9.166666666666666075e+00 1.191928876997465636e+01
9.583333333333333925e+00 1.146066275746918350e+01
1.000000000000000000e+01 1.098079366505280241e+01
1.041666666666666607e+01 1.047899608924165626e+01
1.083333333333333393e+01 9.958030298752373000e+00
1.125000000000000000e+01 9.425005607491167225e+00
1.166666666666666607e+01 8.887806362205617816e+00
1.208333333333333393e+01 8.352160905789128620e+00
1.250000000000000000e+01 7.820283798528794073e+00
1.291666666666666607e+01 7.290982062855450252e+00
1.333333333333333393e+01 6.761170267533570311e+00
1.375000000000000000e+01 6.231562346678578557e+00
1.416666666666666607e+01 5.715152655165312900e+00
1.458333333333333393e+01 5.241687008518753466e+00
1.500000000000000000e+01 4.752637308912276204e+00
1.541666666666666607e+01 4.236535313663959634e+00
1.583333333333333393e+01 3.712033077697617145e+00
1.625000000000000000e+01 3.185523876009771271e+00
1.666666666666666785e+01 2.660564349441553400e+00
1.708333333333333215e+01 2.138956019117333796e+00
1.750000000000000000e+01 1.622262201265292525e+00
1.791666666666666785e+01 1.110831142549520978e+00
1.833333333333333215e+01 6.046380660061634327e-01
1.875000000000000000e+01 1.039882200139899127e-01
1.916666666666666785e+01 -3.908241066010825771e-01
1.958333333333333215e+01 -8.794479030336067593e-01
2.000000000000000000e+01 -1.364241689938597180e+00
2.041666666666666785e+01 -1.849482041764927143e+00
2.083333333333333215e+01 -2.337468370301531539e+00
2.125000000000000000e+01 -2.825600696060197592e+00
2.166666666666666785e+01 -3.309831306246028948e+00
2.208333333333333215e+01 -3.789843576441394912e+00
2.250000000000000000e+01 -4.268829218393527469e+00
2.291666666666666785e+01 -4.752910789827963001e+00
2.333333333333333215e+01 -5.247048778549497250e+00
2.375000000000000000e+01 -5.748783089226496834e+00
2.416666666666666785e+01 -6.233749025067045757e+00
2.458333333333333215e+01 -6.644482104259492594e+00
2.500000000000000000e+01 -7.064268630655792691e+00
2.541666666666666785e+01 -7.525889805934484755e+00
2.583333333333333215e+01 -7.985682102091757883e+00
2.625000000000000000e+01 -8.432545030855681745e+00
2.666666666666666785e+01 -8.866020311490968808e+00
2.708333333333333215e+01 -9.288237651940194795e+00
2.750000000000000000e+01 -9.701957682777610614e+00
2.791666666666666785e+01 -1.011150346040055403e+01
2.833333333333333215e+01 -1.052215996200241399e+01
2.875000000000000000e+01 -1.093500460272884922e+01
2.916666666666666785e+01 -1.133289090577087954e+01
2.958333333333333215e+01 -1.166256736515819803e+01
3.000000000000000000e+01 -1.202073215557402719e+01
3.041666666666666785e+01 -1.244380073646480156e+01
3.083333333333333215e+01 -1.287266882180547967e+01
3.125000000000000000e+01 -1.328505339225985971e+01
3.166666666666666785e+01 -1.368374744292245460e+01
3.208333333333333570e+01 -1.407694140168696961e+01
3.250000000000000000e+01 -1.446054076679540401e+01
3.291666666666666430e+01 -1.483546140540419778e+01
3.333333333333333570e+01 -1.520615551200668314e+01
3.375000000000000000e+01 -1.554580463100904453e+01
3.416666666666666430e+01 -1.578648299344211559e+01
3.458333333333333570e+01 -1.589817521231390351e+01
3.500000000000000000e+01 -1.598141291005120834e+01
3.541666666666666430e+01 -1.606467661305347150e+01
3.583333333333333570e+01 -1.614793820684155889e+01
3.625000000000000000e+01 -1.623118413217220990e+01
3.666666666666666430e+01 -1.631440776808647541e+01
3.708333333333333570e+01 -1.639761664071530589e+01
3.750000000000000000e+01 -1.648083044311323775e+01
3.791666666666666430e+01 -1.656407884786240459e+01
3.833333333333333570e+01 -1.664738373140349026e+01
3.875000000000000000e+01 -1.673073501116443396e+01
3.916666666666666430e+01 -1.681410970268651894e+01
3.958333333333333570e+01 -1.689747557712642845e+01
4.000000000000000000e+01 -1.681414224379309275e+01
