0.000000000000000000e+00 2.375545137208003510e+01
4.166666666666666852e-01 2.326431785692272314e+01
8.333333333333333703e-01 2.269958552417459074e+01
1.250000000000000000e+00 2.211459900873032680e+01
1.666666666666666741e+00 2.154110499531405409e+01
2.083333333333333481e+00 2.097642839786776392e+01
2.500000000000000000e+00 2.041055782080752223e+01
2.916666666666666519e+00 1.984076506319698296e+01
3.333333333333333481e+00 1.926610994741735539e+01
3.750000000000000000e+00 1.868462850887084059e+01
4.166666666666666963e+00 1.809213962877630877e+01
4.583333333333333037e+00 1.749129466720359360e+01
5.000000000000000000e+00 1.689256449189625897e+01
5.416666666666666963e+00 1.629871376684913287e+01
5.833333333333333037e+00 1.570081318002651116e+01
6.250000000000000000e+00 1.509431278737769944e+01
6.666666666666666963e+00 1.448000380680775834e+01
7.083333333333333037e+00 1.386042780066997260e+01
7.500000000000000000e+00 1.324769511708873537e+01
7.916666666666666963e+00 1.269056034561848456e+01
8.333333333333333925e+00 1.224472510569427719e+01
8.750000000000000000e+00 1.172023741245079975e+01
9.166666666666666075e+00 1.108202988598407046e+01
9.583333333333333925e+00 1.042702718489765346e+01
1.000000000000000000e+01 9.797477940903471350e+00
1.041666666666666607e+01 9.194168653502430288e+00
1.083333333333333393e+01 8.610654407375685437e+00
1.125000000000000000e+01 8.044676414028847589e+00
1.166666666666666607e+01 7.500141114217815819e+00
1.208333333333333393e+01 6.987093387463487737e+00
1.250000000000000000e+01 6.515948807039513291e+00
1.291666666666666607e+01 6.076497011943329696e+00
1.333333333333333393e+01 5.594852945791751964e+00
1.375000000000000000e+01 4.911035742306383511e+00
1.416666666666666607e+01 4.265574400008588896e+00
1.458333333333333393e+01 3.757191539765889043e+00
1.500000000000000000e+01 3.271602092096644210e+00
1.541666666666666607e+01 2.775022128356102513e+00
1.583333333333333393e+01 2.261420434139406410e+00
1.625000000000000000e+01 1.733928814656667150e+00
1.666666666666666785e+01 1.197560756898026657e+00
1.708333333333333215e+01 6.564345417005267302e-01
1.750000000000000000e+01 1.130344684388754628e-01
1.791666666666666785e+01 -4.315284301690426316e-01
1.833333333333333215e+01 -9.775206612829840935e-01
1.875000000000000000e+01 -1.525346377723317381e+00
1.916666666666666785e+01 -2.073656271131531614e+00
1.958333333333333215e+01 -2.620313769598451081e+00
2.000000000000000000e+01 -3.165193443525244010e+00
2.041666666666666785e+01 -3.708035774481085678e+00
2.083333333333333215e+01 -4.243984879698435186e+00
2.125000000000000000e+01 -4.766236422190871735e+00
2.166666666666666785e+01 -5.270915341362821138e+00
2.208333333333333215e+01 -5.755693765117494642e+00
2.250000000000000000e+01 -6.216561367570275998e+00
2.291666666666666785e+01 -6.646825365105232919e+00
2.333333333333333215e+01 -7.025915111936403612e+00
2.375000000000000000e+01 -7.356936265865381408e+00
2.416666666666666785e+01 -7.483143951021057561e+00
2.458333333333333215e+01 -7.819706200559497944e+00
2.500000000000000000e+01 -8.210816110876868024e+00
2.541666666666666785e+01 -8.618303315356687477e+00
2.583333333333333215e+01 -9.032669321882680791e+00
2.625000000000000000e+01 -9.442198890127922795e+00
2.666666666666666785e+01 -9.845744581264666451e+00
2.708333333333333215e+01 -1.025311240943628199e+01
2.750000000000000000e+01 -1.066387782662117267e+01
2.791666666666666785e+01 -1.104627237419780172e+01
2.833333333333333215e+01 -1.139973601072273723e+01
2.875000000000000000e+01 -1.150661324371675676e+01
2.916666666666666785e+01 -1.159493840623919070e+01
2.958333333333333215e+01 -1.168070039208014421e+01
3.000000000000000000e+01 -1.176406808479495147e+01
3.041666666666666785e+01 -1.184526426366425689e+01
3.083333333333333215e+01 -1.192454161280503300e+01
3.125000000000000000e+01 -1.200214449245658521e+01
3.166666666666666785e+01 -1.207831671591078759e+01
3.208333333333333570e+01 -1.215329658882132335e+01
3.250000000000000000e+01 -1.222731604715916731e+01
3.291666666666666430e+01 -1.230060382578088607e+01
3.333333333333333570e+01 -1.237338706226808327e+01
3.375000000000000000e+01 -1.244589198989560686e+01
3.416666666666666430e+01 -1.251834380635835764e+01
3.458333333333333570e+01 -1.259093179547580910e+01
3.500000000000000000e+01 -1.266381680462338721e+01
3.541666666666666430e+01 -1.273713647765687007e+01
3.583333333333333570e+01 -1.281100578108770804e+01
3.625000000000000000e+01 -1.288553420948169759e+01
3.666666666666666430e+01 -1.296081493922922867e+01
3.708333333333333570e+01 -1.303693163569208657e+01
3.750000000000000000e+01 -1.311396004006885008e+01
3.791666666666666430e+01 -1.319197220897799738e+01
3.833333333333333570e+01 -1.327102619730873023e+01
3.875000000000000000e+01 -1.335114686457186117e+01
3.916666666666666430e+01 -1.343234435581260833e+01
3.958333333333333570e+01 -1.351461384539494759e+01
4.000000000000000000e+01 -1.343128051206161544e+01
