0.000000000000000000e+00 1.121728825280681185e+01
4.166666666666666852e-01 1.061310234068716518e+01
8.333333333333333703e-01 1.001745888612936852e+01
1.250000000000000000e+00 9.445533500745163735e+00
1.666666666666666741e+00 8.897354397224114919e+00
2.083333333333333481e+00 8.368432676011511973e+00
2.500000000000000000e+00 7.855255008401442751e+00
2.916666666666666519e+00 7.352810704354503457e+00
3.333333333333333481e+00 6.853774312046514439e+00
3.750000000000000000e+00 6.361275495951771219e+00
4.166666666666666963e+00 5.941502074613945084e+00
4.583333333333333037e+00 5.695038234367843621e+00
5.000000000000000000e+00 5.501523546830062728e+00
5.416666666666666963e+00 5.165280743168491284e+00
5.833333333333333037e+00 4.837126938954343203e+00
6.250000000000000000e+00 4.526787925217692354e+00
6.666666666666666963e+00 4.229181817087173556e+00
7.083333333333333037e+00 3.944784420568340888e+00
7.500000000000000000e+00 3.674029835922082654e+00
7.916666666666666963e+00 3.417064030856223233e+00
8.333333333333333925e+00 3.173770321476560685e+00
8.750000000000000000e+00 2.943742480746941670e+00
9.166666666666666075e+00 2.726430362593896373e+00
9.583333333333333925e+00 2.521296695567977419e+00
1.000000000000000000e+01 2.327832582061768463e+00
1.041666666666666607e+01 2.145534993507689059e+00
1.083333333333333393e+01 1.973900512630708537e+00
1.125000000000000000e+01 1.812422765598639796e+00
1.166666666666666607e+01 1.660585875906974485e+00
1.208333333333333393e+01 1.517856083152672841e+00
1.250000000000000000e+01 1.383685698549954823e+00
1.291666666666666607e+01 1.257533092305862521e+00
1.333333333333333393e+01 1.138886579441429348e+00
1.375000000000000000e+01 1.027420295108180337e+00
1.416666666666666607e+01 9.233282826572742907e-01
1.458333333333333393e+01 8.289301079905422309e-01
1.500000000000000000e+01 7.523440810164798709e-01
1.541666666666666607e+01 6.818037345464135202e-01
1.583333333333333393e+01 6.074444803196171749e-01
1.625000000000000000e+01 5.334379552716295159e-01
1.666666666666666785e+01 4.616945390521363102e-01
1.708333333333333215e+01 3.921418819192827865e-01
1.750000000000000000e+01 3.245644496930215062e-01
1.791666666666666785e+01 2.586283805991283491e-01
1.833333333333333215e+01 1.939809795302514239e-01
1.875000000000000000e+01 1.302640733318973232e-01
1.916666666666666785e+01 6.711694085627573081e-02
1.958333333333333215e+01 4.175904566292354403e-03
2.000000000000000000e+01 -5.892755155234496306e-02
2.041666666666666785e+01 -1.225701376958296257e-01
2.083333333333333215e+01 -1.871428404032634829e-01
2.125000000000000000e+01 -2.530630506864258722e-01
2.166666666666666785e+01 -3.207970590083152329e-01
2.208333333333333215e+01 -3.909047051671376005e-01
2.250000000000000000e+01 -4.640302559113275715e-01
2.291666666666666785e+01 -5.407133343525528657e-01
2.333333333333333215e+01 -6.210543387874184473e-01
2.375000000000000000e+01 -7.041552368546150076e-01
2.416666666666666785e+01 -7.851113103983978769e-01
2.458333333333333215e+01 -8.477245463025031569e-01
2.500000000000000000e+01 -9.335495292516429178e-01
2.541666666666666785e+01 -1.037053274819857318e+00
2.583333333333333215e+01 -1.142271817657862343e+00
2.625000000000000000e+01 -1.250956944358579515e+00
2.666666666666666785e+01 -1.365916592386382078e+00
2.708333333333333215e+01 -1.487895978361323923e+00
2.750000000000000000e+01 -1.617331686178639982e+00
2.791666666666666785e+01 -1.754638320281425967e+00
2.833333333333333215e+01 -1.900231165367604502e+00
2.875000000000000000e+01 -2.054530685677018909e+00
2.916666666666666785e+01 -2.217959308507869931e+00
2.958333333333333215e+01 -2.390929041074046246e+00
3.000000000000000000e+01 -2.573827216626555447e+00
3.041666666666666785e+01 -2.767011619235180575e+00
3.083333333333333215e+01 -2.970813716863994092e+00
3.125000000000000000e+01 -3.185545835140374482e+00
3.166666666666666785e+01 -3.411532227685427188e+00
3.208333333333333570e+01 -3.649141880055150278e+00
3.250000000000000000e+01 -3.898760569451118929e+00
3.291666666666666430e+01 -4.160918084484573676e+00
3.333333333333333570e+01 -4.436462843910589093e+00
3.375000000000000000e+01 -4.725430739756485643e+00
3.416666666666666430e+01 -5.018305914881894481e+00
3.458333333333333570e+01 -5.273287467367581804e+00
3.500000000000000000e+01 -5.578691406169251188e+00
3.541666666666666430e+01 -5.930327470751275420e+00
3.583333333333333570e+01 -6.308510068838961260e+00
3.625000000000000000e+01 -6.699664435474573132e+00
3.666666666666666430e+01 -7.108053868980338308e+00
3.708333333333333570e+01 -7.532638279725902386e+00
3.750000000000000000e+01 -7.971686019103141341e+00
3.791666666666666430e+01 -8.423277128343372055e+00
3.833333333333333570e+01 -8.885653635840888853e+00
3.875000000000000000e+01 -9.356281002823184423e+00
3.916666666666666430e+01 -9.827264993993196640e+00
3.958333333333333570e+01 -1.035187574071466621e+01
4.000000000000000000e+01 -1.026854240738133228e+01
