0.000000000000000000e+00 2.245176125118197064e+01
4.166666666666666852e-01 2.203685977387369377e+01
8.333333333333333703e-01 2.158867723865532184e+01
1.250000000000000000e+00 2.112469279876344075e+01
1.666666666666666741e+00 2.066171192303126602e+01
2.083333333333333481e+00 2.020713061627039053e+01
2.500000000000000000e+00 1.975882553115084761e+01
2.916666666666666519e+00 1.931188132232696120e+01
3.333333333333333481e+00 1.886269677125287458e+01
3.750000000000000000e+00 1.840914250017197062e+01
4.166666666666666963e+00 1.795025992807180515e+01
4.583333333333333037e+00 1.748574788562089211e+01
5.000000000000000000e+00 1.701585507654139562e+01
5.416666666666666963e+00 1.654125329068012462e+01
5.833333333333333037e+00 1.606204943354727988e+01
6.250000000000000000e+00 1.557924439093352298e+01
6.666666666666666963e+00 1.509376586556820321e+01
7.083333333333333037e+00 1.460741710966015461e+01
7.500000000000000000e+00 1.411935617453480951e+01
7.916666666666666963e+00 1.365193871274357029e+01
8.333333333333333925e+00 1.316468887504739094e+01
8.750000000000000000e+00 1.266931234732058620e+01
9.166666666666666075e+00 1.216689038159608316e+01
9.583333333333333925e+00 1.165314195962717392e+01
1.000000000000000000e+01 1.112494852836310777e+01
1.041666666666666607e+01 1.058343333443506395e+01
1.083333333333333393e+01 1.003223729630197347e+01
1.125000000000000000e+01 9.474703177032074208e+00
1.166666666666666607e+01 8.913154692346944685e+00
1.208333333333333393e+01 8.349375962652038297e+00
1.250000000000000000e+01 7.784590401896860357e+00
1.291666666666666607e+01 7.219694189042591859e+00
1.333333333333333393e+01 6.655477326543323358e+00
1.375000000000000000e+01 6.091584081391236083e+00
1.416666666666666607e+01 5.526021345825664177e+00
1.458333333333333393e+01 4.955124778533541274e+00
1.500000000000000000e+01 4.370286149929029307e+00
1.541666666666666607e+01 3.754723963526454877e+00
1.583333333333333393e+01 3.144381488674282465e+00
1.625000000000000000e+01 2.566188657374788296e+00
1.666666666666666785e+01 2.002834266928138263e+00
1.708333333333333215e+01 1.448098370349832908e+00
1.750000000000000000e+01 9.000594327507388526e-01
1.791666666666666785e+01 3.574854234093592931e-01
1.833333333333333215e+01 -1.806498756898776981e-01
1.875000000000000000e+01 -7.145160225190719805e-01
1.916666666666666785e+01 -1.243970720154716325e+00
1.958333333333333215e+01 -1.768809007424601232e+00
2.000000000000000000e+01 -2.288954939436304681e+00
2.041666666666666785e+01 -2.804472001427544825e+00
2.083333333333333215e+01 -3.314989787622338646e+00
2.125000000000000000e+01 -3.819461581095237701e+00
2.166666666666666785e+01 -4.317019422153432373e+00
2.208333333333333215e+01 -4.807361166219576099e+00
2.250000000000000000e+01 -5.289379483923746683e+00
2.291666666666666785e+01 -5.760105763423499781e+00
2.333333333333333215e+01 -6.216418022314058156e+00
2.375000000000000000e+01 -6.659977290516799542e+00
2.416666666666666785e+01 -7.106550163623667871e+00
2.458333333333333215e+01 -7.593779101483418614e+00
2.500000000000000000e+01 -8.059190897491374628e+00
2.541666666666666785e+01 -8.479830074464402401e+00
2.583333333333333215e+01 -8.887980987504322528e+00
2.625000000000000000e+01 -9.293242852811346211e+00
2.666666666666666785e+01 -9.696928238272214173e+00
2.708333333333333215e+01 -1.009702963923505337e+01
2.750000000000000000e+01 -1.048959064223974380e+01
2.791666666666666785e+01 -1.086933373030585770e+01
2.833333333333333215e+01 -1.122994318742002662e+01
2.875000000000000000e+01 -1.156911013370570096e+01
2.916666666666666785e+01 -1.190447258382966744e+01
2.958333333333333215e+01 -1.228260888015087993e+01
3.000000000000000000e+01 -1.263667905261643121e+01
3.041666666666666785e+01 -1.294316519444854841e+01
3.083333333333333215e+01 -1.323376384224891567e+01
3.125000000000000000e+01 -1.350997244879942194e+01
3.166666666666666785e+01 -1.361233111368053272e+01
3.208333333333333570e+01 -1.369201887106275173e+01
3.250000000000000000e+01 -1.377167511440189074e+01
3.291666666666666430e+01 -1.385129056423856753e+01
3.333333333333333570e+01 -1.393087584765988574e+01
3.375000000000000000e+01 -1.401045538697084325e+01
3.416666666666666430e+01 -1.409005599502922657e+01
3.458333333333333570e+01 -1.416972510321517476e+01
3.500000000000000000e+01 -1.424951447825047879e+01
3.541666666666666430e+01 -1.432947225769611421e+01
3.583333333333333570e+01 -1.440964400046467730e+01
3.625000000000000000e+01 -1.449006133720715006e+01
3.666666666666666430e+01 -1.457075501479234703e+01
3.708333333333333570e+01 -1.465175109657907626e+01
3.750000000000000000e+01 -1.473306964553736620e+01
3.791666666666666430e+01 -1.481471820593322342e+01
3.833333333333333570e+01 -1.489669627718091505e+01
3.875000000000000000e+01 -1.497901051943228978e+01
3.916666666666666430e+01 -1.506166166792657890e+01
3.958333333333333570e+01 -1.514465208991361145e+01
4.000000000000000000e+01 -1.506131875658027930e+01
