0.000000000000000000e+00 2.346102640291297448e+01
4.166666666666666852e-01 2.298512648298007122e+01
8.333333333333333703e-01 2.248495914046758060e+01
1.250000000000000000e+00 2.197275877440161196e+01
1.666666666666666741e+00 2.145875603689927758e+01
2.083333333333333481e+00 2.094577079990076385e+01
2.500000000000000000e+00 2.043123539348111350e+01
2.916666666666666519e+00 1.991288524180204078e+01
3.333333333333333481e+00 1.939037354794528056e+01
3.750000000000000000e+00 1.886358474025623622e+01
4.166666666666666963e+00 1.833230081624173735e+01
4.583333333333333037e+00 1.779645060184910577e+01
5.000000000000000000e+00 1.725595298965240687e+01
5.416666666666666963e+00 1.671073994564737220e+01
5.833333333333333037e+00 1.616260416265954802e+01
6.250000000000000000e+00 1.561599487974757849e+01
6.666666666666666963e+00 1.507732816374954155e+01
7.083333333333333037e+00 1.455726361465664276e+01
7.500000000000000000e+00 1.406069332300822161e+01
7.916666666666666963e+00 1.359442831991840706e+01
8.333333333333333925e+00 1.310749300799174222e+01
8.750000000000000000e+00 1.260508627404323789e+01
9.166666666666666075e+00 1.208616726767575678e+01
9.583333333333333925e+00 1.155013163552118804e+01
1.000000000000000000e+01 1.099986561413356689e+01
1.041666666666666607e+01 1.044016905523508676e+01
1.083333333333333393e+01 9.875306836870139549e+00
1.125000000000000000e+01 9.307696590744141574e+00
1.166666666666666607e+01 8.738533172125185544e+00
1.208333333333333393e+01 8.168723055677721945e+00
1.250000000000000000e+01 7.599174487385019106e+00
1.291666666666666607e+01 7.031210922294251375e+00
1.333333333333333393e+01 6.466496193936741577e+00
1.375000000000000000e+01 5.906690918495800524e+00
1.416666666666666607e+01 5.351863405915849192e+00
1.458333333333333393e+01 4.793324228691783873e+00
1.500000000000000000e+01 4.207822219318066104e+00
1.541666666666666607e+01 3.630752888614488860e+00
1.583333333333333393e+01 3.075145017373406731e+00
1.625000000000000000e+01 2.527362726408724392e+00
1.666666666666666785e+01 1.984602566958538761e+00
1.708333333333333215e+01 1.447186869199444725e+00
1.750000000000000000e+01 9.144862476622327430e-01
1.791666666666666785e+01 3.846277578732126279e-01
1.833333333333333215e+01 -1.449671447475772423e-01
1.875000000000000000e+01 -6.757844699062344196e-01
1.916666666666666785e+01 -1.207561050127499591e+00
1.958333333333333215e+01 -1.738789669331591181e+00
2.000000000000000000e+01 -2.267600244780814123e+00
2.041666666666666785e+01 -2.792422326731406113e+00
2.083333333333333215e+01 -3.312046235061413935e+00
2.125000000000000000e+01 -3.825565855377317526e+00
2.166666666666666785e+01 -4.332446967664769666e+00
2.208333333333333215e+01 -4.832398114419010682e+00
2.250000000000000000e+01 -5.324776745434777858e+00
2.291666666666666785e+01 -5.808268941570182697e+00
2.333333333333333215e+01 -6.281296163982164060e+00
2.375000000000000000e+01 -6.744348499019212184e+00
2.416666666666666785e+01 -7.206039214991904807e+00
2.458333333333333215e+01 -7.688467228222854111e+00
2.500000000000000000e+01 -8.148834388836551312e+00
2.541666666666666785e+01 -8.581602016794503740e+00
2.583333333333333215e+01 -9.005849151535468167e+00
2.625000000000000000e+01 -9.426535575021487645e+00
2.666666666666666785e+01 -9.842279943189732094e+00
2.708333333333333215e+01 -1.024905831444992366e+01
2.750000000000000000e+01 -1.064346573590939116e+01
2.791666666666666785e+01 -1.102458791336137622e+01
2.833333333333333215e+01 -1.139555507322073780e+01
2.875000000000000000e+01 -1.175179500148882816e+01
2.916666666666666785e+01 -1.210244645168387478e+01
2.958333333333333215e+01 -1.247204698009699797e+01
3.000000000000000000e+01 -1.284215071066337543e+01
3.041666666666666785e+01 -1.318484108685572309e+01
3.083333333333333215e+01 -1.350017598189386980e+01
3.125000000000000000e+01 -1.361252630491554605e+01
3.166666666666666785e+01 -1.369936692693241831e+01
3.208333333333333570e+01 -1.378644622544868525e+01
3.250000000000000000e+01 -1.387370635180751322e+01
3.291666666666666430e+01 -1.396109239368911581e+01
3.333333333333333570e+01 -1.404855193473390607e+01
3.375000000000000000e+01 -1.413603814298258143e+01
3.416666666666666430e+01 -1.422351567122945504e+01
3.458333333333333570e+01 -1.431093474922837494e+01
3.500000000000000000e+01 -1.439824326797777410e+01
3.541666666666666430e+01 -1.448539244514973134e+01
3.583333333333333570e+01 -1.457233446161270685e+01
3.625000000000000000e+01 -1.465903403346808709e+01
3.666666666666666430e+01 -1.474545416489821470e+01
3.708333333333333570e+01 -1.483156032577583616e+01
3.750000000000000000e+01 -1.491732231411821807e+01
3.791666666666666430e+01 -1.500272129074500072e+01
3.833333333333333570e+01 -1.508774440783431281e+01
3.875000000000000000e+01 -1.517236892953713934e+01
3.916666666666666430e+01 -1.525657791117842699e+01
3.958333333333333570e+01 -1.534035494536790978e+01
4.000000000000000000e+01 -1.525702161203457763e+01
