0.000000000000000000e+00 2.416092511367179441e+01
4.166666666666666852e-01 2.364641116976809698e+01
8.333333333333333703e-01 2.312353239275414296e+01
1.250000000000000000e+00 2.259491364695208659e+01
1.666666666666666741e+00 2.206271801673731758e+01
2.083333333333333481e+00 2.152763620369131559e+01
2.500000000000000000e+00 2.098939705679022083e+01
2.916666666666666519e+00 2.044781285863541598e+01
3.333333333333333481e+00 1.990296536654543402e+01
3.750000000000000000e+00 1.935495416621946774e+01
4.166666666666666963e+00 1.880386625875457796e+01
4.583333333333333037e+00 1.824976869936454449e+01
5.000000000000000000e+00 1.769255989975045651e+01
5.416666666666666963e+00 1.713197835521048873e+01
5.833333333333333037e+00 1.656806027505017909e+01
6.250000000000000000e+00 1.600155902162280341e+01
6.666666666666666963e+00 1.543442094784053253e+01
7.083333333333333037e+00 1.486866307042211588e+01
7.500000000000000000e+00 1.429631330227075381e+01
7.916666666666666963e+00 1.371770287607511740e+01
8.333333333333333925e+00 1.313736071264139227e+01
8.750000000000000000e+00 1.255737816046791977e+01
9.166666666666666075e+00 1.197768780104332897e+01
9.583333333333333925e+00 1.139785299118332951e+01
1.000000000000000000e+01 1.081775334340891703e+01
1.041666666666666607e+01 1.023751923652424800e+01
1.083333333333333393e+01 9.657090932170408593e+00
1.125000000000000000e+01 9.076343630119920292e+00
1.166666666666666607e+01 8.495329186447081682e+00
1.208333333333333393e+01 7.914214130740924169e+00
1.250000000000000000e+01 7.333393114511817856e+00
1.291666666666666607e+01 6.753436945374660105e+00
1.333333333333333393e+01 6.175093835253885999e+00
1.375000000000000000e+01 5.599395020267111889e+00
1.416666666666666607e+01 5.027183520217424650e+00
1.458333333333333393e+01 4.459006709305070260e+00
1.500000000000000000e+01 3.894462365920789537e+00
1.541666666666666607e+01 3.328772851621741857e+00
1.583333333333333393e+01 2.750348328683965615e+00
1.625000000000000000e+01 2.183198647225732536e+00
1.666666666666666785e+01 1.632042269527147704e+00
1.708333333333333215e+01 1.086364248123581122e+00
1.750000000000000000e+01 5.425429326629143123e-01
1.791666666666666785e+01 6.171933519002192892e-04
1.833333333333333215e+01 -5.380319232228695236e-01
1.875000000000000000e+01 -1.071580625609572790e+00
1.916666666666666785e+01 -1.598346770322675026e+00
1.958333333333333215e+01 -2.117085981410673501e+00
2.000000000000000000e+01 -2.627329433941081316e+00
2.041666666666666785e+01 -3.128769639075491771e+00
2.083333333333333215e+01 -3.621273000276408194e+00
2.125000000000000000e+01 -4.103885796373275774e+00
2.166666666666666785e+01 -4.575141311018692925e+00
2.208333333333333215e+01 -5.034513798616512936e+00
2.250000000000000000e+01 -5.484883006804806449e+00
2.291666666666666785e+01 -5.930238548682839728e+00
2.333333333333333215e+01 -6.370543871246961309e+00
2.375000000000000000e+01 -6.801485160007849196e+00
2.416666666666666785e+01 -7.225340870800147641e+00
2.458333333333333215e+01 -7.665283751444928129e+00
2.500000000000000000e+01 -8.101779233361996901e+00
2.541666666666666785e+01 -8.520047628915246918e+00
2.583333333333333215e+01 -8.940341051182436161e+00
2.625000000000000000e+01 -9.363317106851877014e+00
2.666666666666666785e+01 -9.784371885436554450e+00
2.708333333333333215e+01 -1.019986099791298884e+01
2.750000000000000000e+01 -1.060915485829957916e+01
2.791666666666666785e+01 -1.101364900621620890e+01
2.833333333333333215e+01 -1.141275100231060868e+01
2.875000000000000000e+01 -1.180413635735203037e+01
2.916666666666666785e+01 -1.219316254307705982e+01
2.958333333333333215e+01 -1.260348804419865409e+01
3.000000000000000000e+01 -1.297902837204864035e+01
3.041666666666666785e+01 -1.329514198094436850e+01
3.083333333333333215e+01 -1.342417314186890742e+01
3.125000000000000000e+01 -1.352217647382946275e+01
3.166666666666666785e+01 -1.361995856510610636e+01
3.208333333333333570e+01 -1.371739996912971193e+01
3.250000000000000000e+01 -1.381439638950522308e+01
3.291666666666666430e+01 -1.391086750585539633e+01
3.333333333333333570e+01 -1.400675493288139606e+01
3.375000000000000000e+01 -1.410201213958855959e+01
3.416666666666666430e+01 -1.419659176356325148e+01
3.458333333333333570e+01 -1.429046452939270040e+01
3.500000000000000000e+01 -1.438360572316830499e+01
3.541666666666666430e+01 -1.447599072368320883e+01
3.583333333333333570e+01 -1.456759933229710846e+01
3.625000000000000000e+01 -1.465840707311364000e+01
3.666666666666666430e+01 -1.474839945427010512e+01
3.708333333333333570e+01 -1.483756853615051874e+01
3.750000000000000000e+01 -1.492591101796640451e+01
3.791666666666666430e+01 -1.501342030064546762e+01
3.833333333333333570e+01 -1.510008873372449401e+01
3.875000000000000000e+01 -1.518592031097957218e+01
3.916666666666666430e+01 -1.527091566667469280e+01
3.958333333333333570e+01 -1.535507788910523175e+01
4.000000000000000000e+01 -1.527174455577189960e+01
