0.000000000000000000e+00 2.355379405633899736e+01
4.166666666666666852e-01 2.307441324245784742e+01
8.333333333333333703e-01 2.258450647280757195e+01
1.250000000000000000e+00 2.208752087358911709e+01
1.666666666666666741e+00 2.158840355170864456e+01
2.083333333333333481e+00 2.108962205352267461e+01
2.500000000000000000e+00 2.059030960278444766e+01
2.916666666666666519e+00 2.008883103907852430e+01
3.333333333333333481e+00 1.958412114536924875e+01
3.750000000000000000e+00 1.907502768147256944e+01
4.166666666666666963e+00 1.856026598665114946e+01
4.583333333333333037e+00 1.803889301057137828e+01
5.000000000000000000e+00 1.751039241175004335e+01
5.416666666666666963e+00 1.697518730548674526e+01
5.833333333333333037e+00 1.643464982752811920e+01
6.250000000000000000e+00 1.589079487189715323e+01
6.666666666666666963e+00 1.534551663943847188e+01
7.083333333333333037e+00 1.480246754242047658e+01
7.500000000000000000e+00 1.426534022368902477e+01
7.916666666666666963e+00 1.373055484609406207e+01
8.333333333333333925e+00 1.318987004568974442e+01
8.750000000000000000e+00 1.264788915624624188e+01
9.166666666666666075e+00 1.210643354222419532e+01
9.583333333333333925e+00 1.156564188644551372e+01
1.000000000000000000e+01 1.102528121712213682e+01
1.041666666666666607e+01 1.048442712375340413e+01
1.083333333333333393e+01 9.941487161876452205e+00
1.125000000000000000e+01 9.394735393330929440e+00
1.166666666666666607e+01 8.842845851015086467e+00
1.208333333333333393e+01 8.285733258916890165e+00
1.250000000000000000e+01 7.724390701092464617e+00
1.291666666666666607e+01 7.160469811868360068e+00
1.333333333333333393e+01 6.595856729924477690e+00
1.375000000000000000e+01 6.032139064379361315e+00
1.416666666666666607e+01 5.470501276142369029e+00
1.458333333333333393e+01 4.910868434632154056e+00
1.500000000000000000e+01 4.348971533395315170e+00
1.541666666666666607e+01 3.775171406659403761e+00
1.583333333333333393e+01 3.208759727416460539e+00
1.625000000000000000e+01 2.651921724818350423e+00
1.666666666666666785e+01 2.098757445139576738e+00
1.708333333333333215e+01 1.547986190930204620e+00
1.750000000000000000e+01 1.000201120975827473e+00
1.791666666666666785e+01 4.559310930945515983e-01
1.833333333333333215e+01 -8.535500454547469140e-02
1.875000000000000000e+01 -6.242315922866352729e-01
1.916666666666666785e+01 -1.160766366227012236e+00
1.958333333333333215e+01 -1.694824598072834698e+00
2.000000000000000000e+01 -2.226125505937954330e+00
2.041666666666666785e+01 -2.754251784686185367e+00
2.083333333333333215e+01 -3.278095571428428112e+00
2.125000000000000000e+01 -3.795525813274466032e+00
2.166666666666666785e+01 -4.304553063985176564e+00
2.208333333333333215e+01 -4.804536637180436109e+00
2.250000000000000000e+01 -5.295925048431346482e+00
2.291666666666666785e+01 -5.779242963991874760e+00
2.333333333333333215e+01 -6.254600885253570830e+00
2.375000000000000000e+01 -6.722494438596846145e+00
2.416666666666666785e+01 -7.189250263248553985e+00
2.458333333333333215e+01 -7.673444384573064880e+00
2.500000000000000000e+01 -8.140711922343717433e+00
2.541666666666666785e+01 -8.582731375458427792e+00
2.583333333333333215e+01 -9.015097928214254708e+00
2.625000000000000000e+01 -9.441572796432431858e+00
2.666666666666666785e+01 -9.862520271193634613e+00
2.708333333333333215e+01 -1.027912877693873028e+01
2.750000000000000000e+01 -1.069213241090914401e+01
2.791666666666666785e+01 -1.109751872367067982e+01
2.833333333333333215e+01 -1.148531929949180430e+01
2.875000000000000000e+01 -1.184799930371855581e+01
2.916666666666666785e+01 -1.220006137689484049e+01
2.958333333333333215e+01 -1.258073221382280238e+01
3.000000000000000000e+01 -1.294993154182084538e+01
3.041666666666666785e+01 -1.328800930607604869e+01
3.083333333333333215e+01 -1.360747120448703029e+01
3.125000000000000000e+01 -1.390572434754116138e+01
3.166666666666666785e+01 -1.401245101102207435e+01
3.208333333333333570e+01 -1.409538400119020984e+01
3.250000000000000000e+01 -1.417834052469835271e+01
3.291666666666666430e+01 -1.426133088412414374e+01
3.333333333333333570e+01 -1.434436308058387333e+01
3.375000000000000000e+01 -1.442743851838341307e+01
3.416666666666666430e+01 -1.451054547580896070e+01
3.458333333333333570e+01 -1.459368475501302598e+01
3.500000000000000000e+01 -1.467685835335007027e+01
3.541666666666666430e+01 -1.476006508302808662e+01
3.583333333333333570e+01 -1.484330435983272523e+01
3.625000000000000000e+01 -1.492656610941809880e+01
3.666666666666666430e+01 -1.500984587805803017e+01
3.708333333333333570e+01 -1.509314133763951915e+01
3.750000000000000000e+01 -1.517645071047435223e+01
3.791666666666666430e+01 -1.525976567439344045e+01
3.833333333333333570e+01 -1.534307627235675930e+01
3.875000000000000000e+01 -1.542638634418669952e+01
3.916666666666666430e+01 -1.550969804206264868e+01
3.958333333333333570e+01 -1.559301737153007927e+01
4.000000000000000000e+01 -1.550968403819674712e+01
