0.000000000000000000e+00 2.362210237886186093e+01
4.166666666666666852e-01 2.315766380478077835e+01
8.333333333333333703e-01 2.265289362491201075e+01
1.250000000000000000e+00 2.212846237800493654e+01
1.666666666666666741e+00 2.160129661286277170e+01
2.083333333333333481e+00 2.107475294700788382e+01
2.500000000000000000e+00 2.054397975377978725e+01
2.916666666666666519e+00 2.000604603762373657e+01
3.333333333333333481e+00 1.946064252534332084e+01
3.750000000000000000e+00 1.890786732353107880e+01
4.166666666666666963e+00 1.834756830494122681e+01
4.583333333333333037e+00 1.777952969171037978e+01
5.000000000000000000e+00 1.720286959045890640e+01
5.416666666666666963e+00 1.661752921409590655e+01
5.833333333333333037e+00 1.602521374985771629e+01
6.250000000000000000e+00 1.542617818222271886e+01
6.666666666666666963e+00 1.481565058902665477e+01
7.083333333333333037e+00 1.419386664642346396e+01
7.500000000000000000e+00 1.358273967104874025e+01
7.916666666666666963e+00 1.300885917533606140e+01
8.333333333333333925e+00 1.240169964550300996e+01
8.750000000000000000e+00 1.175071464606256022e+01
9.166666666666666075e+00 1.109382706869171109e+01
9.583333333333333925e+00 1.044524089118988996e+01
1.000000000000000000e+01 9.804462962985342145e+00
1.041666666666666607e+01 9.170725194126072566e+00
1.083333333333333393e+01 8.544176279822213615e+00
1.125000000000000000e+01 7.925957270826605949e+00
1.166666666666666607e+01 7.319164581157735938e+00
1.208333333333333393e+01 6.729076037371935826e+00
1.250000000000000000e+01 6.163494209614603037e+00
1.291666666666666607e+01 5.633183873417786813e+00
1.333333333333333393e+01 5.153214795679965654e+00
1.375000000000000000e+01 4.745512455518010597e+00
1.416666666666666607e+01 4.439559932769064687e+00
1.458333333333333393e+01 4.235477723944861772e+00
1.500000000000000000e+01 4.158334741984575089e+00
1.541666666666666607e+01 3.887844891799761449e+00
1.583333333333333393e+01 3.540298221040016013e+00
1.625000000000000000e+01 3.132000339728866489e+00
1.666666666666666785e+01 2.673216782852497975e+00
1.708333333333333215e+01 2.175838704635090437e+00
1.750000000000000000e+01 1.648958509938597050e+00
1.791666666666666785e+01 1.099017851048766259e+00
1.833333333333333215e+01 5.315174886465148241e-01
1.875000000000000000e+01 -4.837809347183352759e-02
1.916666666666666785e+01 -6.357430358145226279e-01
1.958333333333333215e+01 -1.226019891200127887e+00
2.000000000000000000e+01 -1.814604280648724810e+00
2.041666666666666785e+01 -2.395735896721062463e+00
2.083333333333333215e+01 -2.962778931218278622e+00
2.125000000000000000e+01 -3.510920199070334924e+00
2.166666666666666785e+01 -4.039124006921418264e+00
2.208333333333333215e+01 -4.550611309028567142e+00
2.250000000000000000e+01 -5.049855223547121241e+00
2.291666666666666785e+01 -5.538050692416050858e+00
2.333333333333333215e+01 -6.011288303093255792e+00
2.375000000000000000e+01 -6.470314118461581110e+00
2.416666666666666785e+01 -6.945144949245620758e+00
2.458333333333333215e+01 -7.517729248057629654e+00
2.500000000000000000e+01 -8.052362141591300926e+00
2.541666666666666785e+01 -8.493348948477041915e+00
2.583333333333333215e+01 -8.917995754236637040e+00
2.625000000000000000e+01 -9.343870411998729253e+00
2.666666666666666785e+01 -9.763636242254371211e+00
2.708333333333333215e+01 -1.017118296671385735e+01
2.750000000000000000e+01 -1.056814072481658684e+01
2.791666666666666785e+01 -1.095669439930272659e+01
2.833333333333333215e+01 -1.132007254416287267e+01
2.875000000000000000e+01 -1.166084034532919134e+01
2.916666666666666785e+01 -1.201501139836122967e+01
2.958333333333333215e+01 -1.244304113534924561e+01
3.000000000000000000e+01 -1.281553065047237716e+01
3.041666666666666785e+01 -1.308135948451576169e+01
3.083333333333333215e+01 -1.319255913214614573e+01
3.125000000000000000e+01 -1.327700594200754303e+01
3.166666666666666785e+01 -1.336099356022022455e+01
3.208333333333333570e+01 -1.344456626391677112e+01
3.250000000000000000e+01 -1.352777794157709401e+01
3.291666666666666430e+01 -1.361068606698129635e+01
3.333333333333333570e+01 -1.369334957157138000e+01
3.375000000000000000e+01 -1.377582987010337057e+01
3.416666666666666430e+01 -1.385819477018468326e+01
3.458333333333333570e+01 -1.394049069136594809e+01
3.500000000000000000e+01 -1.402275372916775353e+01
3.541666666666666430e+01 -1.410501494992783833e+01
3.583333333333333570e+01 -1.418729812278920122e+01
3.625000000000000000e+01 -1.426963176043344639e+01
3.666666666666666430e+01 -1.435203522847132618e+01
3.708333333333333570e+01 -1.443452335724387581e+01
3.750000000000000000e+01 -1.451710860231962030e+01
3.791666666666666430e+01 -1.459980821340702128e+01
3.833333333333333570e+01 -1.468263876165731396e+01
3.875000000000000000e+01 -1.476560019197841989e+01
3.916666666666666430e+01 -1.484869187187269723e+01
3.958333333333333570e+01 -1.493190775329625275e+01
4.000000000000000000e+01 -1.484857441996292060e+01
