0.000000000000000000e+00 2.702773306404124654e+01
4.166666666666666852e-01 2.638727783597859400e+01
8.333333333333333703e-01 2.573468252740322626e+01
1.250000000000000000e+00 2.508888640575629125e+01
1.666666666666666741e+00 2.445106318694950076e+01
2.083333333333333481e+00 2.381621661918756416e+01
2.500000000000000000e+00 2.318282421713702490e+01
2.916666666666666519e+00 2.255087843645095447e+01
3.333333333333333481e+00 2.192120692142112048e+01
3.750000000000000000e+00 2.129561298914297396e+01
4.166666666666666963e+00 2.067585650623190219e+01
4.583333333333333037e+00 2.006162148788105171e+01
5.000000000000000000e+00 1.945153358577047698e+01
5.416666666666666963e+00 1.884524124790663180e+01
5.833333333333333037e+00 1.824199571698757438e+01
6.250000000000000000e+00 1.764029349911577782e+01
6.666666666666666963e+00 1.703791598371182658e+01
7.083333333333333037e+00 1.643243836579926409e+01
7.500000000000000000e+00 1.582407848231896352e+01
7.916666666666666963e+00 1.521325867283280786e+01
8.333333333333333925e+00 1.459891109003142162e+01
8.750000000000000000e+00 1.398194221405756821e+01
9.166666666666666075e+00 1.336519478944987505e+01
9.583333333333333925e+00 1.275096839215801481e+01
1.000000000000000000e+01 1.214190939181273343e+01
1.041666666666666607e+01 1.154295766869988782e+01
1.083333333333333393e+01 1.095629873177076519e+01
1.125000000000000000e+01 1.037949138706832741e+01
1.166666666666666607e+01 9.809441857292046762e+00
1.208333333333333393e+01 9.244641481590370802e+00
1.250000000000000000e+01 8.683713170887280342e+00
1.291666666666666607e+01 8.127463065899346972e+00
1.333333333333333393e+01 7.578169553169727735e+00
1.375000000000000000e+01 7.039619247820698256e+00
1.416666666666666607e+01 6.517840852104658467e+00
1.458333333333333393e+01 6.007990061786085079e+00
1.500000000000000000e+01 5.495117030193278573e+00
1.541666666666666607e+01 4.980305264121704489e+00
1.583333333333333393e+01 4.482592694491522423e+00
1.625000000000000000e+01 4.006813030906621442e+00
1.666666666666666785e+01 3.537535839614164956e+00
1.708333333333333215e+01 3.061541465643863091e+00
1.750000000000000000e+01 2.586669423868873885e+00
1.791666666666666785e+01 2.124755003315279556e+00
1.833333333333333215e+01 1.669877638350221627e+00
1.875000000000000000e+01 1.216449999593385733e+00
1.916666666666666785e+01 7.746501115778057223e-01
1.958333333333333215e+01 3.524999139107121704e-01
2.000000000000000000e+01 -5.733733492767478790e-02
2.041666666666666785e+01 -4.598229533695711302e-01
2.083333333333333215e+01 -8.484546519516531493e-01
2.125000000000000000e+01 -1.239891088205372638e+00
2.166666666666666785e+01 -1.684158447562610128e+00
2.208333333333333215e+01 -2.186205532679242669e+00
2.250000000000000000e+01 -2.646798159490866720e+00
2.291666666666666785e+01 -2.733618274073336352e+00
2.333333333333333215e+01 -2.815378128872598751e+00
2.375000000000000000e+01 -3.427150051700744271e+00
2.416666666666666785e+01 -4.014684777540626470e+00
2.458333333333333215e+01 -4.538092884939790572e+00
2.500000000000000000e+01 -5.024399857354357124e+00
2.541666666666666785e+01 -5.505486555059233567e+00
2.583333333333333215e+01 -6.014968298220606080e+00
2.625000000000000000e+01 -6.593335080158446715e+00
2.666666666666666785e+01 -7.258348961000388400e+00
2.708333333333333215e+01 -7.825131265446167994e+00
2.750000000000000000e+01 -7.935922774223879372e+00
2.791666666666666785e+01 -9.081405332917116269e+00
2.833333333333333215e+01 -1.030757496098552650e+01
2.875000000000000000e+01 -1.130196380058814576e+01
2.916666666666666785e+01 -1.333311135463611485e+01
2.958333333333333215e+01 -1.394697012606405906e+01
3.000000000000000000e+01 -1.452184851271741373e+01
3.041666666666666785e+01 -1.501078804994666172e+01
3.083333333333333215e+01 -1.544336014611090668e+01
3.125000000000000000e+01 -1.584924814042023300e+01
3.166666666666666785e+01 -1.625346460119903469e+01
3.208333333333333570e+01 -1.666976160594441225e+01
3.250000000000000000e+01 -1.710029214067403913e+01
3.291666666666666430e+01 -1.751238367225558434e+01
3.333333333333333570e+01 -1.782142979929025728e+01
3.375000000000000000e+01 -1.791769513852145224e+01
3.416666666666666430e+01 -1.836090456847443519e+01
3.458333333333333570e+01 -1.885889464370957214e+01
3.500000000000000000e+01 -1.942739126945848938e+01
3.541666666666666430e+01 -1.998809413165441384e+01
3.583333333333333570e+01 -2.027145808836429097e+01
3.625000000000000000e+01 -2.145489778418253479e+01
3.666666666666666430e+01 -2.279515649430219781e+01
3.708333333333333570e+01 -2.408513225773845789e+01
3.750000000000000000e+01 -2.511988596343978841e+01
3.791666666666666430e+01 -2.571695579615538207e+01
3.833333333333333570e+01 -2.620043626201866616e+01
3.875000000000000000e+01 -2.665650089322687677e+01
3.916666666666666430e+01 -2.700301515695443300e+01
3.958333333333333570e+01 -2.711270109660014072e+01
4.000000000000000000e+01 -2.702936776326680501e+01
