0.000000000000000000e+00 2.487409769633966761e+01
4.166666666666666852e-01 2.422195417002799545e+01
8.333333333333333703e-01 2.362671139350326044e+01
1.250000000000000000e+00 2.305147007705227935e+01
1.666666666666666741e+00 2.246510867597875105e+01
2.083333333333333481e+00 2.185998422200611913e+01
2.500000000000000000e+00 2.124435072940170244e+01
2.916666666666666519e+00 2.062357468641623726e+01
3.333333333333333481e+00 1.999741623253075673e+01
3.750000000000000000e+00 1.936585634178858939e+01
4.166666666666666963e+00 1.872935796200343717e+01
4.583333333333333037e+00 1.808785172165421784e+01
5.000000000000000000e+00 1.744250273200539780e+01
5.416666666666666963e+00 1.679597885558284887e+01
5.833333333333333037e+00 1.614840348042741880e+01
6.250000000000000000e+00 1.549785195855025677e+01
6.666666666666666963e+00 1.488948682180867955e+01
7.083333333333333037e+00 1.476062918533674839e+01
7.500000000000000000e+00 1.423476848435612574e+01
7.916666666666666963e+00 1.366448326446202088e+01
8.333333333333333925e+00 1.305496808231501582e+01
8.750000000000000000e+00 1.243264500604863798e+01
9.166666666666666075e+00 1.180673406751931331e+01
9.583333333333333925e+00 1.118101001803341710e+01
1.000000000000000000e+01 1.055759467289832365e+01
1.041666666666666607e+01 9.936177529891306648e+00
1.083333333333333393e+01 9.314663594453383766e+00
1.125000000000000000e+01 8.692853272771630557e+00
1.166666666666666607e+01 8.072412154269425599e+00
1.208333333333333393e+01 7.454828505571700958e+00
1.250000000000000000e+01 6.841061465946828513e+00
1.291666666666666607e+01 6.230778455018910478e+00
1.333333333333333393e+01 5.622498112999987363e+00
1.375000000000000000e+01 5.013000920802426208e+00
1.416666666666666607e+01 4.395395217433033963e+00
1.458333333333333393e+01 3.762966410517300631e+00
1.500000000000000000e+01 3.122768152442727541e+00
1.541666666666666607e+01 2.534446239371928034e+00
1.583333333333333393e+01 2.064964751266590515e+00
1.625000000000000000e+01 1.977507724424309554e+00
1.666666666666666785e+01 1.397295401345261201e+00
1.708333333333333215e+01 7.933080431359142981e-01
1.750000000000000000e+01 2.114085126783110669e-01
1.791666666666666785e+01 -3.468996504138617820e-01
1.833333333333333215e+01 -8.853597151363491458e-01
1.875000000000000000e+01 -1.408686538721113379e+00
1.916666666666666785e+01 -1.924944930450880332e+00
1.958333333333333215e+01 -2.441529102506972304e+00
2.000000000000000000e+01 -2.963335484208776460e+00
2.041666666666666785e+01 -3.489914956259973167e+00
2.083333333333333215e+01 -4.016657613526271930e+00
2.125000000000000000e+01 -4.537417362194423376e+00
2.166666666666666785e+01 -5.043764515093477563e+00
2.208333333333333215e+01 -5.523128989907942099e+00
2.250000000000000000e+01 -5.962084511798323661e+00
2.291666666666666785e+01 -6.358573426332585043e+00
2.333333333333333215e+01 -6.720437480921855666e+00
2.375000000000000000e+01 -7.057557876089931348e+00
2.416666666666666785e+01 -7.362101025563736023e+00
2.458333333333333215e+01 -7.576704195527590890e+00
2.500000000000000000e+01 -7.678951370090379314e+00
2.541666666666666785e+01 -8.199588221624912521e+00
2.583333333333333215e+01 -8.737015055488893012e+00
2.625000000000000000e+01 -9.253291128553236433e+00
2.666666666666666785e+01 -9.745352765882898893e+00
2.708333333333333215e+01 -1.020468010726924568e+01
2.750000000000000000e+01 -1.060599865063147185e+01
2.791666666666666785e+01 -1.092966591151083122e+01
2.833333333333333215e+01 -1.119316087505240809e+01
2.875000000000000000e+01 -1.144316297690010664e+01
2.916666666666666785e+01 -1.167180905053093198e+01
2.958333333333333215e+01 -1.178106697557387683e+01
3.000000000000000000e+01 -1.187712105026207077e+01
3.041666666666666785e+01 -1.231998249722805561e+01
3.083333333333333215e+01 -1.274912426294864787e+01
3.125000000000000000e+01 -1.309287519248761633e+01
3.166666666666666785e+01 -1.321436304417833973e+01
3.208333333333333570e+01 -1.330956627180395202e+01
3.250000000000000000e+01 -1.340435338124980014e+01
3.291666666666666430e+01 -1.349866996905206484e+01
3.333333333333333570e+01 -1.359247635255651510e+01
3.375000000000000000e+01 -1.368574873994366037e+01
3.416666666666666430e+01 -1.377848114511894018e+01
3.458333333333333570e+01 -1.387065418769766012e+01
3.500000000000000000e+01 -1.396224396505730780e+01
3.541666666666666430e+01 -1.405322640154682645e+01
3.583333333333333570e+01 -1.414357504599514925e+01
3.625000000000000000e+01 -1.423327413125301000e+01
3.666666666666666430e+01 -1.432230512107634901e+01
3.708333333333333570e+01 -1.441065174720848496e+01
3.750000000000000000e+01 -1.449830187007943749e+01
3.791666666666666430e+01 -1.458525361483896354e+01
3.833333333333333570e+01 -1.467150805329841745e+01
3.875000000000000000e+01 -1.475705164245402656e+01
3.916666666666666430e+01 -1.484187230209243324e+01
3.958333333333333570e+01 -1.492595510872072673e+01
4.000000000000000000e+01 -1.484262177538739458e+01
