0.000000000000000000e+00 2.369692247433820853e+01
4.166666666666666852e-01 2.322199459496635043e+01
8.333333333333333703e-01 2.271900775435480924e+01
1.250000000000000000e+00 2.220101457810015688e+01
1.666666666666666741e+00 2.167921228534085643e+01
2.083333333333333481e+00 2.115647527778630987e+01
2.500000000000000000e+00 2.062989817771688550e+01
2.916666666666666519e+00 2.009751210761014661e+01
3.333333333333333481e+00 1.955916997995464257e+01
3.750000000000000000e+00 1.901467452441226058e+01
4.166666666666666963e+00 1.846389303109018698e+01
4.583333333333333037e+00 1.790682996893699652e+01
5.000000000000000000e+00 1.734313953079428217e+01
5.416666666666666963e+00 1.677233389742622194e+01
5.833333333333333037e+00 1.619544958966065096e+01
6.250000000000000000e+00 1.561572490875199115e+01
6.666666666666666963e+00 1.503775873771463090e+01
7.083333333333333037e+00 1.447125054793655075e+01
7.500000000000000000e+00 1.392466987004002377e+01
7.916666666666666963e+00 1.337130145075230736e+01
8.333333333333333925e+00 1.278276481999946590e+01
8.750000000000000000e+00 1.217857044191243965e+01
9.166666666666666075e+00 1.156781112370445896e+01
9.583333333333333925e+00 1.095203393218067944e+01
1.000000000000000000e+01 1.033217192593204459e+01
1.041666666666666607e+01 9.710069086479794720e+00
1.083333333333333393e+01 9.087652641210071991e+00
1.125000000000000000e+01 8.466573031092110568e+00
1.166666666666666607e+01 7.848956756615217856e+00
1.208333333333333393e+01 7.237869827608047757e+00
1.250000000000000000e+01 6.637808494508725232e+00
1.291666666666666607e+01 6.055633035882377335e+00
1.333333333333333393e+01 5.501159348697797213e+00
1.375000000000000000e+01 4.988911259747774274e+00
1.416666666666666607e+01 4.540227264301959664e+00
1.458333333333333393e+01 4.185675638713121316e+00
1.500000000000000000e+01 3.930254671886998175e+00
1.541666666666666607e+01 3.830650413721183423e+00
1.583333333333333393e+01 3.473932457165239907e+00
1.625000000000000000e+01 3.034601359573888324e+00
1.666666666666666785e+01 2.540920152433514989e+00
1.708333333333333215e+01 2.003397486280951156e+00
1.750000000000000000e+01 1.432724917341092086e+00
1.791666666666666785e+01 8.381010845022039968e-01
1.833333333333333215e+01 2.268848798445324833e-01
1.875000000000000000e+01 -3.953034252441680607e-01
1.916666666666666785e+01 -1.023924857309561842e+00
1.958333333333333215e+01 -1.654979833295141978e+00
2.000000000000000000e+01 -2.284073965469342493e+00
2.041666666666666785e+01 -2.905073922800557096e+00
2.083333333333333215e+01 -3.510299432051485979e+00
2.125000000000000000e+01 -4.092813639257836478e+00
2.166666666666666785e+01 -4.648485543221221761e+00
2.208333333333333215e+01 -5.177341908757010280e+00
2.250000000000000000e+01 -5.680059687566256343e+00
2.291666666666666785e+01 -6.151748052134080602e+00
2.333333333333333215e+01 -6.576750625694041119e+00
2.375000000000000000e+01 -6.926768203570805582e+00
2.416666666666666785e+01 -7.197137184218147965e+00
2.458333333333333215e+01 -7.308244791202295865e+00
2.500000000000000000e+01 -7.603177088670747708e+00
2.541666666666666785e+01 -7.965171965612007909e+00
2.583333333333333215e+01 -8.369475688711887074e+00
2.625000000000000000e+01 -8.807425303501695169e+00
2.666666666666666785e+01 -9.265037118432100982e+00
2.708333333333333215e+01 -9.729505887271439946e+00
2.750000000000000000e+01 -1.019026020447257252e+01
2.791666666666666785e+01 -1.064016959125509132e+01
2.833333333333333215e+01 -1.107729280612150013e+01
2.875000000000000000e+01 -1.150561764551417454e+01
2.916666666666666785e+01 -1.194360790224270197e+01
2.958333333333333215e+01 -1.244578648444071689e+01
3.000000000000000000e+01 -1.287159831873884741e+01
3.041666666666666785e+01 -1.319485877529898943e+01
3.083333333333333215e+01 -1.331924331240017345e+01
3.125000000000000000e+01 -1.341358451194805923e+01
3.166666666666666785e+01 -1.350782974180536478e+01
3.208333333333333570e+01 -1.360197239128904023e+01
3.250000000000000000e+01 -1.369599821154034913e+01
3.291666666666666430e+01 -1.378988857847659233e+01
3.333333333333333570e+01 -1.388361899196486071e+01
3.375000000000000000e+01 -1.397715288833144776e+01
3.416666666666666430e+01 -1.407043369886913453e+01
3.458333333333333570e+01 -1.416340886086125295e+01
3.500000000000000000e+01 -1.425601956035141171e+01
3.541666666666666430e+01 -1.434819857174815105e+01
3.583333333333333570e+01 -1.443987652332346983e+01
3.625000000000000000e+01 -1.453097467363656037e+01
3.666666666666666430e+01 -1.462142139317591116e+01
3.708333333333333570e+01 -1.471115049080519199e+01
3.750000000000000000e+01 -1.480010111198730804e+01
3.791666666666666430e+01 -1.488821174238035461e+01
3.833333333333333570e+01 -1.497542507262046385e+01
3.875000000000000000e+01 -1.506170334174676917e+01
3.916666666666666430e+01 -1.514701471981828007e+01
3.958333333333333570e+01 -1.523134044218118532e+01
4.000000000000000000e+01 -1.514800710884785317e+01
