0.000000000000000000e+00 7.489109246476481907e+00
4.166666666666666852e-01 6.651728150128319861e+00
8.333333333333333703e-01 5.842287633747608844e+00
1.250000000000000000e+00 5.067211996234190607e+00
1.666666666666666741e+00 4.331018104480953923e+00
2.083333333333333481e+00 3.636821028612071682e+00
2.500000000000000000e+00 2.986648520644233251e+00
2.916666666666666519e+00 2.381667604480266931e+00
3.333333333333333481e+00 1.822345837385616729e+00
3.750000000000000000e+00 1.308576474404273604e+00
4.166666666666666963e+00 8.397799886036252381e-01
4.583333333333333037e+00 4.149889290188883972e-01
5.000000000000000000e+00 3.292024290137977177e-02
5.416666666666666963e+00 -3.079623061655567540e-01
5.833333333333333037e+00 -6.093938505992689825e-01
6.250000000000000000e+00 -8.732609993666992088e-01
6.666666666666666963e+00 -1.101560353827867100e+00
7.083333333333333037e+00 -1.296362231291753764e+00
7.500000000000000000e+00 -1.459779017240639964e+00
7.916666666666666963e+00 -1.593937662988970105e+00
8.333333333333333925e+00 -1.700955915922025330e+00
8.750000000000000000e+00 -1.782921927533818618e+00
9.166666666666666075e+00 -1.841876917930155955e+00
9.583333333333333925e+00 -1.879800614568105877e+00
1.000000000000000000e+01 -1.898599205196780382e+00
1.041666666666666607e+01 -1.900095570341516549e+00
1.083333333333333393e+01 -1.886021579527324299e+00
1.125000000000000000e+01 -1.858012251801369086e+00
1.166666666666666607e+01 -1.817601599083626729e+00
1.208333333333333393e+01 -1.766219984105899643e+00
1.250000000000000000e+01 -1.705192837213623580e+00
1.291666666666666607e+01 -1.635740591474877270e+00
1.333333333333333393e+01 -1.558979703290992669e+00
1.375000000000000000e+01 -1.475924640465242410e+00
1.416666666666666607e+01 -1.387490727451465178e+00
1.458333333333333393e+01 -1.294497747321478487e+00
1.500000000000000000e+01 -1.197674210026130392e+00
1.541666666666666607e+01 -1.097662204412671816e+00
1.583333333333333393e+01 -9.950227580124983984e-01
1.625000000000000000e+01 -8.902416385375873098e-01
1.666666666666666785e+01 -7.837355349519861125e-01
1.708333333333333215e+01 -6.758585638909460069e-01
1.750000000000000000e+01 -5.669090522361146522e-01
1.791666666666666785e+01 -4.571365508847095027e-01
1.833333333333333215e+01 -3.467490403856604564e-01
1.875000000000000000e+01 -2.359202925863726485e-01
1.916666666666666785e+01 -1.247973547023926155e-01
1.958333333333333215e+01 -1.350812597931436154e-02
2.000000000000000000e+01 9.783100080430376377e-02
2.041666666666666785e+01 2.091074601340077166e-01
2.083333333333333215e+01 3.202048228635934746e-01
2.125000000000000000e+01 4.309951178067261135e-01
2.166666666666666785e+01 5.413311938871289142e-01
2.208333333333333215e+01 6.510391460432564115e-01
2.250000000000000000e+01 7.599108372343926776e-01
2.291666666666666785e+01 8.676965432679711876e-01
2.333333333333333215e+01 9.740977551389780054e-01
2.375000000000000000e+01 1.078760174569039387e+00
2.416666666666666785e+01 1.181266942467401604e+00
2.458333333333333215e+01 1.281132145223299323e+00
2.500000000000000000e+01 1.377794648116343890e+00
2.541666666666666785e+01 1.470612309529267803e+00
2.583333333333333215e+01 1.558856639066067196e+00
2.625000000000000000e+01 1.641707966100868221e+00
2.666666666666666785e+01 1.718251193358531603e+00
2.708333333333333215e+01 1.787472219368727577e+00
2.750000000000000000e+01 1.848255120756982617e+00
2.791666666666666785e+01 1.899380194059625326e+00
2.833333333333333215e+01 1.939522967638276141e+00
2.875000000000000000e+01 1.967254303854065078e+00
2.916666666666666785e+01 1.981041721302120973e+00
2.958333333333333215e+01 1.979252081578509292e+00
3.000000000000000000e+01 1.960155794495392900e+00
3.041666666666666785e+01 1.921932710482794793e+00
3.083333333333333215e+01 1.862679882890935223e+00
3.125000000000000000e+01 1.780421400031590995e+00
3.166666666666666785e+01 1.673120500550953516e+00
3.208333333333333570e+01 1.538694210528153139e+00
3.250000000000000000e+01 1.375030756801135956e+00
3.291666666666666430e+01 1.180010041339311311e+00
3.333333333333333570e+01 9.515274900142499659e-01
3.375000000000000000e+01 6.875216275801642185e-01
3.416666666666666430e+01 3.860057794384106344e-01
3.458333333333333570e+01 4.510436622859428230e-02
3.500000000000000000e+01 -3.369056530471987720e-01
3.541666666666666430e+01 -7.615475013756949352e-01
3.583333333333333570e+01 -1.230090584027495826e+00
3.625000000000000000e+01 -1.743488574147679993e+00
3.666666666666666430e+01 -2.302307881687763569e+00
3.708333333333333570e+01 -2.906643949036379126e+00
3.750000000000000000e+01 -3.556021270290754988e+00
3.791666666666666430e+01 -4.249270027977374298e+00
3.833333333333333570e+01 -4.984366540969203285e+00
3.875000000000000000e+01 -5.758204630449431427e+00
3.916666666666666430e+01 -6.566248539126784856e+00
3.958333333333333570e+01 -7.400917653102898619e+00
4.000000000000000000e+01 -7.317584319769565582e+00
