0.000000000000000000e+00 2.332415751689374517e+01
4.166666666666666852e-01 2.284949279328028737e+01
8.333333333333333703e-01 2.235421243967616434e+01
1.250000000000000000e+00 2.184982958721009894e+01
1.666666666666666741e+00 2.134587971820899099e+01
2.083333333333333481e+00 2.084510875318468237e+01
2.500000000000000000e+00 2.034556018554324908e+01
2.916666666666666519e+00 1.984546274745747851e+01
3.333333333333333481e+00 1.934468480326346196e+01
3.750000000000000000e+00 1.884340365944458640e+01
4.166666666666666963e+00 1.834166143006990168e+01
4.583333333333333037e+00 1.783952802920820346e+01
5.000000000000000000e+00 1.733666269881045352e+01
5.416666666666666963e+00 1.683270064554714196e+01
5.833333333333333037e+00 1.632835839608508266e+01
6.250000000000000000e+00 1.582633403982721276e+01
6.666666666666666963e+00 1.533081441324910976e+01
7.083333333333333037e+00 1.485061052771179568e+01
7.500000000000000000e+00 1.439509459379330991e+01
7.916666666666666963e+00 1.392594043505121348e+01
8.333333333333333925e+00 1.343750657366405576e+01
8.750000000000000000e+00 1.294079039967231992e+01
9.166666666666666075e+00 1.244133854703774844e+01
9.583333333333333925e+00 1.193940787412360649e+01
1.000000000000000000e+01 1.143494490698437538e+01
1.041666666666666607e+01 1.092821160422601601e+01
1.083333333333333393e+01 1.041896230893702224e+01
1.125000000000000000e+01 9.905386440228385325e+00
1.166666666666666607e+01 9.384392755095797511e+00
1.208333333333333393e+01 8.851939283256150759e+00
1.250000000000000000e+01 8.302882684123396473e+00
1.291666666666666607e+01 7.731086892495272700e+00
1.333333333333333393e+01 7.128455655763812793e+00
1.375000000000000000e+01 6.484482791438601623e+00
1.416666666666666607e+01 5.785439868195422441e+00
1.458333333333333393e+01 5.018741627585576737e+00
1.500000000000000000e+01 4.188009358391412640e+00
1.541666666666666607e+01 3.314854530420468848e+00
1.583333333333333393e+01 2.548608777525994462e+00
1.625000000000000000e+01 1.868173201947469497e+00
1.666666666666666785e+01 1.249262355345617026e+00
1.708333333333333215e+01 6.753230512177492706e-01
1.750000000000000000e+01 1.338324959988288487e-01
1.791666666666666785e+01 -3.850299353874710451e-01
1.833333333333333215e+01 -8.880313473173609973e-01
1.875000000000000000e+01 -1.379899591788819713e+00
1.916666666666666785e+01 -1.864032633378236659e+00
1.958333333333333215e+01 -2.343060262018226148e+00
2.000000000000000000e+01 -2.819071578427599700e+00
2.041666666666666785e+01 -3.293022978785753452e+00
2.083333333333333215e+01 -3.764548349846132069e+00
2.125000000000000000e+01 -4.233108672102009251e+00
2.166666666666666785e+01 -4.698792280369644025e+00
2.208333333333333215e+01 -5.160851426155029564e+00
2.250000000000000000e+01 -5.616453163418476890e+00
2.291666666666666785e+01 -6.061982374150255204e+00
2.333333333333333215e+01 -6.495383406833151518e+00
2.375000000000000000e+01 -6.919252528289614901e+00
2.416666666666666785e+01 -7.350877375185461027e+00
2.458333333333333215e+01 -7.835583010171333740e+00
2.500000000000000000e+01 -8.284125144403155616e+00
2.541666666666666785e+01 -8.682932714760124071e+00
2.583333333333333215e+01 -9.075722804716439995e+00
2.625000000000000000e+01 -9.476142186187487937e+00
2.666666666666666785e+01 -9.883492735032795906e+00
2.708333333333333215e+01 -1.029120620786260076e+01
2.750000000000000000e+01 -1.069097455917930795e+01
2.791666666666666785e+01 -1.107566756657237939e+01
2.833333333333333215e+01 -1.144375444798994401e+01
2.875000000000000000e+01 -1.180326082132767418e+01
2.916666666666666785e+01 -1.217524290837445378e+01
2.958333333333333215e+01 -1.260805719815084380e+01
3.000000000000000000e+01 -1.297844462031669011e+01
3.041666666666666785e+01 -1.327105878559197727e+01
3.083333333333333215e+01 -1.338500277580921427e+01
3.125000000000000000e+01 -1.347188781564566895e+01
3.166666666666666785e+01 -1.355907889676393019e+01
3.208333333333333570e+01 -1.364651583182341810e+01
3.250000000000000000e+01 -1.373414223698493686e+01
3.291666666666666430e+01 -1.382190099373929115e+01
3.333333333333333570e+01 -1.390973469563178533e+01
3.375000000000000000e+01 -1.399759116827132921e+01
3.416666666666666430e+01 -1.408543120348577204e+01
3.458333333333333570e+01 -1.417320497842116644e+01
3.500000000000000000e+01 -1.426086317232863365e+01
3.541666666666666430e+01 -1.434836046869420834e+01
3.583333333333333570e+01 -1.443565112580068543e+01
3.625000000000000000e+01 -1.452269835277782306e+01
3.666666666666666430e+01 -1.460946030837958354e+01
3.708333333333333570e+01 -1.469589430381839712e+01
3.750000000000000000e+01 -1.478195940936091368e+01
3.791666666666666430e+01 -1.486762484743257318e+01
3.833333333333333570e+01 -1.495286740726329811e+01
3.875000000000000000e+01 -1.503765811608460545e+01
3.916666666666666430e+01 -1.512197739979240474e+01
3.958333333333333570e+01 -1.520580915133044719e+01
4.000000000000000000e+01 -1.512247581799711504e+01
