0.000000000000000000e+00 2.414709334247999450e+01
4.166666666666666852e-01 2.360518373121599467e+01
8.333333333333333703e-01 2.307304254403447175e+01
1.250000000000000000e+00 2.254174703950370784e+01
1.666666666666666741e+00 2.200496665900305260e+01
2.083333333333333481e+00 2.146230480144818742e+01
2.500000000000000000e+00 2.091575135556585252e+01
2.916666666666666519e+00 2.036624625847216663e+01
3.333333333333333481e+00 1.981411413031976565e+01
3.750000000000000000e+00 1.925931214199885488e+01
4.166666666666666963e+00 1.870190044710652444e+01
4.583333333333333037e+00 1.814258235862655155e+01
5.000000000000000000e+00 1.758198378122461136e+01
5.416666666666666963e+00 1.701957879966118981e+01
5.833333333333333037e+00 1.645515489209783766e+01
6.250000000000000000e+00 1.589101364417348705e+01
6.666666666666666963e+00 1.532759375903457766e+01
7.083333333333333037e+00 1.475514616850748162e+01
7.500000000000000000e+00 1.416131315994136131e+01
7.916666666666666963e+00 1.357982605477269189e+01
8.333333333333333925e+00 1.301504334140428476e+01
8.750000000000000000e+00 1.245065871941624636e+01
9.166666666666666075e+00 1.188072017359879062e+01
9.583333333333333925e+00 1.130608008324194280e+01
1.000000000000000000e+01 1.072807355604092550e+01
1.041666666666666607e+01 1.014805458449182574e+01
1.083333333333333393e+01 9.567226938084926857e+00
1.125000000000000000e+01 8.986258074168704368e+00
1.166666666666666607e+01 8.405210092334636229e+00
1.208333333333333393e+01 7.823482841467118476e+00
1.250000000000000000e+01 7.240103457915323837e+00
1.291666666666666607e+01 6.653758099354005751e+00
1.333333333333333393e+01 6.063136600620050665e+00
1.375000000000000000e+01 5.468823175440181039e+00
1.416666666666666607e+01 4.876702545576909742e+00
1.458333333333333393e+01 4.304403158294364928e+00
1.500000000000000000e+01 3.786290252314698179e+00
1.541666666666666607e+01 3.259424353590719026e+00
1.583333333333333393e+01 2.709147457072042187e+00
1.625000000000000000e+01 2.154981840685950445e+00
1.666666666666666785e+01 1.600777270457155899e+00
1.708333333333333215e+01 1.047916486552600057e+00
1.750000000000000000e+01 4.968149972118571234e-01
1.791666666666666785e+01 -5.227659238782381146e-02
1.833333333333333215e+01 -5.986401767405797880e-01
1.875000000000000000e+01 -1.141196102911305355e+00
1.916666666666666785e+01 -1.679313619399777968e+00
1.958333333333333215e+01 -2.214040975159704328e+00
2.000000000000000000e+01 -2.748322257124398149e+00
2.041666666666666785e+01 -3.286275769124560320e+00
2.083333333333333215e+01 -3.832611753109522734e+00
2.125000000000000000e+01 -4.391714643444827537e+00
2.166666666666666785e+01 -4.954009850817220340e+00
2.208333333333333215e+01 -5.520030744469131889e+00
2.250000000000000000e+01 -6.095295831851780477e+00
2.291666666666666785e+01 -6.625037424469144121e+00
2.333333333333333215e+01 -7.113007580430038779e+00
2.375000000000000000e+01 -7.555248545247404302e+00
2.416666666666666785e+01 -7.946061890351489687e+00
2.458333333333333215e+01 -8.253744174335270856e+00
2.500000000000000000e+01 -8.604377653579945218e+00
2.541666666666666785e+01 -9.024711757318470973e+00
2.583333333333333215e+01 -9.469309616460661161e+00
2.625000000000000000e+01 -9.916332182885227553e+00
2.666666666666666785e+01 -1.034788708341530139e+01
2.708333333333333215e+01 -1.077039294352507426e+01
2.750000000000000000e+01 -1.120549524103141792e+01
2.791666666666666785e+01 -1.164525176709132559e+01
2.833333333333333215e+01 -1.205107820534160190e+01
2.875000000000000000e+01 -1.240900980189453939e+01
2.916666666666666785e+01 -1.250577943609071419e+01
2.958333333333333215e+01 -1.258930830054823957e+01
3.000000000000000000e+01 -1.267278642936465261e+01
3.041666666666666785e+01 -1.275618419337222242e+01
3.083333333333333215e+01 -1.283948949623986024e+01
3.125000000000000000e+01 -1.292271932030128312e+01
3.166666666666666785e+01 -1.300589200833863224e+01
3.208333333333333570e+01 -1.308901504285832651e+01
3.250000000000000000e+01 -1.317209140218956698e+01
3.291666666666666430e+01 -1.325512283859595009e+01
3.333333333333333570e+01 -1.333811001915665884e+01
3.375000000000000000e+01 -1.342105045443964428e+01
3.416666666666666430e+01 -1.350393405735032815e+01
3.458333333333333570e+01 -1.358677076378986648e+01
3.500000000000000000e+01 -1.366957866447159020e+01
3.541666666666666430e+01 -1.375237748493698042e+01
3.583333333333333570e+01 -1.383518947145605793e+01
3.625000000000000000e+01 -1.391802596706325268e+01
3.666666666666666430e+01 -1.400090063509534133e+01
3.708333333333333570e+01 -1.408382459844862922e+01
3.750000000000000000e+01 -1.416680469339696735e+01
3.791666666666666430e+01 -1.424983731185254321e+01
3.833333333333333570e+01 -1.433291542772218641e+01
3.875000000000000000e+01 -1.441604606546832201e+01
3.916666666666666430e+01 -1.449923495511638727e+01
3.958333333333333570e+01 -1.458249174753300359e+01
4.000000000000000000e+01 -1.449915841419967144e+01
