0.000000000000000000e+00 2.331283921928013214e+01
4.166666666666666852e-01 2.283586315930832811e+01
8.333333333333333703e-01 2.233791366612433649e+01
1.250000000000000000e+00 2.182897350360221012e+01
1.666666666666666741e+00 2.131784016849554675e+01
2.083333333333333481e+00 2.080746482516626017e+01
2.500000000000000000e+00 2.029626231677036330e+01
2.916666666666666519e+00 1.978264757002228791e+01
3.333333333333333481e+00 1.926631106941965754e+01
3.750000000000000000e+00 1.874716732267797425e+01
4.166666666666666963e+00 1.822528459484404806e+01
4.583333333333333037e+00 1.770083647273794369e+01
5.000000000000000000e+00 1.717376426085106189e+01
5.416666666666666963e+00 1.664363289893247710e+01
5.833333333333333037e+00 1.611022242602305710e+01
6.250000000000000000e+00 1.557481838617474068e+01
6.666666666666666963e+00 1.504048885185116013e+01
7.083333333333333037e+00 1.451446119203658647e+01
7.500000000000000000e+00 1.400448375826259628e+01
7.916666666666666963e+00 1.347877481933648625e+01
8.333333333333333925e+00 1.293229245772490899e+01
8.750000000000000000e+00 1.238108993006483516e+01
9.166666666666666075e+00 1.183270358966287539e+01
9.583333333333333925e+00 1.128724805796091424e+01
1.000000000000000000e+01 1.074334638229903760e+01
1.041666666666666607e+01 1.020027551232914931e+01
1.083333333333333393e+01 9.658102383876620678e+00
1.125000000000000000e+01 9.116675991302651383e+00
1.166666666666666607e+01 8.575532557452543614e+00
1.208333333333333393e+01 8.034513400529398552e+00
1.250000000000000000e+01 7.493983632751958446e+00
1.291666666666666607e+01 6.955106492812216601e+00
1.333333333333333393e+01 6.419834338934154339e+00
1.375000000000000000e+01 5.890617830491240881e+00
1.416666666666666607e+01 5.370080486813950671e+00
1.458333333333333393e+01 4.857208456987961220e+00
1.500000000000000000e+01 4.336464108865619949e+00
1.541666666666666607e+01 3.772948472663614439e+00
1.583333333333333393e+01 3.216708955395788827e+00
1.625000000000000000e+01 2.689108457447004774e+00
1.666666666666666785e+01 2.167642719013562314e+00
1.708333333333333215e+01 1.646712747573765734e+00
1.750000000000000000e+01 1.126071531777465218e+00
1.791666666666666785e+01 6.069158004402566142e-01
1.833333333333333215e+01 9.169767183129098886e-02
1.875000000000000000e+01 -4.164332939799142430e-01
1.916666666666666785e+01 -9.157396442984446772e-01
1.958333333333333215e+01 -1.408711180388123152e+00
2.000000000000000000e+01 -1.900545435967965435e+00
2.041666666666666785e+01 -2.395239546132570396e+00
2.083333333333333215e+01 -2.893251591360944008e+00
2.125000000000000000e+01 -3.392588787364073877e+00
2.166666666666666785e+01 -3.890362921970274002e+00
2.208333333333333215e+01 -4.384238476774000581e+00
2.250000000000000000e+01 -4.873967339085828243e+00
2.291666666666666785e+01 -5.362610402509289109e+00
2.333333333333333215e+01 -5.856964656555101456e+00
2.375000000000000000e+01 -6.365601984660014701e+00
2.416666666666666785e+01 -6.900039798269346214e+00
2.458333333333333215e+01 -7.481379289773121499e+00
2.500000000000000000e+01 -8.028610149711166599e+00
2.541666666666666785e+01 -8.510050106993316987e+00
2.583333333333333215e+01 -8.957846092660641801e+00
2.625000000000000000e+01 -9.388977466025512086e+00
2.666666666666666785e+01 -9.812160558299945379e+00
2.708333333333333215e+01 -1.022921867108296823e+01
2.750000000000000000e+01 -1.063731977155262420e+01
2.791666666666666785e+01 -1.102662889862845041e+01
2.833333333333333215e+01 -1.139198629180717859e+01
2.875000000000000000e+01 -1.175011992163525854e+01
2.916666666666666785e+01 -1.211244159590681413e+01
2.958333333333333215e+01 -1.252236021402457311e+01
3.000000000000000000e+01 -1.291625171570747277e+01
3.041666666666666785e+01 -1.326452861214293932e+01
3.083333333333333215e+01 -1.360199465993215640e+01
3.125000000000000000e+01 -1.372611713368011799e+01
3.166666666666666785e+01 -1.382014181027844479e+01
3.208333333333333570e+01 -1.391309080551982014e+01
3.250000000000000000e+01 -1.400509003696319255e+01
3.291666666666666430e+01 -1.409626119979258974e+01
3.333333333333333570e+01 -1.418671117881281951e+01
3.375000000000000000e+01 -1.427653176474002805e+01
3.416666666666666430e+01 -1.436580560823364117e+01
3.458333333333333570e+01 -1.445458382542779852e+01
3.500000000000000000e+01 -1.454289984293914628e+01
3.541666666666666430e+01 -1.463077638760386812e+01
3.583333333333333570e+01 -1.471822472895374645e+01
3.625000000000000000e+01 -1.480525725849026486e+01
3.666666666666666430e+01 -1.489187615552432220e+01
3.708333333333333570e+01 -1.497807922830728522e+01
3.750000000000000000e+01 -1.506386325389235381e+01
3.791666666666666430e+01 -1.514923232533521968e+01
3.833333333333333570e+01 -1.523419479003481136e+01
3.875000000000000000e+01 -1.531874909737677193e+01
3.916666666666666430e+01 -1.540289772159135140e+01
3.958333333333333570e+01 -1.548664011758057946e+01
4.000000000000000000e+01 -1.540330678424724731e+01
