0.000000000000000000e+00 2.477785797934208389e+01
4.166666666666666852e-01 2.412769691084838897e+01
8.333333333333333703e-01 2.354209382268477313e+01
1.250000000000000000e+00 2.296247326701261215e+01
1.666666666666666741e+00 2.234876203142661311e+01
2.083333333333333481e+00 2.170115253498803298e+01
2.500000000000000000e+00 2.103469466060195359e+01
2.916666666666666519e+00 2.035606927023725987e+01
3.333333333333333481e+00 1.967017596339009344e+01
3.750000000000000000e+00 1.898504813990810192e+01
4.166666666666666963e+00 1.831284927835276477e+01
4.583333333333333037e+00 1.766986843658611406e+01
5.000000000000000000e+00 1.707071361699942358e+01
5.416666666666666963e+00 1.652359616356111260e+01
5.833333333333333037e+00 1.604035408547515118e+01
6.250000000000000000e+00 1.563371090622149495e+01
6.666666666666666963e+00 1.527306259584970327e+01
7.083333333333333037e+00 1.512139164158768878e+01
7.500000000000000000e+00 1.489167622404487901e+01
7.916666666666666963e+00 1.452791449595506990e+01
8.333333333333333925e+00 1.405827228590380962e+01
8.750000000000000000e+00 1.351196668521489741e+01
9.166666666666666075e+00 1.291291121262101349e+01
9.583333333333333925e+00 1.227987550519214111e+01
1.000000000000000000e+01 1.162723022555161911e+01
1.041666666666666607e+01 1.096313613281380483e+01
1.083333333333333393e+01 1.029170143982949170e+01
1.125000000000000000e+01 9.613933460439465506e+00
1.166666666666666607e+01 8.929852297054713617e+00
1.208333333333333393e+01 8.240978634616439535e+00
1.250000000000000000e+01 7.549356308053118525e+00
1.291666666666666607e+01 6.858406181310368943e+00
1.333333333333333393e+01 6.170933582590884647e+00
1.375000000000000000e+01 5.487130021341437569e+00
1.416666666666666607e+01 4.804950522046294914e+00
1.458333333333333393e+01 4.120811957607116049e+00
1.500000000000000000e+01 3.452408034760579003e+00
1.541666666666666607e+01 2.894027374602127445e+00
1.583333333333333393e+01 2.652488228879596122e+00
1.625000000000000000e+01 2.282781049082790226e+00
1.666666666666666785e+01 1.701878603986956895e+00
1.708333333333333215e+01 1.077855406513585912e+00
1.750000000000000000e+01 4.552072452657192625e-01
1.791666666666666785e+01 -1.552266340376797782e-01
1.833333333333333215e+01 -7.493618002906946574e-01
1.875000000000000000e+01 -1.327338328612480245e+00
1.916666666666666785e+01 -1.891249149803845730e+00
1.958333333333333215e+01 -2.441653952575828512e+00
2.000000000000000000e+01 -2.977803447871788745e+00
2.041666666666666785e+01 -3.497142913940172626e+00
2.083333333333333215e+01 -3.999174629891382615e+00
2.125000000000000000e+01 -4.489081749909988872e+00
2.166666666666666785e+01 -4.972409597501749268e+00
2.208333333333333215e+01 -5.448235957001144492e+00
2.250000000000000000e+01 -5.918658349307897915e+00
2.291666666666666785e+01 -6.397585691351271642e+00
2.333333333333333215e+01 -6.893385840509801632e+00
2.375000000000000000e+01 -7.367608306355943881e+00
2.416666666666666785e+01 -7.729079953464009556e+00
2.458333333333333215e+01 -7.816184975286560643e+00
2.500000000000000000e+01 -8.304719385344546012e+00
2.541666666666666785e+01 -8.775915417567063059e+00
2.583333333333333215e+01 -9.202701053550836008e+00
2.625000000000000000e+01 -9.595234587330400799e+00
2.666666666666666785e+01 -9.972263939198489524e+00
2.708333333333333215e+01 -1.035317724597935118e+01
2.750000000000000000e+01 -1.074723186293017996e+01
2.791666666666666785e+01 -1.116185807915493022e+01
2.833333333333333215e+01 -1.160534605795584895e+01
2.875000000000000000e+01 -1.210267086567575845e+01
2.916666666666666785e+01 -1.264309238642914401e+01
2.958333333333333215e+01 -1.311547765069074245e+01
3.000000000000000000e+01 -1.320848282348324609e+01
3.041666666666666785e+01 -1.329075803885428009e+01
3.083333333333333215e+01 -1.337300039150238540e+01
3.125000000000000000e+01 -1.345520816023542743e+01
3.166666666666666785e+01 -1.353737682841512147e+01
3.208333333333333570e+01 -1.361949811843064495e+01
3.250000000000000000e+01 -1.370156359751353747e+01
3.291666666666666430e+01 -1.378357246133047376e+01
3.333333333333333570e+01 -1.386553664318107870e+01
3.375000000000000000e+01 -1.394748308732460629e+01
3.416666666666666430e+01 -1.402945364166326137e+01
3.458333333333333570e+01 -1.411146903920248086e+01
3.500000000000000000e+01 -1.419353619539644740e+01
3.541666666666666430e+01 -1.427565423797313038e+01
3.583333333333333570e+01 -1.435781657258998578e+01
3.625000000000000000e+01 -1.444002986557567958e+01
3.666666666666666430e+01 -1.452230363400560620e+01
3.708333333333333570e+01 -1.460465616677435818e+01
3.750000000000000000e+01 -1.468711350931229376e+01
3.791666666666666430e+01 -1.476970987905921362e+01
3.833333333333333570e+01 -1.485247310550644251e+01
3.875000000000000000e+01 -1.493540235744803191e+01
3.916666666666666430e+01 -1.501848616519903068e+01
3.958333333333333570e+01 -1.510170327932046419e+01
4.000000000000000000e+01 -1.501836994598713204e+01
