0.000000000000000000e+00 2.302371287643550701e+01
4.166666666666666852e-01 2.256954285923741566e+01
8.333333333333333703e-01 2.210435922300708000e+01
1.250000000000000000e+00 2.163473418361748202e+01
1.666666666666666741e+00 2.116846593116824948e+01
2.083333333333333481e+00 2.070880187302810782e+01
2.500000000000000000e+00 2.025353839370225018e+01
2.916666666666666519e+00 1.979900581917245717e+01
3.333333333333333481e+00 1.934325662267959700e+01
3.750000000000000000e+00 1.888597794808384123e+01
4.166666666666666963e+00 1.842720059061642601e+01
4.583333333333333037e+00 1.796586872896774878e+01
5.000000000000000000e+00 1.749851602968350406e+01
5.416666666666666963e+00 1.701967477299930565e+01
5.833333333333333037e+00 1.652293407787663782e+01
6.250000000000000000e+00 1.600221750823669353e+01
6.666666666666666963e+00 1.545039999505694439e+01
7.083333333333333037e+00 1.485663883862852330e+01
7.500000000000000000e+00 1.421592502712782746e+01
7.916666666666666963e+00 1.347052510796200053e+01
8.333333333333333925e+00 1.270795860883174910e+01
8.750000000000000000e+00 1.197851107281903715e+01
9.166666666666666075e+00 1.130452255106894910e+01
9.583333333333333925e+00 1.068185801401742019e+01
1.000000000000000000e+01 1.009822422974566436e+01
1.041666666666666607e+01 9.542443822116613461e+00
1.083333333333333393e+01 9.006169456273008578e+00
1.125000000000000000e+01 8.483370340807464771e+00
1.166666666666666607e+01 7.969347680913683618e+00
1.208333333333333393e+01 7.460736335848091372e+00
1.250000000000000000e+01 6.955476056291338693e+00
1.291666666666666607e+01 6.452572675660426249e+00
1.333333333333333393e+01 5.952212676681282844e+00
1.375000000000000000e+01 5.454731738634420068e+00
1.416666666666666607e+01 4.958653292907231780e+00
1.458333333333333393e+01 4.456328833771979525e+00
1.500000000000000000e+01 3.928439293195240545e+00
1.541666666666666607e+01 3.415835057739453617e+00
1.583333333333333393e+01 2.915408384431168454e+00
1.625000000000000000e+01 2.415258625701394823e+00
1.666666666666666785e+01 1.912729966448163399e+00
1.708333333333333215e+01 1.408561271646403767e+00
1.750000000000000000e+01 9.056434084251481220e-01
1.791666666666666785e+01 4.075473356498010569e-01
1.833333333333333215e+01 -8.401205622663680816e-02
1.875000000000000000e+01 -5.691527194427082881e-01
1.916666666666666785e+01 -1.049340867124300969e+00
1.958333333333333215e+01 -1.526656659901876045e+00
2.000000000000000000e+01 -2.001569619801482958e+00
2.041666666666666785e+01 -2.471508519490305922e+00
2.083333333333333215e+01 -2.934348724695392541e+00
2.125000000000000000e+01 -3.392696709545277578e+00
2.166666666666666785e+01 -3.852420865739762945e+00
2.208333333333333215e+01 -4.317976109413924846e+00
2.250000000000000000e+01 -4.788798061066049883e+00
2.291666666666666785e+01 -5.260029858996126961e+00
2.333333333333333215e+01 -5.724815251042397080e+00
2.375000000000000000e+01 -6.179673568476312440e+00
2.416666666666666785e+01 -6.635787686340367308e+00
2.458333333333333215e+01 -7.127971651868167058e+00
2.500000000000000000e+01 -7.595462149979672617e+00
2.541666666666666785e+01 -8.024772949784994225e+00
2.583333333333333215e+01 -8.443498780232074452e+00
2.625000000000000000e+01 -8.857905240027271532e+00
2.666666666666666785e+01 -9.267183186303871167e+00
2.708333333333333215e+01 -9.673405233355522270e+00
2.750000000000000000e+01 -1.008552187393216037e+01
2.791666666666666785e+01 -1.050678280070147075e+01
2.833333333333333215e+01 -1.092257443766308533e+01
2.875000000000000000e+01 -1.131161629833824556e+01
2.916666666666666785e+01 -1.168789626911476809e+01
2.958333333333333215e+01 -1.214581520346070853e+01
3.000000000000000000e+01 -1.256720191548925136e+01
3.041666666666666785e+01 -1.290916605766446068e+01
3.083333333333333215e+01 -1.322518779413312551e+01
3.125000000000000000e+01 -1.352381995483727550e+01
3.166666666666666785e+01 -1.380436248887562734e+01
3.208333333333333570e+01 -1.391202095195113486e+01
3.250000000000000000e+01 -1.399696655722726391e+01
3.291666666666666430e+01 -1.408181764706972139e+01
3.333333333333333570e+01 -1.416656547306138236e+01
3.375000000000000000e+01 -1.425120146379292940e+01
3.416666666666666430e+01 -1.433571042529253248e+01
3.458333333333333570e+01 -1.442009506641919714e+01
3.500000000000000000e+01 -1.450436349090521126e+01
3.541666666666666430e+01 -1.458852362822103288e+01
3.583333333333333570e+01 -1.467258586398950904e+01
3.625000000000000000e+01 -1.475655198703007009e+01
3.666666666666666430e+01 -1.484042928916393045e+01
3.708333333333333570e+01 -1.492422637996736512e+01
3.750000000000000000e+01 -1.500795109520094783e+01
3.791666666666666430e+01 -1.509160307358536279e+01
3.833333333333333570e+01 -1.517517835412250804e+01
3.875000000000000000e+01 -1.525868469602375121e+01
3.916666666666666430e+01 -1.534212648390762190e+01
3.958333333333333570e+01 -1.542551069814633102e+01
4.000000000000000000e+01 -1.534217736481299887e+01
