0.000000000000000000e+00 2.288523128341750734e+01
4.166666666666666852e-01 2.243270653564614037e+01
8.333333333333333703e-01 2.194279242317173839e+01
1.250000000000000000e+00 2.143498869965343445e+01
1.666666666666666741e+00 2.092617474481993156e+01
2.083333333333333481e+00 2.042105513790860272e+01
2.500000000000000000e+00 1.991582541158646080e+01
2.916666666666666519e+00 1.940756425700689292e+01
3.333333333333333481e+00 1.889579786998614352e+01
3.750000000000000000e+00 1.838051552790368248e+01
4.166666666666666963e+00 1.786175639072792976e+01
4.583333333333333037e+00 1.733918652759489731e+01
5.000000000000000000e+00 1.681123274533075218e+01
5.416666666666666963e+00 1.627610362494321095e+01
5.833333333333333037e+00 1.573504370769308736e+01
6.250000000000000000e+00 1.519034229999573604e+01
6.666666666666666963e+00 1.464347660317674737e+01
7.083333333333333037e+00 1.410962790803058731e+01
7.500000000000000000e+00 1.361289297537081211e+01
7.916666666666666963e+00 1.308134558544532844e+01
8.333333333333333925e+00 1.251083747185619366e+01
8.750000000000000000e+00 1.193759006407377399e+01
9.166666666666666075e+00 1.137551294869132690e+01
9.583333333333333925e+00 1.082208421229440276e+01
1.000000000000000000e+01 1.027245564263964894e+01
1.041666666666666607e+01 9.723783572985333024e+00
1.083333333333333393e+01 9.175565872215623031e+00
1.125000000000000000e+01 8.627182508197964950e+00
1.166666666666666607e+01 8.078152893415499136e+00
1.208333333333333393e+01 7.529434394686397525e+00
1.250000000000000000e+01 6.983610574387922654e+00
1.291666666666666607e+01 6.445579905221006989e+00
1.333333333333333393e+01 5.922209265364205777e+00
1.375000000000000000e+01 5.420625979083256496e+00
1.416666666666666607e+01 4.943007545744968034e+00
1.458333333333333393e+01 4.465165473947973140e+00
1.500000000000000000e+01 3.917227135063745536e+00
1.541666666666666607e+01 3.376430394411768621e+00
1.583333333333333393e+01 2.886905352225066057e+00
1.625000000000000000e+01 2.396608003312067581e+00
1.666666666666666785e+01 1.894810089991226576e+00
1.708333333333333215e+01 1.385227916806191395e+00
1.750000000000000000e+01 8.748316321528875061e-01
1.791666666666666785e+01 3.689347859223523485e-01
1.833333333333333215e+01 -1.301029513630240775e-01
1.875000000000000000e+01 -6.229507352830088163e-01
1.916666666666666785e+01 -1.112819526394301040e+00
1.958333333333333215e+01 -1.604208072824137465e+00
2.000000000000000000e+01 -2.100724257555618646e+00
2.041666666666666785e+01 -2.602619724514243060e+00
2.083333333333333215e+01 -3.107639807617614824e+00
2.125000000000000000e+01 -3.612408434158290049e+00
2.166666666666666785e+01 -4.113057136532576763e+00
2.208333333333333215e+01 -4.606676688230257000e+00
2.250000000000000000e+01 -5.091022540489600345e+00
2.291666666666666785e+01 -5.561698014203901863e+00
2.333333333333333215e+01 -6.011735209367188304e+00
2.375000000000000000e+01 -6.440319872884528785e+00
2.416666666666666785e+01 -6.875901338073367342e+00
2.458333333333333215e+01 -7.392684334644067157e+00
2.500000000000000000e+01 -7.869330382053490780e+00
2.541666666666666785e+01 -8.275291988760134387e+00
2.583333333333333215e+01 -8.669944557438739707e+00
2.625000000000000000e+01 -9.066176667540414513e+00
2.666666666666666785e+01 -9.458674665996761988e+00
2.708333333333333215e+01 -9.839904232514953719e+00
2.750000000000000000e+01 -1.020879175877782785e+01
2.791666666666666785e+01 -1.056751618903970424e+01
2.833333333333333215e+01 -1.091042283928616996e+01
2.875000000000000000e+01 -1.123177384050338290e+01
2.916666666666666785e+01 -1.156729153514596753e+01
2.958333333333333215e+01 -1.203696221631238217e+01
3.000000000000000000e+01 -1.245623799836601364e+01
3.041666666666666785e+01 -1.275415932063040891e+01
3.083333333333333215e+01 -1.300915242739719524e+01
3.125000000000000000e+01 -1.311712628501858724e+01
3.166666666666666785e+01 -1.320046957720717984e+01
3.208333333333333570e+01 -1.328389354073463302e+01
3.250000000000000000e+01 -1.336735670599609627e+01
3.291666666666666430e+01 -1.345081982291478973e+01
3.333333333333333570e+01 -1.353425283117701028e+01
3.375000000000000000e+01 -1.361764067245995236e+01
3.416666666666666430e+01 -1.370098785443351375e+01
3.458333333333333570e+01 -1.378428765480298601e+01
3.500000000000000000e+01 -1.386753143632528840e+01
3.541666666666666430e+01 -1.395071353299984018e+01
3.583333333333333570e+01 -1.403382970063137769e+01
3.625000000000000000e+01 -1.411689098530512965e+01
3.666666666666666430e+01 -1.419990982638793220e+01
3.708333333333333570e+01 -1.428290411998032994e+01
3.750000000000000000e+01 -1.436589701831676358e+01
3.791666666666666430e+01 -1.444892024584467194e+01
3.833333333333333570e+01 -1.453200344141099443e+01
3.875000000000000000e+01 -1.461515413501531491e+01
3.916666666666666430e+01 -1.469837381260042442e+01
3.958333333333333570e+01 -1.478165467797501265e+01
4.000000000000000000e+01 -1.469832134464168050e+01
