0.000000000000000000e+00 1.283522025066929295e+01
4.166666666666666852e-01 1.205856265433181029e+01
8.333333333333333703e-01 1.128689752787520462e+01
1.250000000000000000e+00 1.054209367935573205e+01
1.666666666666666741e+00 9.826702669771146148e+00
2.083333333333333481e+00 9.136381750830988580e+00
2.500000000000000000e+00 8.468519681025176382e+00
2.916666666666666519e+00 7.818756028891503895e+00
3.333333333333333481e+00 7.179173680686323777e+00
3.750000000000000000e+00 6.553501649738654677e+00
4.166666666666666963e+00 6.023700376312496552e+00
4.583333333333333037e+00 5.712260368105130937e+00
5.000000000000000000e+00 5.529935566886977405e+00
5.416666666666666963e+00 5.144078796938702069e+00
5.833333333333333037e+00 4.771715920362288976e+00
6.250000000000000000e+00 4.421559683394408857e+00
6.666666666666666963e+00 4.088060573999541703e+00
7.083333333333333037e+00 3.771953646219462275e+00
7.500000000000000000e+00 3.473750128453897190e+00
7.916666666666666963e+00 3.193334346123893663e+00
8.333333333333333925e+00 2.930145917615240680e+00
8.750000000000000000e+00 2.683437839047226880e+00
9.166666666666666075e+00 2.452475459831211513e+00
9.583333333333333925e+00 2.236561303616186880e+00
1.000000000000000000e+01 2.035011686864327984e+00
1.041666666666666607e+01 1.847148403791607718e+00
1.083333333333333393e+01 1.672297299171053186e+00
1.125000000000000000e+01 1.509788365705930557e+00
1.166666666666666607e+01 1.358951703227189167e+00
1.208333333333333393e+01 1.219113376777942737e+00
1.250000000000000000e+01 1.089600841673169729e+00
1.291666666666666607e+01 9.697555718456545293e-01
1.333333333333333393e+01 8.589436311510834088e-01
1.375000000000000000e+01 7.567097021694842995e-01
1.416666666666666607e+01 6.630733073918325671e-01
1.458333333333333393e+01 5.798986736432072409e-01
1.500000000000000000e+01 5.139867362383291338e-01
1.541666666666666607e+01 4.540677798252346076e-01
1.583333333333333393e+01 3.925799048506027344e-01
1.625000000000000000e+01 3.323064526067635027e-01
1.666666666666666785e+01 2.748583030864116816e-01
1.708333333333333215e+01 2.200865607689760084e-01
1.750000000000000000e+01 1.677262587800786575e-01
1.791666666666666785e+01 1.173845981645743886e-01
1.833333333333333215e+01 6.864221191261138388e-02
1.875000000000000000e+01 2.107155534645421130e-02
1.916666666666666785e+01 -2.575756154908988987e-02
1.958333333333333215e+01 -7.227708821372424985e-02
2.000000000000000000e+01 -1.189205972065171257e-01
2.041666666666666785e+01 -1.661227964494596254e-01
2.083333333333333215e+01 -2.143194661533892875e-01
2.125000000000000000e+01 -2.639487048899222255e-01
2.166666666666666785e+01 -3.154534009024484442e-01
2.208333333333333215e+01 -3.692831552278932894e-01
2.250000000000000000e+01 -4.259053204231001422e-01
2.291666666666666785e+01 -4.857440401808947317e-01
2.333333333333333215e+01 -5.488251532972890923e-01
2.375000000000000000e+01 -6.141157682897745440e-01
2.416666666666666785e+01 -6.771150957710475593e-01
2.458333333333333215e+01 -7.238384169535756474e-01
2.500000000000000000e+01 -7.955472500224105570e-01
2.541666666666666785e+01 -8.872815876000820223e-01
2.583333333333333215e+01 -9.793135129220824631e-01
2.625000000000000000e+01 -1.076595510255144772e+00
2.666666666666666785e+01 -1.182378195123229059e+00
2.708333333333333215e+01 -1.297614312648328827e+00
2.750000000000000000e+01 -1.422707038758071141e+00
2.791666666666666785e+01 -1.558121239178681172e+00
2.833333333333333215e+01 -1.704440721056650121e+00
2.875000000000000000e+01 -1.862247878640498344e+00
2.916666666666666785e+01 -2.032091594183256245e+00
2.958333333333333215e+01 -2.214496550139670283e+00
3.000000000000000000e+01 -2.409955536987099300e+00
3.041666666666666785e+01 -2.618916657890222766e+00
3.083333333333333215e+01 -2.841778752606825886e+00
3.125000000000000000e+01 -3.078894845284545045e+00
3.166666666666666785e+01 -3.330582640350592705e+00
3.208333333333333570e+01 -3.597148149365946068e+00
3.250000000000000000e+01 -3.878981423672353657e+00
3.291666666666666430e+01 -4.176660963543545435e+00
3.333333333333333570e+01 -4.490601736214305362e+00
3.375000000000000000e+01 -4.818281610418841510e+00
3.416666666666666430e+01 -5.142931507216918163e+00
3.458333333333333570e+01 -5.417202480493806149e+00
3.500000000000000000e+01 -5.708177611997733436e+00
3.541666666666666430e+01 -6.092379976975648148e+00
3.583333333333333570e+01 -6.506034452519416256e+00
3.625000000000000000e+01 -6.936011739729528003e+00
3.666666666666666430e+01 -7.386295827437829864e+00
3.708333333333333570e+01 -7.855651577256021589e+00
3.750000000000000000e+01 -8.342255247813387342e+00
3.791666666666666430e+01 -8.844082494831384977e+00
3.833333333333333570e+01 -9.358595815053293521e+00
3.875000000000000000e+01 -9.881933615677217730e+00
3.916666666666666430e+01 -1.040456604514536565e+01
3.958333333333333570e+01 -1.098624272074917485e+01
4.000000000000000000e+01 -1.090290938741584092e+01
