0.000000000000000000e+00 2.557568639289091195e+01
4.166666666666666852e-01 2.489214832758002771e+01
8.333333333333333703e-01 2.422458149047959353e+01
1.250000000000000000e+00 2.355532031987085162e+01
1.666666666666666741e+00 2.287519438256081372e+01
2.083333333333333481e+00 2.218693719701978395e+01
2.500000000000000000e+00 2.149599963556730131e+01
2.916666666666666519e+00 2.080637562591340384e+01
3.333333333333333481e+00 2.012248191543164921e+01
3.750000000000000000e+00 1.945037705070311418e+01
4.166666666666666963e+00 1.879518822476165596e+01
4.583333333333333037e+00 1.815472722542450867e+01
5.000000000000000000e+00 1.752234834621357251e+01
5.416666666666666963e+00 1.689605942496876878e+01
5.833333333333333037e+00 1.627156861724561665e+01
6.250000000000000000e+00 1.563430399869666232e+01
6.666666666666666963e+00 1.497224039382698990e+01
7.083333333333333037e+00 1.433837394827650158e+01
7.500000000000000000e+00 1.422882379578155643e+01
7.916666666666666963e+00 1.356112922036897750e+01
8.333333333333333925e+00 1.284694890085849472e+01
8.750000000000000000e+00 1.207322397028513805e+01
9.166666666666666075e+00 1.129715276191216589e+01
9.583333333333333925e+00 1.055106519638363594e+01
1.000000000000000000e+01 9.797863094161147757e+00
1.041666666666666607e+01 9.099067775770237176e+00
1.083333333333333393e+01 8.436977783029153244e+00
1.125000000000000000e+01 7.812227050740666812e+00
1.166666666666666607e+01 7.213198291741230506e+00
1.208333333333333393e+01 6.630806490481671034e+00
1.250000000000000000e+01 6.061461963379841222e+00
1.291666666666666607e+01 5.504547692859602215e+00
1.333333333333333393e+01 4.959539629326872756e+00
1.375000000000000000e+01 4.423532245496420323e+00
1.416666666666666607e+01 3.892305430994471571e+00
1.458333333333333393e+01 3.373689538295552293e+00
1.500000000000000000e+01 2.915555582490387376e+00
1.541666666666666607e+01 2.628126180823747493e+00
1.583333333333333393e+01 2.241067337432308459e+00
1.625000000000000000e+01 1.705223197938828816e+00
1.666666666666666785e+01 1.138502840138292393e+00
1.708333333333333215e+01 5.750113688677749302e-01
1.750000000000000000e+01 2.049439261988478256e-02
1.791666666666666785e+01 -5.268983774681583743e-01
1.833333333333333215e+01 -1.069990780958731902e+00
1.875000000000000000e+01 -1.610640400789917992e+00
1.916666666666666785e+01 -2.149351175984251405e+00
1.958333333333333215e+01 -2.686165078991676225e+00
2.000000000000000000e+01 -3.221354042740943946e+00
2.041666666666666785e+01 -3.753510647461979488e+00
2.083333333333333215e+01 -4.278073713413508727e+00
2.125000000000000000e+01 -4.789760426488347100e+00
2.166666666666666785e+01 -5.285175072072009428e+00
2.208333333333333215e+01 -5.762348591973872836e+00
2.250000000000000000e+01 -6.222018723141681029e+00
2.291666666666666785e+01 -6.669984267703934933e+00
2.333333333333333215e+01 -7.114633404333490674e+00
2.375000000000000000e+01 -7.554111522519055377e+00
2.416666666666666785e+01 -7.945078133596443770e+00
2.458333333333333215e+01 -8.165305885025787802e+00
2.500000000000000000e+01 -8.471357425383352791e+00
2.541666666666666785e+01 -8.931117408982416350e+00
2.583333333333333215e+01 -9.424303987547164141e+00
2.625000000000000000e+01 -9.909140565305319726e+00
2.666666666666666785e+01 -1.037627203252813679e+01
2.708333333333333215e+01 -1.082840995236677095e+01
2.750000000000000000e+01 -1.123880594325368243e+01
2.791666666666666785e+01 -1.158496465912527640e+01
2.833333333333333215e+01 -1.168829950385257987e+01
2.875000000000000000e+01 -1.177520045995153986e+01
2.916666666666666785e+01 -1.186200518283236249e+01
2.958333333333333215e+01 -1.194868200460742358e+01
3.000000000000000000e+01 -1.203522655067286351e+01
3.041666666666666785e+01 -1.212166293032517217e+01
3.083333333333333215e+01 -1.220802502294629122e+01
3.125000000000000000e+01 -1.229432276785029643e+01
3.166666666666666785e+01 -1.238055477606681798e+01
3.208333333333333570e+01 -1.246670850095584271e+01
3.250000000000000000e+01 -1.255276476795202001e+01
3.291666666666666430e+01 -1.263870629673089319e+01
3.333333333333333570e+01 -1.272452388374835053e+01
3.375000000000000000e+01 -1.281022035193047692e+01
3.416666666666666430e+01 -1.289581251009207818e+01
3.458333333333333570e+01 -1.298129722483780313e+01
3.500000000000000000e+01 -1.306665985375474648e+01
3.541666666666666430e+01 -1.315188036247382186e+01
3.583333333333333570e+01 -1.323693469375019660e+01
3.625000000000000000e+01 -1.332181256925549917e+01
3.666666666666666430e+01 -1.340650637807551604e+01
3.708333333333333570e+01 -1.349101693644537470e+01
3.750000000000000000e+01 -1.357535315239492846e+01
3.791666666666666430e+01 -1.365953374222659100e+01
3.833333333333333570e+01 -1.374357420699302068e+01
3.875000000000000000e+01 -1.382746553200797912e+01
3.916666666666666430e+01 -1.391119188912204052e+01
3.958333333333333570e+01 -1.399473044858177850e+01
4.000000000000000000e+01 -1.391139711524844635e+01
