0.000000000000000000e+00 2.241029032965847634e+01
4.166666666666666852e-01 2.199651975059909503e+01
8.333333333333333703e-01 2.148785370121086657e+01
1.250000000000000000e+00 2.094413196960248058e+01
1.666666666666666741e+00 2.040812816789247108e+01
2.083333333333333481e+00 1.988223300831315044e+01
2.500000000000000000e+00 1.935598981262248941e+01
2.916666666666666519e+00 1.882825842888728474e+01
3.333333333333333481e+00 1.829881550416698843e+01
3.750000000000000000e+00 1.776341953270372187e+01
4.166666666666666963e+00 1.721906440795074289e+01
4.583333333333333037e+00 1.667140308032547225e+01
5.000000000000000000e+00 1.612637857667773389e+01
5.416666666666666963e+00 1.557861469975130930e+01
5.833333333333333037e+00 1.502022664725493328e+01
6.250000000000000000e+00 1.445261999027008670e+01
6.666666666666666963e+00 1.388159123213822177e+01
7.083333333333333037e+00 1.331208320169897164e+01
7.500000000000000000e+00 1.274594255855744507e+01
7.916666666666666963e+00 1.218434471607251801e+01
8.333333333333333925e+00 1.162854052254335002e+01
8.750000000000000000e+00 1.107868547892847921e+01
9.166666666666666075e+00 1.053480895369224513e+01
9.583333333333333925e+00 9.996237957970819821e+00
1.000000000000000000e+01 9.461202152894575335e+00
1.041666666666666607e+01 8.927986430147315744e+00
1.083333333333333393e+01 8.395113226225861425e+00
1.125000000000000000e+01 7.862300514102562587e+00
1.166666666666666607e+01 7.329705427322264377e+00
1.208333333333333393e+01 6.798353907310048072e+00
1.250000000000000000e+01 6.270165826518083740e+00
1.291666666666666607e+01 5.744383067598774595e+00
1.333333333333333393e+01 5.220290358805012687e+00
1.375000000000000000e+01 4.700790397900695083e+00
1.416666666666666607e+01 4.189201994616970737e+00
1.458333333333333393e+01 3.688219518210023917e+00
1.500000000000000000e+01 3.200505233554527429e+00
1.541666666666666607e+01 2.727837938293866227e+00
1.583333333333333393e+01 2.271250046352520702e+00
1.625000000000000000e+01 1.831238210429686264e+00
1.666666666666666785e+01 1.404845938495703717e+00
1.708333333333333215e+01 9.863337729328633952e-01
1.750000000000000000e+01 5.739232505165587916e-01
1.791666666666666785e+01 1.677238975050601988e-01
1.833333333333333215e+01 -2.387197237141736039e-01
1.875000000000000000e+01 -6.566454286159669751e-01
1.916666666666666785e+01 -1.095584037719769199e+00
1.958333333333333215e+01 -1.558778611167555894e+00
2.000000000000000000e+01 -2.041620510261165755e+00
2.041666666666666785e+01 -2.534847686401493938e+00
2.083333333333333215e+01 -3.027691674578613323e+00
2.125000000000000000e+01 -3.508452590303011931e+00
2.166666666666666785e+01 -3.964897506113489456e+00
2.208333333333333215e+01 -4.387243120170140287e+00
2.250000000000000000e+01 -4.783103235082843518e+00
2.291666666666666785e+01 -5.217364024872824579e+00
2.333333333333333215e+01 -5.840566526326187002e+00
2.375000000000000000e+01 -6.397334834335042686e+00
2.416666666666666785e+01 -6.799257591083845753e+00
2.458333333333333215e+01 -7.182946894799496107e+00
2.500000000000000000e+01 -7.581500478119004072e+00
2.541666666666666785e+01 -7.993567301388139867e+00
2.583333333333333215e+01 -8.410907138255373283e+00
2.625000000000000000e+01 -8.826013885567856931e+00
2.666666666666666785e+01 -9.232432690236525019e+00
2.708333333333333215e+01 -9.622934942303805528e+00
2.750000000000000000e+01 -9.986111415810432490e+00
2.791666666666666785e+01 -1.030603213444451249e+01
2.833333333333333215e+01 -1.057850578119469276e+01
2.875000000000000000e+01 -1.086072318755338451e+01
2.916666666666666785e+01 -1.130933389775654341e+01
2.958333333333333215e+01 -1.171732991332419793e+01
3.000000000000000000e+01 -1.182719154641944037e+01
3.041666666666666785e+01 -1.191019440596179102e+01
3.083333333333333215e+01 -1.199325442921316487e+01
3.125000000000000000e+01 -1.207638970193939798e+01
3.166666666666666785e+01 -1.215962671484986046e+01
3.208333333333333570e+01 -1.224299203469849573e+01
3.250000000000000000e+01 -1.232650213247199744e+01
3.291666666666666430e+01 -1.241015008457104685e+01
3.333333333333333570e+01 -1.249389969296428937e+01
3.375000000000000000e+01 -1.257769393890101206e+01
3.416666666666666430e+01 -1.266146717388514631e+01
3.458333333333333570e+01 -1.274519149280009245e+01
3.500000000000000000e+01 -1.282886857482926324e+01
3.541666666666666430e+01 -1.291252325696196657e+01
3.583333333333333570e+01 -1.299619201080614594e+01
3.625000000000000000e+01 -1.307989218518599017e+01
3.666666666666666430e+01 -1.316362439218616132e+01
3.708333333333333570e+01 -1.324736425900596792e+01
3.750000000000000000e+01 -1.333106888005909596e+01
3.791666666666666430e+01 -1.341468716266312988e+01
3.833333333333333570e+01 -1.349818623349897173e+01
3.875000000000000000e+01 -1.358158003968159733e+01
3.916666666666666430e+01 -1.366490717391701004e+01
3.958333333333333570e+01 -1.374821917170393171e+01
4.000000000000000000e+01 -1.366488583837059956e+01
