0.000000000000000000e+00 1.335636755018816224e+01
4.166666666666666852e-01 1.257128691961167632e+01
8.333333333333333703e-01 1.179301116462964671e+01
1.250000000000000000e+00 1.104080148899848091e+01
1.666666666666666741e+00 1.031683442785520910e+01
2.083333333333333481e+00 9.618174613989662447e+00
2.500000000000000000e+00 8.944218653523604345e+00
2.916666666666666519e+00 8.294934643910478300e+00
3.333333333333333481e+00 7.670213333282985602e+00
3.750000000000000000e+00 7.069549864204804912e+00
4.166666666666666963e+00 6.491542816443693020e+00
4.583333333333333037e+00 5.932760712887055199e+00
5.000000000000000000e+00 5.386978763516292013e+00
5.416666666666666963e+00 4.858111277389455473e+00
5.833333333333333037e+00 4.414846118874204528e+00
6.250000000000000000e+00 4.158407959830466183e+00
6.666666666666666963e+00 4.004548135102907302e+00
7.083333333333333037e+00 3.687016039443008708e+00
7.500000000000000000e+00 3.386209324470328408e+00
7.916666666666666963e+00 3.106645732759464984e+00
8.333333333333333925e+00 2.843220527753747007e+00
8.750000000000000000e+00 2.596009021045035059e+00
9.166666666666666075e+00 2.364936799217770336e+00
9.583333333333333925e+00 2.149606652391516715e+00
1.000000000000000000e+01 1.949415394876648611e+00
1.041666666666666607e+01 1.763548596144085767e+00
1.083333333333333393e+01 1.591103700298464263e+00
1.125000000000000000e+01 1.431229307322639421e+00
1.166666666666666607e+01 1.283146382308644418e+00
1.208333333333333393e+01 1.146123455920148526e+00
1.250000000000000000e+01 1.019455637174443430e+00
1.291666666666666607e+01 9.024530984628167385e-01
1.333333333333333393e+01 7.944392157620819850e-01
1.375000000000000000e+01 6.947530025544235155e-01
1.416666666666666607e+01 6.027500124214834054e-01
1.458333333333333393e+01 5.177953404613312438e-01
1.500000000000000000e+01 4.392548052102207556e-01
1.541666666666666607e+01 3.664988214293682933e-01
1.583333333333333393e+01 2.989173199876198894e-01
1.625000000000000000e+01 2.359294460991299969e-01
1.666666666666666785e+01 1.769812912327271281e-01
1.708333333333333215e+01 1.215350435366687742e-01
1.750000000000000000e+01 6.905721442113818553e-02
1.791666666666666785e+01 1.902203061832007797e-02
1.833333333333333215e+01 -2.889449163920136676e-02
1.875000000000000000e+01 -7.428243192939956718e-02
1.916666666666666785e+01 -1.148822979569750213e-01
1.958333333333333215e+01 -1.395065779802674433e-01
2.000000000000000000e+01 -1.955879289658680464e-01
2.041666666666666785e+01 -2.497502721721046592e-01
2.083333333333333215e+01 -2.916884942435467032e-01
2.125000000000000000e+01 -3.335250220551043143e-01
2.166666666666666785e+01 -3.782097934250230886e-01
2.208333333333333215e+01 -4.263645119205896616e-01
2.250000000000000000e+01 -4.781994587106557226e-01
2.291666666666666785e+01 -5.340709728888766161e-01
2.333333333333333215e+01 -5.944839224552174173e-01
2.375000000000000000e+01 -6.598579495287604235e-01
2.416666666666666785e+01 -7.303757967712414256e-01
2.458333333333333215e+01 -8.061763315210140890e-01
2.500000000000000000e+01 -8.876264606825666759e-01
2.541666666666666785e+01 -9.752995413968557070e-01
2.583333333333333215e+01 -1.069807356670122278e+00
2.625000000000000000e+01 -1.171736539085750151e+00
2.666666666666666785e+01 -1.281649420043622589e+00
2.708333333333333215e+01 -1.400084338894967750e+00
2.750000000000000000e+01 -1.527553188531915795e+00
2.791666666666666785e+01 -1.664540632571850365e+00
2.833333333333333215e+01 -1.811514213015481545e+00
2.875000000000000000e+01 -1.968943899785577489e+00
2.916666666666666785e+01 -2.137304426299407201e+00
2.958333333333333215e+01 -2.317050764481590974e+00
3.000000000000000000e+01 -2.508598910284319139e+00
3.041666666666666785e+01 -2.712340796022323808e+00
3.083333333333333215e+01 -2.928691916953897412e+00
3.125000000000000000e+01 -3.158096053861158214e+00
3.166666666666666785e+01 -3.400813595424489577e+00
3.208333333333333570e+01 -3.654584125673844497e+00
3.250000000000000000e+01 -3.904061970770288603e+00
3.291666666666666430e+01 -4.111109481158668366e+00
3.333333333333333570e+01 -4.304975548028504129e+00
3.375000000000000000e+01 -4.611674986456723246e+00
3.416666666666666430e+01 -4.945125107728571834e+00
3.458333333333333570e+01 -5.297180113611641872e+00
3.500000000000000000e+01 -5.671497410712142084e+00
3.541666666666666430e+01 -6.067159686425580567e+00
3.583333333333333570e+01 -6.483075804166831269e+00
3.625000000000000000e+01 -6.918509578131714299e+00
3.666666666666666430e+01 -7.372878067413991765e+00
3.708333333333333570e+01 -7.845530314755405854e+00
3.750000000000000000e+01 -8.335588283173651192e+00
3.791666666666666430e+01 -8.841802190095970460e+00
3.833333333333333570e+01 -9.362295940030586294e+00
3.875000000000000000e+01 -9.893681891303094389e+00
3.916666666666666430e+01 -1.042669862191559815e+01
3.958333333333333570e+01 -1.102433410959265281e+01
4.000000000000000000e+01 -1.094100077625931888e+01
