0.000000000000000000e+00 3.566741270061790203e+01
4.166666666666666852e-01 3.516449277098511317e+01
8.333333333333333703e-01 3.463496161580993515e+01
1.250000000000000000e+00 3.409373334413539425e+01
1.666666666666666741e+00 3.352732051616192877e+01
2.083333333333333481e+00 3.294853600601928889e+01
2.500000000000000000e+00 3.235881164595813431e+01
2.916666666666666519e+00 3.175846218872104743e+01
3.333333333333333481e+00 3.114608332353149578e+01
3.750000000000000000e+00 3.052049205440310331e+01
4.166666666666666963e+00 2.988236770838009804e+01
4.583333333333333037e+00 2.923659002487196901e+01
5.000000000000000000e+00 2.859180061323676725e+01
5.416666666666666963e+00 2.791543027923868792e+01
5.833333333333333037e+00 2.721707290732829776e+01
6.250000000000000000e+00 2.650421787502402182e+01
6.666666666666666963e+00 2.578076556379054907e+01
7.083333333333333037e+00 2.504674872413879072e+01
7.500000000000000000e+00 2.430202648264427623e+01
7.916666666666666963e+00 2.354812886551239259e+01
8.333333333333333925e+00 2.279258804314865117e+01
8.750000000000000000e+00 2.204824158967884884e+01
9.166666666666666075e+00 2.126981896571764352e+01
9.583333333333333925e+00 2.046266028860285857e+01
1.000000000000000000e+01 1.964056831761153532e+01
1.041666666666666607e+01 1.881315226337055080e+01
1.083333333333333393e+01 1.798104159852156769e+01
1.125000000000000000e+01 1.714249361001786198e+01
1.166666666666666607e+01 1.629588782139186875e+01
1.208333333333333393e+01 1.544075574375430371e+01
1.250000000000000000e+01 1.457746697838130423e+01
1.291666666666666607e+01 1.370679984127608897e+01
1.333333333333333393e+01 1.282972957238329492e+01
1.375000000000000000e+01 1.194963841325003706e+01
1.416666666666666607e+01 1.107918336488550359e+01
1.458333333333333393e+01 1.023521210024993344e+01
1.500000000000000000e+01 9.372364840792025475e+00
1.541666666666666607e+01 8.473043143702890134e+00
1.583333333333333393e+01 7.558887744348377957e+00
1.625000000000000000e+01 6.646672609658632602e+00
1.666666666666666785e+01 5.738949234967473778e+00
1.708333333333333215e+01 4.834735835899873102e+00
1.750000000000000000e+01 3.933958065159099071e+00
1.791666666666666785e+01 3.037966379880325807e+00
1.833333333333333215e+01 2.148044527146832028e+00
1.875000000000000000e+01 1.264913881393342932e+00
1.916666666666666785e+01 3.893254757603680227e-01
1.958333333333333215e+01 -4.780231849875539174e-01
2.000000000000000000e+01 -1.336763259988079655e+00
2.041666666666666785e+01 -2.185910868465460677e+00
2.083333333333333215e+01 -3.023205154626301461e+00
2.125000000000000000e+01 -3.846061559503103577e+00
2.166666666666666785e+01 -4.652101928991744906e+00
2.208333333333333215e+01 -5.438789074897120379e+00
2.250000000000000000e+01 -6.203506660006003592e+00
2.291666666666666785e+01 -6.944130650641189284e+00
2.333333333333333215e+01 -7.659186617708391154e+00
2.375000000000000000e+01 -8.348202661673289171e+00
2.416666666666666785e+01 -9.013740818787900011e+00
2.458333333333333215e+01 -9.673216791667263337e+00
2.500000000000000000e+01 -1.038203570362528261e+01
2.541666666666666785e+01 -1.108453223537477150e+01
2.583333333333333215e+01 -1.172919326370204907e+01
2.625000000000000000e+01 -1.235822237066800788e+01
2.666666666666666785e+01 -1.299167927110121035e+01
2.708333333333333215e+01 -1.363895915050769325e+01
2.750000000000000000e+01 -1.430665183672143215e+01
2.791666666666666785e+01 -1.500289953818874622e+01
2.833333333333333215e+01 -1.573824730671477212e+01
2.875000000000000000e+01 -1.652634543673828560e+01
2.916666666666666785e+01 -1.738770888937866133e+01
2.958333333333333215e+01 -1.835363896031022435e+01
3.000000000000000000e+01 -1.945714469377408662e+01
3.041666666666666785e+01 -2.069540811653674339e+01
3.083333333333333215e+01 -2.199667865528563837e+01
3.125000000000000000e+01 -2.315383814079924107e+01
3.166666666666666785e+01 -2.414233145951296322e+01
3.208333333333333570e+01 -2.498554954055198962e+01
3.250000000000000000e+01 -2.571875291519588203e+01
3.291666666666666430e+01 -2.637124243599625473e+01
3.333333333333333570e+01 -2.696290928843975010e+01
3.375000000000000000e+01 -2.750769126363617900e+01
3.416666666666666430e+01 -2.801636948147747219e+01
3.458333333333333570e+01 -2.849643494538800681e+01
3.500000000000000000e+01 -2.897003066025088813e+01
3.541666666666666430e+01 -2.944200599374564220e+01
3.583333333333333570e+01 -2.991452332757826937e+01
3.625000000000000000e+01 -3.039001474183051599e+01
3.666666666666666430e+01 -3.087079867263871691e+01
3.708333333333333570e+01 -3.135712860821051962e+01
3.750000000000000000e+01 -3.184550366281725786e+01
3.791666666666666430e+01 -3.232839487711344617e+01
3.833333333333333570e+01 -3.279888158159398159e+01
3.875000000000000000e+01 -3.327220179224695329e+01
3.916666666666666430e+01 -3.374219634162506054e+01
3.958333333333333570e+01 -3.420256601648622308e+01
4.000000000000000000e+01 -3.411923268315289448e+01
