0.000000000000000000e+00 2.332825497003250703e+01
4.166666666666666852e-01 2.271193332381786334e+01
8.333333333333333703e-01 2.211636942717545651e+01
1.250000000000000000e+00 2.154124758335559875e+01
1.666666666666666741e+00 2.099598610483551298e+01
2.083333333333333481e+00 2.048034052254627468e+01
2.500000000000000000e+00 1.998070322460539927e+01
2.916666666666666519e+00 1.948809056662833328e+01
3.333333333333333481e+00 1.899917139363355290e+01
3.750000000000000000e+00 1.851202936260026632e+01
4.166666666666666963e+00 1.802554131171781648e+01
4.583333333333333037e+00 1.753930527826440766e+01
5.000000000000000000e+00 1.705021244712562023e+01
5.416666666666666963e+00 1.655502698520668403e+01
5.833333333333333037e+00 1.605446661183241730e+01
6.250000000000000000e+00 1.555123757328569134e+01
6.666666666666666963e+00 1.504101079566431842e+01
7.083333333333333037e+00 1.451583554200970561e+01
7.500000000000000000e+00 1.398280997998865161e+01
7.916666666666666963e+00 1.348001225969763439e+01
8.333333333333333925e+00 1.305012718727928700e+01
8.750000000000000000e+00 1.255667951416061534e+01
9.166666666666666075e+00 1.198894898563070477e+01
9.583333333333333925e+00 1.141271069180137765e+01
1.000000000000000000e+01 1.085459316188588907e+01
1.041666666666666607e+01 1.031435036847402742e+01
1.083333333333333393e+01 9.785922023306172335e+00
1.125000000000000000e+01 9.262667576742078523e+00
1.166666666666666607e+01 8.735481120210929262e+00
1.208333333333333393e+01 8.188835549645610001e+00
1.250000000000000000e+01 7.601452933472052642e+00
1.291666666666666607e+01 6.957461851046222279e+00
1.333333333333333393e+01 6.305712291579947504e+00
1.375000000000000000e+01 5.710220574313929376e+00
1.416666666666666607e+01 5.623596811770073423e+00
1.458333333333333393e+01 5.040616387299325041e+00
1.500000000000000000e+01 4.437772714758154713e+00
1.541666666666666607e+01 3.878863403655996134e+00
1.583333333333333393e+01 3.361115696371792971e+00
1.625000000000000000e+01 2.869752422716174145e+00
1.666666666666666785e+01 2.392968003698773938e+00
1.708333333333333215e+01 1.923583936358623792e+00
1.750000000000000000e+01 1.457109874163680097e+00
1.791666666666666785e+01 9.910200307119075847e-01
1.833333333333333215e+01 5.243776591099662543e-01
1.875000000000000000e+01 5.772883741362250243e-02
1.916666666666666785e+01 -4.083557384401479418e-01
1.958333333333333215e+01 -8.760269042256092487e-01
2.000000000000000000e+01 -1.349604197235080072e+00
2.041666666666666785e+01 -1.830366378641865577e+00
2.083333333333333215e+01 -2.315015006247470808e+00
2.125000000000000000e+01 -2.798738115866582721e+00
2.166666666666666785e+01 -3.280240901404781972e+00
2.208333333333333215e+01 -3.764590474058049807e+00
2.250000000000000000e+01 -4.264796305336033377e+00
2.291666666666666785e+01 -4.798399838523635275e+00
2.333333333333333215e+01 -5.375146353334034011e+00
2.375000000000000000e+01 -5.951082250625150394e+00
2.416666666666666785e+01 -6.487295026044782809e+00
2.458333333333333215e+01 -6.576657480413224732e+00
2.500000000000000000e+01 -7.109213155574938270e+00
2.541666666666666785e+01 -7.664644697533568696e+00
2.583333333333333215e+01 -8.185664887409370039e+00
2.625000000000000000e+01 -8.670676344766865995e+00
2.666666666666666785e+01 -9.124686694085106353e+00
2.708333333333333215e+01 -9.555211481785166328e+00
2.750000000000000000e+01 -9.966837845732390733e+00
2.791666666666666785e+01 -1.035688090084314439e+01
2.833333333333333215e+01 -1.072034386171033127e+01
2.875000000000000000e+01 -1.106151686162710135e+01
2.916666666666666785e+01 -1.142598052084070659e+01
2.958333333333333215e+01 -1.193632479877647157e+01
3.000000000000000000e+01 -1.239784764035741738e+01
3.041666666666666785e+01 -1.275136647856378858e+01
3.083333333333333215e+01 -1.309838047363699509e+01
3.125000000000000000e+01 -1.347146726543583384e+01
3.166666666666666785e+01 -1.386634577813187619e+01
3.208333333333333570e+01 -1.425923235489297980e+01
3.250000000000000000e+01 -1.463987446081791433e+01
3.291666666666666430e+01 -1.499633740659427517e+01
3.333333333333333570e+01 -1.533345219388142944e+01
3.375000000000000000e+01 -1.543495773891007872e+01
3.416666666666666430e+01 -1.551847667645573381e+01
3.458333333333333570e+01 -1.560203967052272844e+01
3.500000000000000000e+01 -1.568563375070093180e+01
3.541666666666666430e+01 -1.576923259490080653e+01
3.583333333333333570e+01 -1.585280267458667858e+01
3.625000000000000000e+01 -1.593632704428778446e+01
3.666666666666666430e+01 -1.601979826519808725e+01
3.708333333333333570e+01 -1.610322549882818777e+01
3.750000000000000000e+01 -1.618663135757356741e+01
3.791666666666666430e+01 -1.627004786160065919e+01
3.833333333333333570e+01 -1.635349675767999145e+01
3.875000000000000000e+01 -1.643696448298501167e+01
3.916666666666666430e+01 -1.652042219342068563e+01
3.958333333333333570e+01 -1.660383150498207527e+01
4.000000000000000000e+01 -1.652049817164873957e+01
