0.000000000000000000e+00 2.295726931976546581e+01
4.166666666666666852e-01 2.248513334387633122e+01
8.333333333333333703e-01 2.199732677669092240e+01
1.250000000000000000e+00 2.149954146848192948e+01
1.666666666666666741e+00 2.099842848088901093e+01
2.083333333333333481e+00 2.049626738112824498e+01
2.500000000000000000e+00 1.999094105995684600e+01
2.916666666666666519e+00 1.948091488064932975e+01
3.333333333333333481e+00 1.896642733940423398e+01
3.750000000000000000e+00 1.844794206811575066e+01
4.166666666666666963e+00 1.792588630523925275e+01
4.583333333333333037e+00 1.740051839300702952e+01
5.000000000000000000e+00 1.687194199591574417e+01
5.416666666666666963e+00 1.634038044139650481e+01
5.833333333333333037e+00 1.580746846517527082e+01
6.250000000000000000e+00 1.527811587148840111e+01
6.666666666666666963e+00 1.476036628039198106e+01
7.083333333333333037e+00 1.426650088261204807e+01
7.500000000000000000e+00 1.380293072245304487e+01
7.916666666666666963e+00 1.335160843934185948e+01
8.333333333333333925e+00 1.287883314751870145e+01
8.750000000000000000e+00 1.239339659350093648e+01
9.166666666666666075e+00 1.189749727902523446e+01
9.583333333333333925e+00 1.139124675060917902e+01
1.000000000000000000e+01 1.087673416570724783e+01
1.041666666666666607e+01 1.035647129517218445e+01
1.083333333333333393e+01 9.832050141248441122e+00
1.125000000000000000e+01 9.304898583950418356e+00
1.166666666666666607e+01 8.776360534448441442e+00
1.208333333333333393e+01 8.247717298452972301e+00
1.250000000000000000e+01 7.720508158330935622e+00
1.291666666666666607e+01 7.196420587282082337e+00
1.333333333333333393e+01 6.676328630157939870e+00
1.375000000000000000e+01 6.159257621396947435e+00
1.416666666666666607e+01 5.641593520642125270e+00
1.458333333333333393e+01 5.113983577444213502e+00
1.500000000000000000e+01 4.558482686732149070e+00
1.541666666666666607e+01 4.012867971671779443e+00
1.583333333333333393e+01 3.482896050447689351e+00
1.625000000000000000e+01 2.959119282657107330e+00
1.666666666666666785e+01 2.440540420473082506e+00
1.708333333333333215e+01 1.927819124824041941e+00
1.750000000000000000e+01 1.421770356958766079e+00
1.791666666666666785e+01 9.234191773883752008e-01
1.833333333333333215e+01 4.340398160303016173e-01
1.875000000000000000e+01 -4.548732761512497280e-02
1.916666666666666785e+01 -5.162028793877526667e-01
1.958333333333333215e+01 -9.805118384150777189e-01
2.000000000000000000e+01 -1.440718836742447717e+00
2.041666666666666785e+01 -1.898496999843071631e+00
2.083333333333333215e+01 -2.356753021900749978e+00
2.125000000000000000e+01 -2.819423245947507706e+00
2.166666666666666785e+01 -3.289630254095913475e+00
2.208333333333333215e+01 -3.768998878127498564e+00
2.250000000000000000e+01 -4.261224465534186656e+00
2.291666666666666785e+01 -4.775850124441755717e+00
2.333333333333333215e+01 -5.327181387647029531e+00
2.375000000000000000e+01 -5.927550679635904984e+00
2.416666666666666785e+01 -6.581140549880419854e+00
2.458333333333333215e+01 -7.280413631777937766e+00
2.500000000000000000e+01 -7.887646847838825970e+00
2.541666666666666785e+01 -8.418959958676525801e+00
2.583333333333333215e+01 -8.896906340152952453e+00
2.625000000000000000e+01 -9.336597576263987008e+00
2.666666666666666785e+01 -9.748524755749985005e+00
2.708333333333333215e+01 -1.013923749159484444e+01
2.750000000000000000e+01 -1.051067564406798027e+01
2.791666666666666785e+01 -1.086222568216892270e+01
2.833333333333333215e+01 -1.119537565022038095e+01
2.875000000000000000e+01 -1.152193075878800244e+01
2.916666666666666785e+01 -1.187076341902114152e+01
2.958333333333333215e+01 -1.228798039625762861e+01
3.000000000000000000e+01 -1.265762161345258185e+01
3.041666666666666785e+01 -1.298314539196303841e+01
3.083333333333333215e+01 -1.331953505916793290e+01
3.125000000000000000e+01 -1.366625466043409531e+01
3.166666666666666785e+01 -1.400625429975040959e+01
3.208333333333333570e+01 -1.431612540150849355e+01
3.250000000000000000e+01 -1.459245074048198276e+01
3.291666666666666430e+01 -1.468163436183483661e+01
3.333333333333333570e+01 -1.475407746825414534e+01
3.375000000000000000e+01 -1.482718466661401635e+01
3.416666666666666430e+01 -1.490091076390715408e+01
3.458333333333333570e+01 -1.497523705763571833e+01
3.500000000000000000e+01 -1.505016141535057450e+01
3.541666666666666430e+01 -1.512569227673345118e+01
3.583333333333333570e+01 -1.520184875457084850e+01
3.625000000000000000e+01 -1.527864516735649936e+01
3.666666666666666430e+01 -1.535610258094354741e+01
3.708333333333333570e+01 -1.543424210262829277e+01
3.750000000000000000e+01 -1.551308196889520730e+01
3.791666666666666430e+01 -1.559263090837769461e+01
3.833333333333333570e+01 -1.567289548084086981e+01
3.875000000000000000e+01 -1.575389754561065914e+01
3.916666666666666430e+01 -1.583565723154979210e+01
3.958333333333333570e+01 -1.591819607434025841e+01
4.000000000000000000e+01 -1.583486274100692626e+01
