0.000000000000000000e+00 2.276416848733729026e+01
4.166666666666666852e-01 2.233775969931908634e+01
8.333333333333333703e-01 2.182101760958939707e+01
1.250000000000000000e+00 2.126717473141419390e+01
1.666666666666666741e+00 2.071846801203389532e+01
2.083333333333333481e+00 2.018200102348868441e+01
2.500000000000000000e+00 1.964649307539622924e+01
2.916666666666666519e+00 1.910666900306052085e+01
3.333333333333333481e+00 1.856329322829141404e+01
3.750000000000000000e+00 1.801586751714409118e+01
4.166666666666666963e+00 1.746109720792255615e+01
4.583333333333333037e+00 1.689892175016010256e+01
5.000000000000000000e+00 1.633588559500730497e+01
5.416666666666666963e+00 1.577525992782073061e+01
5.833333333333333037e+00 1.521054547338417784e+01
6.250000000000000000e+00 1.463828615003085964e+01
6.666666666666666963e+00 1.406051880090810613e+01
7.083333333333333037e+00 1.348111049557875596e+01
7.500000000000000000e+00 1.290377728872209318e+01
7.916666666666666963e+00 1.233010419179935901e+01
8.333333333333333925e+00 1.176039091400014414e+01
8.750000000000000000e+00 1.119465993326955910e+01
9.166666666666666075e+00 1.063250027008098719e+01
9.583333333333333925e+00 1.007514565327935507e+01
1.000000000000000000e+01 9.523066336115427077e+00
1.041666666666666607e+01 8.975092671305196390e+00
1.083333333333333393e+01 8.430527180675175813e+00
1.125000000000000000e+01 7.888427824991159909e+00
1.166666666666666607e+01 7.348293753064006673e+00
1.208333333333333393e+01 6.810101870251920708e+00
1.250000000000000000e+01 6.274355224155962141e+00
1.291666666666666607e+01 5.743309651828976570e+00
1.333333333333333393e+01 5.218975268053230643e+00
1.375000000000000000e+01 4.701608311283951736e+00
1.416666666666666607e+01 4.193987060568566960e+00
1.458333333333333393e+01 3.700854919127508413e+00
1.500000000000000000e+01 3.223758305161133819e+00
1.541666666666666607e+01 2.761554960961161598e+00
1.583333333333333393e+01 2.311289199857585075e+00
1.625000000000000000e+01 1.869732151190295788e+00
1.666666666666666785e+01 1.435927788545264372e+00
1.708333333333333215e+01 1.009567235833653820e+00
1.750000000000000000e+01 5.872390855908636853e-01
1.791666666666666785e+01 1.642538165220909507e-01
1.833333333333333215e+01 -2.615160710896536900e-01
1.875000000000000000e+01 -6.910792610424040250e-01
1.916666666666666785e+01 -1.127751449169604125e+00
1.958333333333333215e+01 -1.577010552101254293e+00
2.000000000000000000e+01 -2.042690677121425935e+00
2.041666666666666785e+01 -2.525179343886466476e+00
2.083333333333333215e+01 -3.022160556706491530e+00
2.125000000000000000e+01 -3.530699842801985788e+00
2.166666666666666785e+01 -4.047965298270756129e+00
2.208333333333333215e+01 -4.559761762723373302e+00
2.250000000000000000e+01 -5.061634046364891226e+00
2.291666666666666785e+01 -5.549396649206459031e+00
2.333333333333333215e+01 -5.991231390740321849e+00
2.375000000000000000e+01 -6.102650124232792628e+00
2.416666666666666785e+01 -6.547460453452064399e+00
2.458333333333333215e+01 -7.023439985877206304e+00
2.500000000000000000e+01 -7.480980832399215075e+00
2.541666666666666785e+01 -7.919875895317863623e+00
2.583333333333333215e+01 -8.342090360230075774e+00
2.625000000000000000e+01 -8.748466490243773208e+00
2.666666666666666785e+01 -9.136611079477493291e+00
2.708333333333333215e+01 -9.503239831831550077e+00
2.750000000000000000e+01 -9.842486398481479881e+00
2.791666666666666785e+01 -1.014177028352028564e+01
2.833333333333333215e+01 -1.039898461827145937e+01
2.875000000000000000e+01 -1.069860248534205738e+01
2.916666666666666785e+01 -1.126774156212957045e+01
2.958333333333333215e+01 -1.176044525640743998e+01
3.000000000000000000e+01 -1.204519990713625432e+01
3.041666666666666785e+01 -1.228049375438345159e+01
3.083333333333333215e+01 -1.237325563949288920e+01
3.125000000000000000e+01 -1.244452894775512775e+01
3.166666666666666785e+01 -1.251580196893299934e+01
3.208333333333333570e+01 -1.258719269880696956e+01
3.250000000000000000e+01 -1.265879523629169157e+01
3.291666666666666430e+01 -1.273069729536026706e+01
3.333333333333333570e+01 -1.280299142166994208e+01
3.375000000000000000e+01 -1.287577275938908450e+01
3.416666666666666430e+01 -1.294913320074688379e+01
3.458333333333333570e+01 -1.302312065369956606e+01
3.500000000000000000e+01 -1.309775114952115871e+01
3.541666666666666430e+01 -1.317301735910654692e+01
3.583333333333333570e+01 -1.324890053262654810e+01
3.625000000000000000e+01 -1.332540062480954113e+01
3.666666666666666430e+01 -1.340253318448747422e+01
3.708333333333333570e+01 -1.348033726529747334e+01
3.750000000000000000e+01 -1.355886932002429823e+01
3.791666666666666430e+01 -1.363819368179438207e+01
3.833333333333333570e+01 -1.371835694792936877e+01
3.875000000000000000e+01 -1.379935941326577087e+01
3.916666666666666430e+01 -1.388117604998741150e+01
3.958333333333333570e+01 -1.396376623551007157e+01
4.000000000000000000e+01 -1.388043290217673942e+01
