0.000000000000000000e+00 2.517116267033901167e+01
4.166666666666666852e-01 2.457274649389057686e+01
8.333333333333333703e-01 2.400109587472246631e+01
1.250000000000000000e+00 2.343917004987227770e+01
1.666666666666666741e+00 2.287175260463896365e+01
2.083333333333333481e+00 2.229428378174369385e+01
2.500000000000000000e+00 2.171010285956099395e+01
2.916666666666666519e+00 2.112238310928058027e+01
3.333333333333333481e+00 2.053187912559723571e+01
3.750000000000000000e+00 1.993873242605718588e+01
4.166666666666666963e+00 1.934327251777872902e+01
4.583333333333333037e+00 1.874630255969077552e+01
5.000000000000000000e+00 1.814957246607061947e+01
5.416666666666666963e+00 1.755523669382430896e+01
5.833333333333333037e+00 1.696354756068972591e+01
6.250000000000000000e+00 1.636764589979393136e+01
6.666666666666666963e+00 1.574860129255170627e+01
7.083333333333333037e+00 1.508876755620821442e+01
7.500000000000000000e+00 1.446520470190414009e+01
7.916666666666666963e+00 1.388244726453743105e+01
8.333333333333333925e+00 1.330334547854589999e+01
8.750000000000000000e+00 1.271019684273053052e+01
9.166666666666666075e+00 1.210424680096190997e+01
9.583333333333333925e+00 1.149132844867664360e+01
1.000000000000000000e+01 1.087514511094585146e+01
1.041666666666666607e+01 1.025692694690934914e+01
1.083333333333333393e+01 9.637656669400836762e+00
1.125000000000000000e+01 9.018598231579790792e+00
1.166666666666666607e+01 8.400757215886102358e+00
1.208333333333333393e+01 7.785019736778312271e+00
1.250000000000000000e+01 7.171986929137586841e+00
1.291666666666666607e+01 6.561774060770206418e+00
1.333333333333333393e+01 5.954590279492926186e+00
1.375000000000000000e+01 5.350492627236240750e+00
1.416666666666666607e+01 4.749181122440101710e+00
1.458333333333333393e+01 4.152159240027609499e+00
1.500000000000000000e+01 3.566763040390755091e+00
1.541666666666666607e+01 3.026508042838594648e+00
1.583333333333333393e+01 2.608971231866201279e+00
1.625000000000000000e+01 2.145378882643789620e+00
1.666666666666666785e+01 1.597132406810795269e+00
1.708333333333333215e+01 1.024937317422768945e+00
1.750000000000000000e+01 4.512725684515996871e-01
1.791666666666666785e+01 -1.179954686633557792e-01
1.833333333333333215e+01 -6.823232316063160274e-01
1.875000000000000000e+01 -1.241850257424194970e+00
1.916666666666666785e+01 -1.796421474778355787e+00
1.958333333333333215e+01 -2.345217188221091931e+00
2.000000000000000000e+01 -2.886585224941202732e+00
2.041666666666666785e+01 -3.417921108010924414e+00
2.083333333333333215e+01 -3.934998194619832468e+00
2.125000000000000000e+01 -4.432072847049917996e+00
2.166666666666666785e+01 -4.905143681235714759e+00
2.208333333333333215e+01 -5.358906256493387588e+00
2.250000000000000000e+01 -5.804616143513174009e+00
2.291666666666666785e+01 -6.250961719058393484e+00
2.333333333333333215e+01 -6.699199590954821204e+00
2.375000000000000000e+01 -7.143273615369948537e+00
2.416666666666666785e+01 -7.545304815132276133e+00
2.458333333333333215e+01 -7.797192654793180466e+00
2.500000000000000000e+01 -8.142857549607818157e+00
2.541666666666666785e+01 -8.619306954716899227e+00
2.583333333333333215e+01 -9.108891299758109739e+00
2.625000000000000000e+01 -9.577684885151485972e+00
2.666666666666666785e+01 -1.002510496767754766e+01
2.708333333333333215e+01 -1.045580911017712467e+01
2.750000000000000000e+01 -1.087565394393456764e+01
2.791666666666666785e+01 -1.129519979428453169e+01
2.833333333333333215e+01 -1.172642279376301921e+01
2.875000000000000000e+01 -1.216284075653644692e+01
2.916666666666666785e+01 -1.256075141790901739e+01
2.958333333333333215e+01 -1.281485357258996949e+01
3.000000000000000000e+01 -1.310097768048705014e+01
3.041666666666666785e+01 -1.349286981900631766e+01
3.083333333333333215e+01 -1.360402823342911560e+01
3.125000000000000000e+01 -1.368810376790088945e+01
3.166666666666666785e+01 -1.377218288473376262e+01
3.208333333333333570e+01 -1.385622689914813854e+01
3.250000000000000000e+01 -1.394020475190479758e+01
3.291666666666666430e+01 -1.402410323097465827e+01
3.333333333333333570e+01 -1.410792607881427152e+01
3.375000000000000000e+01 -1.419168436225860219e+01
3.416666666666666430e+01 -1.427538352919806641e+01
3.458333333333333570e+01 -1.435904171398079221e+01
3.500000000000000000e+01 -1.444267526666846635e+01
3.541666666666666430e+01 -1.452629345304970343e+01
3.583333333333333570e+01 -1.460990245862352666e+01
3.625000000000000000e+01 -1.469349679375039130e+01
3.666666666666666430e+01 -1.477707434331633074e+01
3.708333333333333570e+01 -1.486063395284034350e+01
3.750000000000000000e+01 -1.494417469144716293e+01
3.791666666666666430e+01 -1.502768918570151158e+01
3.833333333333333570e+01 -1.511116720572480787e+01
3.875000000000000000e+01 -1.519460958338427936e+01
3.916666666666666430e+01 -1.527801397758111079e+01
3.958333333333333570e+01 -1.536138129603974356e+01
4.000000000000000000e+01 -1.527804796270641319e+01
