0.000000000000000000e+00 2.433084227051356407e+01
4.166666666666666852e-01 2.374801513988656154e+01
8.333333333333333703e-01 2.314974870504812188e+01
1.250000000000000000e+00 2.254757395248176621e+01
1.666666666666666741e+00 2.194885482119288156e+01
2.083333333333333481e+00 2.135400641742692329e+01
2.500000000000000000e+00 2.076168205471459771e+01
2.916666666666666519e+00 2.017173450546010471e+01
3.333333333333333481e+00 1.958499640216806981e+01
3.750000000000000000e+00 1.900235445609105511e+01
4.166666666666666963e+00 1.842544964355983694e+01
4.583333333333333037e+00 1.785862627781774492e+01
5.000000000000000000e+00 1.730738885677524408e+01
5.416666666666666963e+00 1.677359678899761875e+01
5.833333333333333037e+00 1.625516846842359797e+01
6.250000000000000000e+00 1.574819806630915764e+01
6.666666666666666963e+00 1.524705723633177001e+01
7.083333333333333037e+00 1.474635415614745959e+01
7.500000000000000000e+00 1.424292607629189611e+01
7.916666666666666963e+00 1.373351457397813036e+01
8.333333333333333925e+00 1.320039714200404468e+01
8.750000000000000000e+00 1.263361317993561705e+01
9.166666666666666075e+00 1.202458128929952608e+01
9.583333333333333925e+00 1.136132492637389113e+01
1.000000000000000000e+01 1.062561719344127731e+01
1.041666666666666607e+01 9.800565192424793182e+00
1.083333333333333393e+01 8.894465008858974286e+00
1.125000000000000000e+01 7.958701224417879416e+00
1.166666666666666607e+01 7.066964466771508135e+00
1.208333333333333393e+01 6.270630180844073642e+00
1.250000000000000000e+01 5.571957414821406829e+00
1.291666666666666607e+01 4.946536852904077186e+00
1.333333333333333393e+01 4.375125457693480158e+00
1.375000000000000000e+01 3.847544229181025344e+00
1.416666666666666607e+01 3.358564553059125046e+00
1.458333333333333393e+01 2.908344839277546612e+00
1.500000000000000000e+01 2.468014620072594312e+00
1.541666666666666607e+01 2.029651370784891995e+00
1.583333333333333393e+01 1.587081846494816872e+00
1.625000000000000000e+01 1.136733203250051227e+00
1.666666666666666785e+01 6.765210907210517099e-01
1.708333333333333215e+01 2.062602651681784138e-01
1.750000000000000000e+01 -2.729196112383870387e-01
1.791666666666666785e+01 -7.597232296884942615e-01
1.833333333333333215e+01 -1.252923943685024799e+00
1.875000000000000000e+01 -1.750642238006689277e+00
1.916666666666666785e+01 -2.250940149252647071e+00
1.958333333333333215e+01 -2.753713021394438520e+00
2.000000000000000000e+01 -3.258379226433228748e+00
2.041666666666666785e+01 -3.760151233826616757e+00
2.083333333333333215e+01 -4.252573706705446988e+00
2.125000000000000000e+01 -4.732288419138265922e+00
2.166666666666666785e+01 -5.197553610857114315e+00
2.208333333333333215e+01 -5.646784839091229635e+00
2.250000000000000000e+01 -6.079727112340918893e+00
2.291666666666666785e+01 -6.494805313252643764e+00
2.333333333333333215e+01 -6.891327623062988295e+00
2.375000000000000000e+01 -7.278204833601852997e+00
2.416666666666666785e+01 -7.682093052069172145e+00
2.458333333333333215e+01 -8.084588587907932222e+00
2.500000000000000000e+01 -8.484185147661676751e+00
2.541666666666666785e+01 -8.886350817925652734e+00
2.583333333333333215e+01 -9.288745212344887037e+00
2.625000000000000000e+01 -9.695280449962337954e+00
2.666666666666666785e+01 -1.011425248776847141e+01
2.708333333333333215e+01 -1.053618567325788646e+01
2.750000000000000000e+01 -1.092181135309105677e+01
2.791666666666666785e+01 -1.125763254738043706e+01
2.833333333333333215e+01 -1.135997601408618429e+01
2.875000000000000000e+01 -1.144671884888186320e+01
2.916666666666666785e+01 -1.153371383586955190e+01
2.958333333333333215e+01 -1.162095539126500654e+01
3.000000000000000000e+01 -1.170841275959098660e+01
3.041666666666666785e+01 -1.179602877751169032e+01
3.083333333333333215e+01 -1.188373776532475468e+01
3.125000000000000000e+01 -1.197149805428754021e+01
3.166666666666666785e+01 -1.205927852215114626e+01
3.208333333333333570e+01 -1.214705795694682777e+01
3.250000000000000000e+01 -1.223482058567999609e+01
3.291666666666666430e+01 -1.232254799142799762e+01
3.333333333333333570e+01 -1.241021345060355330e+01
3.375000000000000000e+01 -1.249777827514317785e+01
3.416666666666666430e+01 -1.258519002818717070e+01
3.458333333333333570e+01 -1.267241644337885376e+01
3.500000000000000000e+01 -1.275943735871943829e+01
3.541666666666666430e+01 -1.284623923929688871e+01
3.583333333333333570e+01 -1.293281465473505776e+01
3.625000000000000000e+01 -1.301914538648607689e+01
3.666666666666666430e+01 -1.310521409779438606e+01
3.708333333333333570e+01 -1.319099879859294688e+01
3.750000000000000000e+01 -1.327647295321335896e+01
3.791666666666666430e+01 -1.336160319723795808e+01
3.833333333333333570e+01 -1.344636165278848061e+01
3.875000000000000000e+01 -1.353074674475538863e+01
3.916666666666666430e+01 -1.361476560183941409e+01
3.958333333333333570e+01 -1.369843467689182681e+01
4.000000000000000000e+01 -1.361510134355849466e+01
