0.000000000000000000e+00 2.474481938566292882e+01
4.166666666666666852e-01 2.420520992173146269e+01
8.333333333333333703e-01 2.366705697828921373e+01
1.250000000000000000e+00 2.312649139310690671e+01
1.666666666666666741e+00 2.257991196829510727e+01
2.083333333333333481e+00 2.202630217969889159e+01
2.500000000000000000e+00 2.146664088519460023e+01
2.916666666666666519e+00 2.090167419190633069e+01
3.333333333333333481e+00 2.033142004580428264e+01
3.750000000000000000e+00 1.975590950503577048e+01
4.166666666666666963e+00 1.917533258639075200e+01
4.583333333333333037e+00 1.859000465782747824e+01
5.000000000000000000e+00 1.800043515810118677e+01
5.416666666666666963e+00 1.740705263454152529e+01
5.833333333333333037e+00 1.680835395740462346e+01
6.250000000000000000e+00 1.619911499692337387e+01
6.666666666666666963e+00 1.556982967974061616e+01
7.083333333333333037e+00 1.491180705242826221e+01
7.500000000000000000e+00 1.427469808756588066e+01
7.916666666666666963e+00 1.364497895006765837e+01
8.333333333333333925e+00 1.302617829675613415e+01
8.750000000000000000e+00 1.241696494485121427e+01
9.166666666666666075e+00 1.181485166363291661e+01
9.583333333333333925e+00 1.121660899131009970e+01
1.000000000000000000e+01 1.062009605033381732e+01
1.041666666666666607e+01 1.002454850621231230e+01
1.083333333333333393e+01 9.430265718342074166e+00
1.125000000000000000e+01 8.837973546856746410e+00
1.166666666666666607e+01 8.248335727139981088e+00
1.208333333333333393e+01 7.661917471197265961e+00
1.250000000000000000e+01 7.079066831277343042e+00
1.291666666666666607e+01 6.499861291867543578e+00
1.333333333333333393e+01 5.924109208846792818e+00
1.375000000000000000e+01 5.351216312907853379e+00
1.416666666666666607e+01 4.780449936972090086e+00
1.458333333333333393e+01 4.211574622721125927e+00
1.500000000000000000e+01 3.646326465130549366e+00
1.541666666666666607e+01 3.092080803781800835e+00
1.583333333333333393e+01 2.564169431100197905e+00
1.625000000000000000e+01 2.031230698880424068e+00
1.666666666666666785e+01 1.486745654038776232e+00
1.708333333333333215e+01 9.412393940790250157e-01
1.750000000000000000e+01 3.976333532585953900e-01
1.791666666666666785e+01 -1.434861714297591961e-01
1.833333333333333215e+01 -6.818967364644699103e-01
1.875000000000000000e+01 -1.217173467191366765e+00
1.916666666666666785e+01 -1.748631955312623054e+00
1.958333333333333215e+01 -2.275426504471471212e+00
2.000000000000000000e+01 -2.796847618846997285e+00
2.041666666666666785e+01 -3.312611315410955992e+00
2.083333333333333215e+01 -3.822745598810488143e+00
2.125000000000000000e+01 -4.327114768326215000e+00
2.166666666666666785e+01 -4.825190101319135394e+00
2.208333333333333215e+01 -5.316191586139261460e+00
2.250000000000000000e+01 -5.798907207718555057e+00
2.291666666666666785e+01 -6.271183737587272766e+00
2.333333333333333215e+01 -6.730573341797596143e+00
2.375000000000000000e+01 -7.172684834941422949e+00
2.416666666666666785e+01 -7.587592719568308830e+00
2.458333333333333215e+01 -7.957521653217118462e+00
2.500000000000000000e+01 -8.346102278248229922e+00
2.541666666666666785e+01 -8.755747903369988094e+00
2.583333333333333215e+01 -9.158260561585999326e+00
2.625000000000000000e+01 -9.540473194598469320e+00
2.666666666666666785e+01 -9.909818302183065697e+00
2.708333333333333215e+01 -1.028323754121510980e+01
2.750000000000000000e+01 -1.067872435966814137e+01
2.791666666666666785e+01 -1.109630937092110159e+01
2.833333333333333215e+01 -1.152316698607651624e+01
2.875000000000000000e+01 -1.192941038462580927e+01
2.916666666666666785e+01 -1.228780405603143322e+01
2.958333333333333215e+01 -1.238271196997942170e+01
3.000000000000000000e+01 -1.282547560610773729e+01
3.041666666666666785e+01 -1.327849401705875110e+01
3.083333333333333215e+01 -1.338844290683739580e+01
3.125000000000000000e+01 -1.347099737422436405e+01
3.166666666666666785e+01 -1.355357190189583605e+01
3.208333333333333570e+01 -1.363619557599422194e+01
3.250000000000000000e+01 -1.371889013606065966e+01
3.291666666666666430e+01 -1.380166116408248200e+01
3.333333333333333570e+01 -1.388449998189074464e+01
3.375000000000000000e+01 -1.396739363172566151e+01
3.416666666666666430e+01 -1.405033757895660251e+01
3.458333333333333570e+01 -1.413331672307255182e+01
3.500000000000000000e+01 -1.421631890384588637e+01
3.541666666666666430e+01 -1.429933915189846694e+01
3.583333333333333570e+01 -1.438237487996071273e+01
3.625000000000000000e+01 -1.446543389075026198e+01
3.666666666666666430e+01 -1.454851915626132453e+01
3.708333333333333570e+01 -1.463163125167342393e+01
3.750000000000000000e+01 -1.471476931059218174e+01
3.791666666666666430e+01 -1.479793804257286283e+01
3.833333333333333570e+01 -1.488114463499660900e+01
3.875000000000000000e+01 -1.496438533507384605e+01
3.916666666666666430e+01 -1.504766001014559862e+01
3.958333333333333570e+01 -1.513096600957313775e+01
4.000000000000000000e+01 -1.504763267623980738e+01
