0.000000000000000000e+00 2.312179879241131886e+01
4.166666666666666852e-01 2.264385705869539933e+01
8.333333333333333703e-01 2.215687362491327761e+01
1.250000000000000000e+00 2.166395169005030752e+01
1.666666666666666741e+00 2.116995833545870909e+01
2.083333333333333481e+00 2.067756536039101789e+01
2.500000000000000000e+00 2.018582395246163230e+01
2.916666666666666519e+00 1.969334589212459363e+01
3.333333333333333481e+00 1.919933539337754169e+01
3.750000000000000000e+00 1.870323829803024296e+01
4.166666666666666963e+00 1.820410353606132858e+01
4.583333333333333037e+00 1.770066448519849445e+01
5.000000000000000000e+00 1.719173653958359438e+01
5.416666666666666963e+00 1.667688063855792890e+01
5.833333333333333037e+00 1.615761810207574456e+01
6.250000000000000000e+00 1.563702303709069064e+01
6.666666666666666963e+00 1.511781545956939077e+01
7.083333333333333037e+00 1.460326060771048340e+01
7.500000000000000000e+00 1.409542466499923563e+01
7.916666666666666963e+00 1.357800486293901798e+01
8.333333333333333925e+00 1.304713856207057532e+01
8.750000000000000000e+00 1.251131212028330708e+01
9.166666666666666075e+00 1.197380661497553334e+01
9.583333333333333925e+00 1.143391724991767688e+01
1.000000000000000000e+01 1.089028588145463772e+01
1.041666666666666607e+01 1.034210198078178955e+01
1.083333333333333393e+01 9.789758684753319784e+00
1.125000000000000000e+01 9.234109154576806588e+00
1.166666666666666607e+01 8.675813629354262702e+00
1.208333333333333393e+01 8.115634188488758838e+00
1.250000000000000000e+01 7.554589333568120679e+00
1.291666666666666607e+01 6.993828429155424686e+00
1.333333333333333393e+01 6.435012239092795738e+00
1.375000000000000000e+01 5.880040036170551154e+00
1.416666666666666607e+01 5.330843712831328851e+00
1.458333333333333393e+01 4.787154364596869272e+00
1.500000000000000000e+01 4.238888481837979505e+00
1.541666666666666607e+01 3.661219676853864513e+00
1.583333333333333393e+01 3.093862220654352235e+00
1.625000000000000000e+01 2.547483716168421619e+00
1.666666666666666785e+01 2.006208513939828020e+00
1.708333333333333215e+01 1.466478001906561746e+00
1.750000000000000000e+01 9.295307938182637564e-01
1.791666666666666785e+01 3.975323294753741465e-01
1.833333333333333215e+01 -1.285652765052938407e-01
1.875000000000000000e+01 -6.474874255299117864e-01
1.916666666666666785e+01 -1.156702778215911609e+00
1.958333333333333215e+01 -1.654914623230647752e+00
2.000000000000000000e+01 -2.145348548773865716e+00
2.041666666666666785e+01 -2.634225023947788014e+00
2.083333333333333215e+01 -3.126299650255395246e+00
2.125000000000000000e+01 -3.622127847991142069e+00
2.166666666666666785e+01 -4.119432183461430697e+00
2.208333333333333215e+01 -4.615240335203832700e+00
2.250000000000000000e+01 -5.106377774754141896e+00
2.291666666666666785e+01 -5.588679703622835504e+00
2.333333333333333215e+01 -6.057145849004539784e+00
2.375000000000000000e+01 -6.510722725111672382e+00
2.416666666666666785e+01 -6.963639809328276087e+00
2.458333333333333215e+01 -7.455286993781014004e+00
2.500000000000000000e+01 -7.921976687951495677e+00
2.541666666666666785e+01 -8.346340033792268187e+00
2.583333333333333215e+01 -8.758856190834565680e+00
2.625000000000000000e+01 -9.167000990804442750e+00
2.666666666666666785e+01 -9.571778674127470410e+00
2.708333333333333215e+01 -9.976253274563608997e+00
2.750000000000000000e+01 -1.038469339197899544e+01
2.791666666666666785e+01 -1.079218616771481720e+01
2.833333333333333215e+01 -1.118020078424627783e+01
2.875000000000000000e+01 -1.152971643068009477e+01
2.916666666666666785e+01 -1.186234882000512236e+01
2.958333333333333215e+01 -1.226176159500244012e+01
3.000000000000000000e+01 -1.264501634400272856e+01
3.041666666666666785e+01 -1.296770124772572608e+01
3.083333333333333215e+01 -1.327690712515929405e+01
3.125000000000000000e+01 -1.357015668955955867e+01
3.166666666666666785e+01 -1.384149993090824005e+01
3.208333333333333570e+01 -1.394701274136713032e+01
3.250000000000000000e+01 -1.403028078397171008e+01
3.291666666666666430e+01 -1.411353926145275040e+01
3.333333333333333570e+01 -1.419679542096928948e+01
3.375000000000000000e+01 -1.428005904195510212e+01
3.416666666666666430e+01 -1.436334852317520117e+01
3.458333333333333570e+01 -1.444666545641889321e+01
3.500000000000000000e+01 -1.453000642194469627e+01
3.541666666666666430e+01 -1.461336803022453878e+01
3.583333333333333570e+01 -1.469674391856909246e+01
3.625000000000000000e+01 -1.478013562583822882e+01
3.666666666666666430e+01 -1.486353833802903601e+01
3.708333333333333570e+01 -1.494694507903002112e+01
3.750000000000000000e+01 -1.503034887827037558e+01
3.791666666666666430e+01 -1.511375030241894990e+01
3.833333333333333570e+01 -1.519715292824205299e+01
3.875000000000000000e+01 -1.528054812492883485e+01
3.916666666666666430e+01 -1.536393043923169088e+01
3.958333333333333570e+01 -1.544729190185971213e+01
4.000000000000000000e+01 -1.536395856852637998e+01
