0.000000000000000000e+00 2.269356170851437327e+01
4.166666666666666852e-01 2.222857010625680729e+01
8.333333333333333703e-01 2.175220798786808274e+01
1.250000000000000000e+00 2.126456872783620256e+01
1.666666666666666741e+00 2.077387653408203150e+01
2.083333333333333481e+00 2.028425968159048409e+01
2.500000000000000000e+00 1.979302271118579526e+01
2.916666666666666519e+00 1.929764080246800617e+01
3.333333333333333481e+00 1.879789133351700769e+01
3.750000000000000000e+00 1.829435494782883254e+01
4.166666666666666963e+00 1.778737245936952505e+01
4.583333333333333037e+00 1.727684746193299148e+01
5.000000000000000000e+00 1.676223767539788767e+01
5.416666666666666963e+00 1.624298718926388219e+01
5.833333333333333037e+00 1.571970875414398883e+01
6.250000000000000000e+00 1.519617269064905507e+01
6.666666666666666963e+00 1.467673853686133256e+01
7.083333333333333037e+00 1.416469990182155136e+01
7.500000000000000000e+00 1.367351188884586755e+01
7.916666666666666963e+00 1.321956097553084675e+01
8.333333333333333925e+00 1.276055937258725947e+01
8.750000000000000000e+00 1.226794910067170363e+01
9.166666666666666075e+00 1.176619519075096143e+01
9.583333333333333925e+00 1.126519917987232766e+01
1.000000000000000000e+01 1.076482598008212399e+01
1.041666666666666607e+01 1.026302600173509916e+01
1.083333333333333393e+01 9.756763957101059148e+00
1.125000000000000000e+01 9.242495939588462051e+00
1.166666666666666607e+01 8.718248549252239243e+00
1.208333333333333393e+01 8.185160423263322826e+00
1.250000000000000000e+01 7.646673663392709486e+00
1.291666666666666607e+01 7.107317433994245093e+00
1.333333333333333393e+01 6.572375693226106819e+00
1.375000000000000000e+01 6.045907823322296260e+00
1.416666666666666607e+01 5.525858699545502795e+00
1.458333333333333393e+01 4.992957361560877771e+00
1.500000000000000000e+01 4.399029346269601071e+00
1.541666666666666607e+01 3.828446357654474497e+00
1.583333333333333393e+01 3.301051514373259277e+00
1.625000000000000000e+01 2.783731946894082654e+00
1.666666666666666785e+01 2.268594166434091175e+00
1.708333333333333215e+01 1.755687599520594722e+00
1.750000000000000000e+01 1.246719327623857287e+00
1.791666666666666785e+01 7.413520250023032387e-01
1.833333333333333215e+01 2.367788116369502205e-01
1.875000000000000000e+01 -2.700210776007005986e-01
1.916666666666666785e+01 -7.797383267078713542e-01
1.958333333333333215e+01 -1.291292213205111894e+00
2.000000000000000000e+01 -1.803137449324203834e+00
2.041666666666666785e+01 -2.313916158554433888e+00
2.083333333333333215e+01 -2.822762004260408464e+00
2.125000000000000000e+01 -3.329234893485375935e+00
2.166666666666666785e+01 -3.832202801633028511e+00
2.208333333333333215e+01 -4.328921302288081030e+00
2.250000000000000000e+01 -4.815515004525154019e+00
2.291666666666666785e+01 -5.288101765395017750e+00
2.333333333333333215e+01 -5.744549495505029135e+00
2.375000000000000000e+01 -6.188536639354309976e+00
2.416666666666666785e+01 -6.641954890914598231e+00
2.458333333333333215e+01 -7.162074061744411857e+00
2.500000000000000000e+01 -7.653686408519273066e+00
2.541666666666666785e+01 -8.078307757875970552e+00
2.583333333333333215e+01 -8.488403420463706439e+00
2.625000000000000000e+01 -8.898524511506956003e+00
2.666666666666666785e+01 -9.309006134746557137e+00
2.708333333333333215e+01 -9.715858573689271083e+00
2.750000000000000000e+01 -1.011472801601260230e+01
2.791666666666666785e+01 -1.050050336911570525e+01
2.833333333333333215e+01 -1.086696468268152671e+01
2.875000000000000000e+01 -1.121459350445265990e+01
2.916666666666666785e+01 -1.156888328455239012e+01
2.958333333333333215e+01 -1.199236338634981536e+01
3.000000000000000000e+01 -1.239706275219489839e+01
3.041666666666666785e+01 -1.275731191545804855e+01
3.083333333333333215e+01 -1.311658338617792907e+01
3.125000000000000000e+01 -1.346891926763602854e+01
3.166666666666666785e+01 -1.379296005182006368e+01
3.208333333333333570e+01 -1.408569037894547726e+01
3.250000000000000000e+01 -1.418928605682805610e+01
3.291666666666666430e+01 -1.427208964930255419e+01
3.333333333333333570e+01 -1.435488233700962901e+01
3.375000000000000000e+01 -1.443767503412437847e+01
3.416666666666666430e+01 -1.452049396749806576e+01
3.458333333333333570e+01 -1.460334877455629332e+01
3.500000000000000000e+01 -1.468624116195670481e+01
3.541666666666666430e+01 -1.476916945825355398e+01
3.583333333333333570e+01 -1.485212709897403727e+01
3.625000000000000000e+01 -1.493511673104135440e+01
3.666666666666666430e+01 -1.501813725368453234e+01
3.708333333333333570e+01 -1.510118914733388351e+01
3.750000000000000000e+01 -1.518427600472414873e+01
3.791666666666666430e+01 -1.526740982179982531e+01
3.833333333333333570e+01 -1.535060239338017318e+01
3.875000000000000000e+01 -1.543384686812270168e+01
3.916666666666666430e+01 -1.551713434992189100e+01
3.958333333333333570e+01 -1.560045063039851243e+01
4.000000000000000000e+01 -1.551711729706518028e+01
