0.000000000000000000e+00 2.495635866839990413e+01
4.166666666666666852e-01 2.450629583531194911e+01
8.333333333333333703e-01 2.400388431721169269e+01
1.250000000000000000e+00 2.347685647028469091e+01
1.666666666666666741e+00 2.294812241157841015e+01
2.083333333333333481e+00 2.242412953133134934e+01
2.500000000000000000e+00 2.189901839733055766e+01
2.916666666666666519e+00 2.136734722481687498e+01
3.333333333333333481e+00 2.082858676794438679e+01
3.750000000000000000e+00 2.028390389611860201e+01
4.166666666666666963e+00 1.973427076457918261e+01
4.583333333333333037e+00 1.917696452092705073e+01
5.000000000000000000e+00 1.861031376296787343e+01
5.416666666666666963e+00 1.805421308015887405e+01
5.833333333333333037e+00 1.753915461517364704e+01
6.250000000000000000e+00 1.698829039748122227e+01
6.666666666666666963e+00 1.639734848875888673e+01
7.083333333333333037e+00 1.580139715697117175e+01
7.500000000000000000e+00 1.521302056134391023e+01
7.916666666666666963e+00 1.463057291975632879e+01
8.333333333333333925e+00 1.404992977996823100e+01
8.750000000000000000e+00 1.346903680533713299e+01
9.166666666666666075e+00 1.288809203666653325e+01
9.583333333333333925e+00 1.230662437310393109e+01
1.000000000000000000e+01 1.172430669834552752e+01
1.041666666666666607e+01 1.114251992265804603e+01
1.083333333333333393e+01 1.056160474435055185e+01
1.125000000000000000e+01 9.981039745225311677e+00
1.166666666666666607e+01 9.401646899128024870e+00
1.208333333333333393e+01 8.824136965518459164e+00
1.250000000000000000e+01 8.248065254115200418e+00
1.291666666666666607e+01 7.673629746476029467e+00
1.333333333333333393e+01 7.102200525286741062e+00
1.375000000000000000e+01 6.534355566256085268e+00
1.416666666666666607e+01 5.969942752553190068e+00
1.458333333333333393e+01 5.409598594326654464e+00
1.500000000000000000e+01 4.854425367879389164e+00
1.541666666666666607e+01 4.306154199698765339e+00
1.583333333333333393e+01 3.769439516557389513e+00
1.625000000000000000e+01 3.251097520910994465e+00
1.666666666666666785e+01 2.755153607557004669e+00
1.708333333333333215e+01 2.275537309497350336e+00
1.750000000000000000e+01 1.771171313921401813e+00
1.791666666666666785e+01 1.134284233981739831e+00
1.833333333333333215e+01 5.256225549747761683e-01
1.875000000000000000e+01 2.194672373988204583e-02
1.916666666666666785e+01 -4.487321702859894401e-01
1.958333333333333215e+01 -9.106710175069863134e-01
2.000000000000000000e+01 -1.371148062125186584e+00
2.041666666666666785e+01 -1.829749338455208374e+00
2.083333333333333215e+01 -2.284349992053305467e+00
2.125000000000000000e+01 -2.734724521273251163e+00
2.166666666666666785e+01 -3.183800070824676531e+00
2.208333333333333215e+01 -3.637261124071827112e+00
2.250000000000000000e+01 -4.102887197639534023e+00
2.291666666666666785e+01 -4.591731129128677757e+00
2.333333333333333215e+01 -5.119998457521703905e+00
2.375000000000000000e+01 -5.711384320738406295e+00
2.416666666666666785e+01 -6.399553845590543411e+00
2.458333333333333215e+01 -7.223900973527673131e+00
2.500000000000000000e+01 -8.218491097065392381e+00
2.541666666666666785e+01 -9.401570779600801231e+00
2.583333333333333215e+01 -1.035504856609447089e+01
2.625000000000000000e+01 -1.107428166744499975e+01
2.666666666666666785e+01 -1.163621860542052744e+01
2.708333333333333215e+01 -1.209046353160237608e+01
2.750000000000000000e+01 -1.247223339375177176e+01
2.791666666666666785e+01 -1.280535343052983777e+01
2.833333333333333215e+01 -1.310416378351603761e+01
2.875000000000000000e+01 -1.337567836707799884e+01
2.916666666666666785e+01 -1.362178174808360076e+01
2.958333333333333215e+01 -1.385031062621214382e+01
3.000000000000000000e+01 -1.410677081727973992e+01
3.041666666666666785e+01 -1.450269337856687457e+01
3.083333333333333215e+01 -1.483583639711439695e+01
3.125000000000000000e+01 -1.505547824953138836e+01
3.166666666666666785e+01 -1.525813678323562250e+01
3.208333333333333570e+01 -1.545776858452436997e+01
3.250000000000000000e+01 -1.564628577898819373e+01
3.291666666666666430e+01 -1.583532764355838651e+01
3.333333333333333570e+01 -1.602836429357749637e+01
3.375000000000000000e+01 -1.622439860305949821e+01
3.416666666666666430e+01 -1.630002670604393700e+01
3.458333333333333570e+01 -1.636332974428855991e+01
3.500000000000000000e+01 -1.642781903894337958e+01
3.541666666666666430e+01 -1.649354102577814629e+01
3.583333333333333570e+01 -1.656056150654219650e+01
3.625000000000000000e+01 -1.662895165662128250e+01
3.666666666666666430e+01 -1.669878109419635592e+01
3.708333333333333570e+01 -1.677012335948315780e+01
3.750000000000000000e+01 -1.684304130560520463e+01
3.791666666666666430e+01 -1.691759166869838538e+01
3.833333333333333570e+01 -1.699382798899888414e+01
3.875000000000000000e+01 -1.707179753244599496e+01
3.916666666666666430e+01 -1.715153495042965659e+01
3.958333333333333570e+01 -1.723306202647667007e+01
4.000000000000000000e+01 -1.714972869314333437e+01
