0.000000000000000000e+00 2.283218110742553009e+01
4.166666666666666852e-01 2.238820989266089256e+01
8.333333333333333703e-01 2.190313933281157688e+01
1.250000000000000000e+00 2.139883149332774082e+01
1.666666666666666741e+00 2.089381598232576209e+01
2.083333333333333481e+00 2.039265773725403719e+01
2.500000000000000000e+00 1.989125634325285574e+01
2.916666666666666519e+00 1.938666265381076315e+01
3.333333333333333481e+00 1.887794009953267960e+01
3.750000000000000000e+00 1.836455379533211385e+01
4.166666666666666963e+00 1.784654014318624604e+01
4.583333333333333037e+00 1.732400390182145955e+01
5.000000000000000000e+00 1.679589097345024840e+01
5.416666666666666963e+00 1.626167213595462258e+01
5.833333333333333037e+00 1.572414646290415519e+01
6.250000000000000000e+00 1.518966969495037489e+01
6.666666666666666963e+00 1.466512727423422646e+01
7.083333333333333037e+00 1.416631726395184820e+01
7.500000000000000000e+00 1.371006192850437877e+01
7.916666666666666963e+00 1.325297811430471917e+01
8.333333333333333925e+00 1.275803017905608527e+01
8.750000000000000000e+00 1.225079984353712881e+01
9.166666666666666075e+00 1.173910959875031246e+01
9.583333333333333925e+00 1.121923577994132160e+01
1.000000000000000000e+01 1.068897189879777265e+01
1.041666666666666607e+01 1.015006569788624979e+01
1.083333333333333393e+01 9.605982610122492105e+00
1.125000000000000000e+01 9.059365856664310712e+00
1.166666666666666607e+01 8.512082222564952616e+00
1.208333333333333393e+01 7.965985240878501017e+00
1.250000000000000000e+01 7.423411341917194761e+00
1.291666666666666607e+01 6.888130395351762303e+00
1.333333333333333393e+01 6.364745415923480643e+00
1.375000000000000000e+01 5.857710322484661170e+00
1.416666666666666607e+01 5.366479452575813269e+00
1.458333333333333393e+01 4.867684724081667191e+00
1.500000000000000000e+01 4.302479826539848062e+00
1.541666666666666607e+01 3.760035302925786027e+00
1.583333333333333393e+01 3.267632740295118854e+00
1.625000000000000000e+01 2.786656948935696043e+00
1.666666666666666785e+01 2.307238466367636409e+00
1.708333333333333215e+01 1.829137535418347227e+00
1.750000000000000000e+01 1.354173222767744100e+00
1.791666666666666785e+01 8.835125497847275966e-01
1.833333333333333215e+01 4.177954985968812540e-01
1.875000000000000000e+01 -4.232875884750109119e-02
1.916666666666666785e+01 -4.961889237083969562e-01
1.958333333333333215e+01 -9.430381409391279668e-01
2.000000000000000000e+01 -1.382149023189542802e+00
2.041666666666666785e+01 -1.812211831118506034e+00
2.083333333333333215e+01 -2.231540408269761411e+00
2.125000000000000000e+01 -2.641813621201222428e+00
2.166666666666666785e+01 -3.053170688187783810e+00
2.208333333333333215e+01 -3.483764577447420407e+00
2.250000000000000000e+01 -3.957899831511354272e+00
2.291666666666666785e+01 -4.504911268203604990e+00
2.333333333333333215e+01 -5.160215701641992503e+00
2.375000000000000000e+01 -5.955281998298663559e+00
2.416666666666666785e+01 -6.892647888450565752e+00
2.458333333333333215e+01 -7.931674167331266290e+00
2.500000000000000000e+01 -8.766919917288779729e+00
2.541666666666666785e+01 -9.423529314698317449e+00
2.583333333333333215e+01 -9.950336842498881396e+00
2.625000000000000000e+01 -1.038944046503223717e+01
2.666666666666666785e+01 -1.077151151768948267e+01
2.708333333333333215e+01 -1.111585558858747902e+01
2.750000000000000000e+01 -1.143303313577021996e+01
2.791666666666666785e+01 -1.172877911134926876e+01
2.833333333333333215e+01 -1.199901919096432401e+01
2.875000000000000000e+01 -1.223888464765951234e+01
2.916666666666666785e+01 -1.248173351643370488e+01
2.958333333333333215e+01 -1.279008021047321009e+01
3.000000000000000000e+01 -1.307795151766636366e+01
3.041666666666666785e+01 -1.330907937020357323e+01
3.083333333333333215e+01 -1.351248266255856834e+01
3.125000000000000000e+01 -1.358728437123333954e+01
3.166666666666666785e+01 -1.364537661886952513e+01
3.208333333333333570e+01 -1.370411440999937902e+01
3.250000000000000000e+01 -1.376357217824379120e+01
3.291666666666666430e+01 -1.382383020653701422e+01
3.333333333333333570e+01 -1.388497217360853675e+01
3.375000000000000000e+01 -1.394707943610751499e+01
3.416666666666666430e+01 -1.401022276301463876e+01
3.458333333333333570e+01 -1.407448629597191747e+01
3.500000000000000000e+01 -1.413995367741723186e+01
3.541666666666666430e+01 -1.420670093270980949e+01
3.583333333333333570e+01 -1.427479780496937067e+01
3.625000000000000000e+01 -1.434429561347801396e+01
3.666666666666666430e+01 -1.441524153617655202e+01
3.708333333333333570e+01 -1.448767490084158460e+01
3.750000000000000000e+01 -1.456162619463043839e+01
3.791666666666666430e+01 -1.463711122342919779e+01
3.833333333333333570e+01 -1.471413788300494296e+01
3.875000000000000000e+01 -1.479272341737876495e+01
3.916666666666666430e+01 -1.487287978379423947e+01
3.958333333333333570e+01 -1.495461971579135252e+01
4.000000000000000000e+01 -1.487128638245802037e+01
