0.000000000000000000e+00 2.380192315770994327e+01
4.166666666666666852e-01 2.337789888574330988e+01
8.333333333333333703e-01 2.285794599522302306e+01
1.250000000000000000e+00 2.230883262124824995e+01
1.666666666666666741e+00 2.177420694584756689e+01
2.083333333333333481e+00 2.125372217600763136e+01
2.500000000000000000e+00 2.073314716811035296e+01
2.916666666666666519e+00 2.020843621106076782e+01
3.333333333333333481e+00 1.967847834856334543e+01
3.750000000000000000e+00 1.914308415322265233e+01
4.166666666666666963e+00 1.859904785364857105e+01
4.583333333333333037e+00 1.804203256151190260e+01
5.000000000000000000e+00 1.747773052208478006e+01
5.416666666666666963e+00 1.691798224482421631e+01
5.833333333333333037e+00 1.636192339622803260e+01
6.250000000000000000e+00 1.579876370224690696e+01
6.666666666666666963e+00 1.522538299379966809e+01
7.083333333333333037e+00 1.464066146271904678e+01
7.500000000000000000e+00 1.404536876234722875e+01
7.916666666666666963e+00 1.345348503926107497e+01
8.333333333333333925e+00 1.292633075704603307e+01
8.750000000000000000e+00 1.253502284526721589e+01
9.166666666666666075e+00 1.204631807689439071e+01
9.583333333333333925e+00 1.141350934100394099e+01
1.000000000000000000e+01 1.075947359564969119e+01
1.041666666666666607e+01 1.013573727374369682e+01
1.083333333333333393e+01 9.544121334578598237e+00
1.125000000000000000e+01 8.981139444942447980e+00
1.166666666666666607e+01 8.450146725584950502e+00
1.208333333333333393e+01 7.957573719348419061e+00
1.250000000000000000e+01 7.493976540961225119e+00
1.291666666666666607e+01 6.982983776619488658e+00
1.333333333333333393e+01 6.227752797821777264e+00
1.375000000000000000e+01 5.525132536855656973e+00
1.416666666666666607e+01 4.983811978637583628e+00
1.458333333333333393e+01 4.460792812129945162e+00
1.500000000000000000e+01 3.919890537670150721e+00
1.541666666666666607e+01 3.359129315807682925e+00
1.583333333333333393e+01 2.786103348078912578e+00
1.625000000000000000e+01 2.209704723169114260e+00
1.666666666666666785e+01 1.635430178413618485e+00
1.708333333333333215e+01 1.063331553803740004e+00
1.750000000000000000e+01 4.918210489843070077e-01
1.791666666666666785e+01 -7.894005111729712754e-02
1.833333333333333215e+01 -6.482970687440930968e-01
1.875000000000000000e+01 -1.215552264681600159e+00
1.916666666666666785e+01 -1.780996800462125718e+00
1.958333333333333215e+01 -2.344503886591195130e+00
2.000000000000000000e+01 -2.903208908025132207e+00
2.041666666666666785e+01 -3.453781623804864864e+00
2.083333333333333215e+01 -3.996771542042395708e+00
2.125000000000000000e+01 -4.534801327099539314e+00
2.166666666666666785e+01 -5.066311715678494032e+00
2.208333333333333215e+01 -5.586594070322765226e+00
2.250000000000000000e+01 -6.080549429596140421e+00
2.291666666666666785e+01 -6.538928891083783945e+00
2.333333333333333215e+01 -6.945890502577858783e+00
2.375000000000000000e+01 -7.296485887868869646e+00
2.416666666666666785e+01 -7.377838721012740741e+00
2.458333333333333215e+01 -7.689926593266385169e+00
2.500000000000000000e+01 -8.055722662816128476e+00
2.541666666666666785e+01 -8.437126161124048451e+00
2.583333333333333215e+01 -8.826858978486646023e+00
2.625000000000000000e+01 -9.214559028098044280e+00
2.666666666666666785e+01 -9.597300288049979144e+00
2.708333333333333215e+01 -9.976255580129793188e+00
2.750000000000000000e+01 -1.035026161733729033e+01
2.791666666666666785e+01 -1.070579166827940121e+01
2.833333333333333215e+01 -1.102455613464315931e+01
2.875000000000000000e+01 -1.133820438141808751e+01
2.916666666666666785e+01 -1.178729779884990769e+01
2.958333333333333215e+01 -1.277556251555638589e+01
3.000000000000000000e+01 -1.290194060898739536e+01
3.041666666666666785e+01 -1.299510022203657122e+01
3.083333333333333215e+01 -1.308894160768818082e+01
3.125000000000000000e+01 -1.318331220704895301e+01
3.166666666666666785e+01 -1.327807149193768410e+01
3.208333333333333570e+01 -1.337309052058916414e+01
3.250000000000000000e+01 -1.346824867228402489e+01
3.291666666666666430e+01 -1.356342742875406771e+01
3.333333333333333570e+01 -1.365850638729586031e+01
3.375000000000000000e+01 -1.375336060702927732e+01
3.416666666666666430e+01 -1.384785907862598364e+01
3.458333333333333570e+01 -1.394189828511274420e+01
3.500000000000000000e+01 -1.403539405934370521e+01
3.541666666666666430e+01 -1.412827634616465211e+01
3.583333333333333570e+01 -1.422048912906173790e+01
3.625000000000000000e+01 -1.431197404142547391e+01
3.666666666666666430e+01 -1.440268194370893617e+01
3.708333333333333570e+01 -1.449256676923260123e+01
3.750000000000000000e+01 -1.458158433773761153e+01
3.791666666666666430e+01 -1.466968830795947198e+01
3.833333333333333570e+01 -1.475684056304630687e+01
3.875000000000000000e+01 -1.484303065096359298e+01
3.916666666666666430e+01 -1.492825798854540231e+01
3.958333333333333570e+01 -1.501253297986393775e+01
4.000000000000000000e+01 -1.492919964653060738e+01
