0.000000000000000000e+00 2.343998325909305436e+01
4.166666666666666852e-01 2.333765900177684216e+01
8.333333333333333703e-01 2.290837585434156765e+01
1.250000000000000000e+00 2.247381801825178371e+01
1.666666666666666741e+00 2.201588731903060392e+01
2.083333333333333481e+00 2.154880463745711339e+01
2.500000000000000000e+00 2.107013442991864594e+01
2.916666666666666519e+00 2.058016066357773255e+01
3.333333333333333481e+00 2.008223295450971690e+01
3.750000000000000000e+00 1.957865456060118348e+01
4.166666666666666963e+00 1.906987477249413132e+01
4.583333333333333037e+00 1.855370230595729097e+01
5.000000000000000000e+00 1.802826690606276472e+01
5.416666666666666963e+00 1.749775715904727136e+01
5.833333333333333037e+00 1.696589296827330884e+01
6.250000000000000000e+00 1.642430381665635863e+01
6.666666666666666963e+00 1.586210480351084939e+01
7.083333333333333037e+00 1.527894505437732775e+01
7.500000000000000000e+00 1.468929030320256324e+01
7.916666666666666963e+00 1.414800912488411733e+01
8.333333333333333925e+00 1.371837385863239156e+01
8.750000000000000000e+00 1.316605449057958310e+01
9.166666666666666075e+00 1.247372789417188876e+01
9.583333333333333925e+00 1.173540985505685974e+01
1.000000000000000000e+01 1.101674568459208636e+01
1.041666666666666607e+01 1.032910613583684878e+01
1.083333333333333393e+01 9.622697117260880617e+00
1.125000000000000000e+01 8.944106367542655533e+00
1.166666666666666607e+01 8.279328273033007335e+00
1.208333333333333393e+01 7.627297623778933833e+00
1.250000000000000000e+01 6.963253013111784462e+00
1.291666666666666607e+01 6.269063250248108510e+00
1.333333333333333393e+01 5.592221735371650126e+00
1.375000000000000000e+01 4.983767627888123997e+00
1.416666666666666607e+01 4.889938567875338649e+00
1.458333333333333393e+01 4.292364658609179706e+00
1.500000000000000000e+01 3.675049909963721273e+00
1.541666666666666607e+01 3.099341709582292825e+00
1.583333333333333393e+01 2.560176668538645561e+00
1.625000000000000000e+01 2.044537903390370559e+00
1.666666666666666785e+01 1.542134685900905300e+00
1.708333333333333215e+01 1.046977188696856631e+00
1.750000000000000000e+01 5.567013446950720423e-01
1.791666666666666785e+01 7.130453613983656069e-02
1.833333333333333215e+01 -4.088584688260364364e-01
1.875000000000000000e+01 -8.852490369719232532e-01
1.916666666666666785e+01 -1.358649422383798822e+00
1.958333333333333215e+01 -1.824704659111598515e+00
2.000000000000000000e+01 -2.279058723833154776e+00
2.041666666666666785e+01 -2.721650375511788678e+00
2.083333333333333215e+01 -3.152775127178266690e+00
2.125000000000000000e+01 -3.572386845006815914e+00
2.166666666666666785e+01 -3.980143964871246887e+00
2.208333333333333215e+01 -4.372929642670467132e+00
2.250000000000000000e+01 -4.743366669926256662e+00
2.291666666666666785e+01 -5.086253408662697595e+00
2.333333333333333215e+01 -5.415239890635053399e+00
2.375000000000000000e+01 -5.789335034882548747e+00
2.416666666666666785e+01 -6.333719425226020050e+00
2.458333333333333215e+01 -6.871504923299297296e+00
2.500000000000000000e+01 -7.306891366156691880e+00
2.541666666666666785e+01 -7.734158268780265466e+00
2.583333333333333215e+01 -8.178567691295727471e+00
2.625000000000000000e+01 -8.636165752389702632e+00
2.666666666666666785e+01 -9.095954809681046527e+00
2.708333333333333215e+01 -9.549624781274113516e+00
2.750000000000000000e+01 -9.990858865356189611e+00
2.791666666666666785e+01 -1.041265271193401176e+01
2.833333333333333215e+01 -1.080785001458131234e+01
2.875000000000000000e+01 -1.118230497602707807e+01
2.916666666666666785e+01 -1.158844730492849173e+01
2.958333333333333215e+01 -1.216040471839983894e+01
3.000000000000000000e+01 -1.267976988465503219e+01
3.041666666666666785e+01 -1.310002676657233778e+01
3.083333333333333215e+01 -1.350979634644887284e+01
3.125000000000000000e+01 -1.392280877023133279e+01
3.166666666666666785e+01 -1.432569736353573298e+01
3.208333333333333570e+01 -1.471863252430265412e+01
3.250000000000000000e+01 -1.482893952904725055e+01
3.291666666666666430e+01 -1.491579943590722124e+01
3.333333333333333570e+01 -1.500244406506213757e+01
3.375000000000000000e+01 -1.508889741557347897e+01
3.416666666666666430e+01 -1.517519456150190926e+01
3.458333333333333570e+01 -1.526134016265307380e+01
3.500000000000000000e+01 -1.534731856889577806e+01
3.541666666666666430e+01 -1.543309907850483498e+01
3.583333333333333570e+01 -1.551864369923513998e+01
3.625000000000000000e+01 -1.560393307645138883e+01
3.666666666666666430e+01 -1.568896073898241639e+01
3.708333333333333570e+01 -1.577374032274719617e+01
3.750000000000000000e+01 -1.585830104940244567e+01
3.791666666666666430e+01 -1.594268129829561964e+01
3.833333333333333570e+01 -1.602690643116670444e+01
3.875000000000000000e+01 -1.611096242989172822e+01
3.916666666666666430e+01 -1.619481669698528492e+01
3.958333333333333570e+01 -1.627842593802508375e+01
4.000000000000000000e+01 -1.619509260469175160e+01
