0.000000000000000000e+00 2.581144541997514352e+01
4.166666666666666852e-01 2.517215953251797345e+01
8.333333333333333703e-01 2.457670900619167753e+01
1.250000000000000000e+00 2.399691222047760064e+01
1.666666666666666741e+00 2.340632371628272423e+01
2.083333333333333481e+00 2.279607035088709210e+01
2.500000000000000000e+00 2.217144783486832083e+01
2.916666666666666519e+00 2.153815762821896129e+01
3.333333333333333481e+00 2.089783546151817362e+01
3.750000000000000000e+00 2.024997968629608636e+01
4.166666666666666963e+00 1.959467830151363543e+01
4.583333333333333037e+00 1.893348090554477992e+01
5.000000000000000000e+00 1.826916678665683946e+01
5.416666666666666963e+00 1.760590309823352584e+01
5.833333333333333037e+00 1.694616658758150862e+01
6.250000000000000000e+00 1.628619991665987499e+01
6.666666666666666963e+00 1.561566133621149532e+01
7.083333333333333037e+00 1.490912932869440688e+01
7.500000000000000000e+00 1.412972468173447815e+01
7.916666666666666963e+00 1.345426554537650965e+01
8.333333333333333925e+00 1.284868234374425455e+01
8.750000000000000000e+00 1.225948903168374393e+01
9.166666666666666075e+00 1.165859417410636745e+01
9.583333333333333925e+00 1.104334099736347063e+01
1.000000000000000000e+01 1.041652853397393663e+01
1.041666666666666607e+01 9.781679827928174475e+00
1.083333333333333393e+01 9.143863128165687471e+00
1.125000000000000000e+01 8.508105264208692731e+00
1.166666666666666607e+01 7.878038641240490136e+00
1.208333333333333393e+01 7.258090709106205907e+00
1.250000000000000000e+01 6.653112642256689746e+00
1.291666666666666607e+01 6.066523393960992827e+00
1.333333333333333393e+01 5.498414697430433762e+00
1.375000000000000000e+01 4.941019089655004137e+00
1.416666666666666607e+01 4.381116796412595882e+00
1.458333333333333393e+01 3.821047468358863775e+00
1.500000000000000000e+01 3.318523580330141165e+00
1.541666666666666607e+01 3.019737738060431109e+00
1.583333333333333393e+01 2.620162316278478620e+00
1.625000000000000000e+01 2.080291701352144251e+00
1.666666666666666785e+01 1.523003880841715230e+00
1.708333333333333215e+01 9.803674651130482864e-01
1.750000000000000000e+01 4.571561809292381540e-01
1.791666666666666785e+01 -5.084906739754946337e-02
1.833333333333333215e+01 -5.478308603397443743e-01
1.875000000000000000e+01 -1.035596639222588822e+00
1.916666666666666785e+01 -1.513458276720436313e+00
1.958333333333333215e+01 -1.984167862908222224e+00
2.000000000000000000e+01 -2.453281535330880558e+00
2.041666666666666785e+01 -2.920493600535177148e+00
2.083333333333333215e+01 -3.381710898149929534e+00
2.125000000000000000e+01 -3.834270349149961898e+00
2.166666666666666785e+01 -4.274574331785400361e+00
2.208333333333333215e+01 -4.695734984900888698e+00
2.250000000000000000e+01 -5.096462894441629921e+00
2.291666666666666785e+01 -5.486477910290513016e+00
2.333333333333333215e+01 -5.891823351670399944e+00
2.375000000000000000e+01 -6.336310653925949055e+00
2.416666666666666785e+01 -6.757264462060451393e+00
2.458333333333333215e+01 -6.884527331660835969e+00
2.500000000000000000e+01 -7.150911670229754158e+00
2.541666666666666785e+01 -7.681813982137965624e+00
2.583333333333333215e+01 -8.246734911402956669e+00
2.625000000000000000e+01 -8.773673418241859423e+00
2.666666666666666785e+01 -9.251790062992645503e+00
2.708333333333333215e+01 -9.694962459207536298e+00
2.750000000000000000e+01 -1.011913149730691863e+01
2.791666666666666785e+01 -1.053643716909629902e+01
2.833333333333333215e+01 -1.095776633880864637e+01
2.875000000000000000e+01 -1.139164704306747034e+01
2.916666666666666785e+01 -1.181827199185069155e+01
2.958333333333333215e+01 -1.218012735403968350e+01
3.000000000000000000e+01 -1.227564991171023223e+01
3.041666666666666785e+01 -1.267123485154836082e+01
3.083333333333333215e+01 -1.305657394171617192e+01
3.125000000000000000e+01 -1.340206886785362528e+01
3.166666666666666785e+01 -1.372623412598102810e+01
3.208333333333333570e+01 -1.404349935849181996e+01
3.250000000000000000e+01 -1.436734765488167476e+01
3.291666666666666430e+01 -1.470084239544358518e+01
3.333333333333333570e+01 -1.501064168773733520e+01
3.375000000000000000e+01 -1.523908672435743128e+01
3.416666666666666430e+01 -1.533622553092746443e+01
3.458333333333333570e+01 -1.542116412615050969e+01
3.500000000000000000e+01 -1.550597919624139465e+01
3.541666666666666430e+01 -1.559068295659968051e+01
3.583333333333333570e+01 -1.567529544406738218e+01
3.625000000000000000e+01 -1.575982257891420169e+01
3.666666666666666430e+01 -1.584426450902053318e+01
3.708333333333333570e+01 -1.592860875124767261e+01
3.750000000000000000e+01 -1.601283193023496665e+01
3.791666666666666430e+01 -1.609690129276593140e+01
3.833333333333333570e+01 -1.618079166719302009e+01
3.875000000000000000e+01 -1.626450916887092646e+01
3.916666666666666430e+01 -1.634807248893840992e+01
3.958333333333333570e+01 -1.643151005944501009e+01
4.000000000000000000e+01 -1.634817672611167438e+01
