0.000000000000000000e+00 2.807152379124233121e+01
4.166666666666666852e-01 2.725292471935609839e+01
8.333333333333333703e-01 2.642340673998966949e+01
1.250000000000000000e+00 2.559113689820758708e+01
1.666666666666666741e+00 2.476087503347198648e+01
2.083333333333333481e+00 2.393467089102338718e+01
2.500000000000000000e+00 2.311526824916508716e+01
2.916666666666666519e+00 2.230662229099966254e+01
3.333333333333333481e+00 2.151382735531385748e+01
3.750000000000000000e+00 2.074202803662406325e+01
4.166666666666666963e+00 1.999387027476066692e+01
4.583333333333333037e+00 1.926958530531682712e+01
5.000000000000000000e+00 1.856986077927468770e+01
5.416666666666666963e+00 1.789682235705684477e+01
5.833333333333333037e+00 1.725316283126197447e+01
6.250000000000000000e+00 1.664290448780183240e+01
6.666666666666666963e+00 1.607129241115722351e+01
7.083333333333333037e+00 1.554609734709487157e+01
7.500000000000000000e+00 1.544730097350016251e+01
7.916666666666666963e+00 1.465236795148016924e+01
8.333333333333333925e+00 1.353333492665827009e+01
8.750000000000000000e+00 1.211824789820846782e+01
9.166666666666666075e+00 1.062939780663972478e+01
9.583333333333333925e+00 9.261639921308992385e+00
1.000000000000000000e+01 8.089267677607242746e+00
1.041666666666666607e+01 7.089156826205686102e+00
1.083333333333333393e+01 6.240879932338142311e+00
1.125000000000000000e+01 5.534465839402354703e+00
1.166666666666666607e+01 4.961570621959337402e+00
1.208333333333333393e+01 4.538918714957041800e+00
1.250000000000000000e+01 4.167787265766916605e+00
1.291666666666666607e+01 3.800429762965285896e+00
1.333333333333333393e+01 3.390164798690408876e+00
1.375000000000000000e+01 2.935282164285231588e+00
1.416666666666666607e+01 2.447962976646621325e+00
1.458333333333333393e+01 1.991188389721595620e+00
1.500000000000000000e+01 1.712064568451987290e+00
1.541666666666666607e+01 1.339902470505387244e+00
1.583333333333333393e+01 8.053493652498679989e-01
1.625000000000000000e+01 2.305940256137168909e-01
1.666666666666666785e+01 -3.458319255387719560e-01
1.708333333333333215e+01 -9.145400200172876248e-01
1.750000000000000000e+01 -1.474466577683533730e+00
1.791666666666666785e+01 -2.027156820990891006e+00
1.833333333333333215e+01 -2.573763310443774266e+00
1.875000000000000000e+01 -3.112081696086006044e+00
1.916666666666666785e+01 -3.638742468296631838e+00
1.958333333333333215e+01 -4.155807890485393230e+00
2.000000000000000000e+01 -4.668966476564269108e+00
2.041666666666666785e+01 -5.180281378326100139e+00
2.083333333333333215e+01 -5.687562453620555125e+00
2.125000000000000000e+01 -6.186737049625120832e+00
2.166666666666666785e+01 -6.676376236617999282e+00
2.208333333333333215e+01 -7.160527468993847400e+00
2.250000000000000000e+01 -7.648948027144758299e+00
2.291666666666666785e+01 -8.154038523147431050e+00
2.333333333333333215e+01 -8.680633255240827850e+00
2.375000000000000000e+01 -9.182477409924407752e+00
2.416666666666666785e+01 -9.530143368164067041e+00
2.458333333333333215e+01 -9.821271150545433315e+00
2.500000000000000000e+01 -9.932592862241211407e+00
2.541666666666666785e+01 -1.001810247382106489e+01
2.583333333333333215e+01 -1.010347086697291452e+01
2.625000000000000000e+01 -1.018875827735219630e+01
2.666666666666666785e+01 -1.027403332017694026e+01
2.708333333333333215e+01 -1.035933579855844400e+01
2.750000000000000000e+01 -1.044466687968742846e+01
2.791666666666666785e+01 -1.053002121426427351e+01
2.833333333333333215e+01 -1.061538254799663150e+01
2.875000000000000000e+01 -1.070076311514055156e+01
2.916666666666666785e+01 -1.078618381617091337e+01
2.958333333333333215e+01 -1.087165288522332318e+01
3.000000000000000000e+01 -1.095714654136680188e+01
3.041666666666666785e+01 -1.104261688123745344e+01
3.083333333333333215e+01 -1.112802115872806397e+01
3.125000000000000000e+01 -1.121335949541192711e+01
3.166666666666666785e+01 -1.129865343374011921e+01
3.208333333333333570e+01 -1.138393111031850680e+01
3.250000000000000000e+01 -1.146921010784230077e+01
3.291666666666666430e+01 -1.155447923600700122e+01
3.333333333333333570e+01 -1.163969226474506335e+01
3.375000000000000000e+01 -1.172478102712416081e+01
3.416666666666666430e+01 -1.180967481065022184e+01
3.458333333333333570e+01 -1.189435344353239543e+01
3.500000000000000000e+01 -1.197884101903606080e+01
3.541666666666666430e+01 -1.206319579248823359e+01
3.583333333333333570e+01 -1.214749044184624438e+01
3.625000000000000000e+01 -1.223177142286481001e+01
3.666666666666666430e+01 -1.231605423966964707e+01
3.708333333333333570e+01 -1.240031290617667636e+01
3.750000000000000000e+01 -1.248448997194872767e+01
3.791666666666666430e+01 -1.256851465129896361e+01
3.833333333333333570e+01 -1.265233805601269701e+01
3.875000000000000000e+01 -1.273596759140106194e+01
3.916666666666666430e+01 -1.281944470591495389e+01
3.958333333333333570e+01 -1.290282869527212917e+01
4.000000000000000000e+01 -1.281949536193879702e+01
