0.000000000000000000e+00 2.390535781044517805e+01
4.166666666666666852e-01 2.343347423148983566e+01
8.333333333333333703e-01 2.293653617351527885e+01
1.250000000000000000e+00 2.242803601462451724e+01
1.666666666666666741e+00 2.191866201764475264e+01
2.083333333333333481e+00 2.141105264076831105e+01
2.500000000000000000e+00 2.090265632247075445e+01
2.916666666666666519e+00 2.039134942202923995e+01
3.333333333333333481e+00 1.987675010071735215e+01
3.750000000000000000e+00 1.935911262027568824e+01
4.166666666666666963e+00 1.883857218977879810e+01
4.583333333333333037e+00 1.831501394763339974e+01
5.000000000000000000e+00 1.778791472706266319e+01
5.416666666666666963e+00 1.725612899061768601e+01
5.833333333333333037e+00 1.671885744549094355e+01
6.250000000000000000e+00 1.617703571966914922e+01
6.666666666666666963e+00 1.563339947650212025e+01
7.083333333333333037e+00 1.509698859620596245e+01
7.500000000000000000e+00 1.458119783327398800e+01
7.916666666666666963e+00 1.404005817118866339e+01
8.333333333333333925e+00 1.347414650518664736e+01
8.750000000000000000e+00 1.290670105015171210e+01
9.166666666666666075e+00 1.234595274315227265e+01
9.583333333333333925e+00 1.178950913952229484e+01
1.000000000000000000e+01 1.123475670622678990e+01
1.041666666666666607e+01 1.068077846050422508e+01
1.083333333333333393e+01 1.012713891274133715e+01
1.125000000000000000e+01 9.572996468765191835e+00
1.166666666666666607e+01 9.016979079748296044e+00
1.208333333333333393e+01 8.456416174153538634e+00
1.250000000000000000e+01 7.885960308732701485e+00
1.291666666666666607e+01 7.296011478322393273e+00
1.333333333333333393e+01 6.670808113461390576e+00
1.375000000000000000e+01 5.989739487250501426e+00
1.416666666666666607e+01 5.238721343289892474e+00
1.458333333333333393e+01 4.485170063417630359e+00
1.500000000000000000e+01 3.811583753129890173e+00
1.541666666666666607e+01 3.726932843465134759e+00
1.583333333333333393e+01 3.058450832961226329e+00
1.625000000000000000e+01 2.358242886132697169e+00
1.666666666666666785e+01 1.703748864144467579e+00
1.708333333333333215e+01 1.101819076409823905e+00
1.750000000000000000e+01 5.371622456907545473e-01
1.791666666666666785e+01 -6.961680956465293724e-03
1.833333333333333215e+01 -5.407127168687135832e-01
1.875000000000000000e+01 -1.069223305276375546e+00
1.916666666666666785e+01 -1.594725423105876061e+00
1.958333333333333215e+01 -2.117719539146040830e+00
2.000000000000000000e+01 -2.637884998748676768e+00
2.041666666666666785e+01 -3.154327924958777896e+00
2.083333333333333215e+01 -3.665902093110980253e+00
2.125000000000000000e+01 -4.171930948917646376e+00
2.166666666666666785e+01 -4.672223565945589741e+00
2.208333333333333215e+01 -5.165623051065272975e+00
2.250000000000000000e+01 -5.649246556328948898e+00
2.291666666666666785e+01 -6.119544265605482813e+00
2.333333333333333215e+01 -6.573982774489381953e+00
2.375000000000000000e+01 -7.015086136538060124e+00
2.416666666666666785e+01 -7.463158640814294920e+00
2.458333333333333215e+01 -7.971396445600256619e+00
2.500000000000000000e+01 -8.444939806018380679e+00
2.541666666666666785e+01 -8.856434628073257542e+00
2.583333333333333215e+01 -9.259610506226593429e+00
2.625000000000000000e+01 -9.667990883595990681e+00
2.666666666666666785e+01 -1.007848633434360153e+01
2.708333333333333215e+01 -1.048463908415607904e+01
2.750000000000000000e+01 -1.088049471040514682e+01
2.791666666666666785e+01 -1.126181035829111110e+01
2.833333333333333215e+01 -1.162770055603860975e+01
2.875000000000000000e+01 -1.198330461397682534e+01
2.916666666666666785e+01 -1.234754715766209721e+01
2.958333333333333215e+01 -1.277406611269833014e+01
3.000000000000000000e+01 -1.313917282484035276e+01
3.041666666666666785e+01 -1.341662231773344693e+01
3.083333333333333215e+01 -1.365956332530637241e+01
3.125000000000000000e+01 -1.376619019672816080e+01
3.166666666666666785e+01 -1.384859800161152421e+01
3.208333333333333570e+01 -1.393104061683485462e+01
3.250000000000000000e+01 -1.401347354885399099e+01
3.291666666666666430e+01 -1.409587822411853075e+01
3.333333333333333570e+01 -1.417825776982747144e+01
3.375000000000000000e+01 -1.426062482182381608e+01
3.416666666666666430e+01 -1.434298723853239821e+01
3.458333333333333570e+01 -1.442536578444604700e+01
3.500000000000000000e+01 -1.450778004638947571e+01
3.541666666666666430e+01 -1.459024374005156233e+01
3.583333333333333570e+01 -1.467276896881207371e+01
3.625000000000000000e+01 -1.475535765551849465e+01
3.666666666666666430e+01 -1.483801591064089287e+01
3.708333333333333570e+01 -1.492075103505158928e+01
3.750000000000000000e+01 -1.500357024314759613e+01
3.791666666666666430e+01 -1.508647354393434803e+01
3.833333333333333570e+01 -1.516945677739876963e+01
3.875000000000000000e+01 -1.525252509527375544e+01
3.916666666666666430e+01 -1.533567895325144548e+01
3.958333333333333570e+01 -1.541892070918624746e+01
4.000000000000000000e+01 -1.533558737585291709e+01
