0.000000000000000000e+00 2.380829180188133876e+01
4.166666666666666852e-01 2.339622355416603128e+01
8.333333333333333703e-01 2.297843586639694635e+01
1.250000000000000000e+00 2.255918010875492641e+01
1.666666666666666741e+00 2.214484150027336895e+01
2.083333333333333481e+00 2.173716439432085323e+01
2.500000000000000000e+00 2.138845887712066585e+01
2.916666666666666519e+00 2.105857175380709734e+01
3.333333333333333481e+00 2.072750702474392526e+01
3.750000000000000000e+00 2.038134300316214009e+01
4.166666666666666963e+00 2.001655346070857533e+01
4.583333333333333037e+00 1.963741748682202726e+01
5.000000000000000000e+00 1.925017378071400387e+01
5.416666666666666963e+00 1.885692944085881706e+01
5.833333333333333037e+00 1.846082622945514728e+01
6.250000000000000000e+00 1.806486651042323999e+01
6.666666666666666963e+00 1.766028879086625736e+01
7.083333333333333037e+00 1.721129416149834057e+01
7.500000000000000000e+00 1.667350498675822834e+01
7.916666666666666963e+00 1.617534968220779135e+01
8.333333333333333925e+00 1.574490142959164629e+01
8.750000000000000000e+00 1.532540705656371394e+01
9.166666666666666075e+00 1.488820051407319944e+01
9.583333333333333925e+00 1.443415296620109167e+01
1.000000000000000000e+01 1.396959705330537282e+01
1.041666666666666607e+01 1.349995218760487070e+01
1.083333333333333393e+01 1.302901069296374637e+01
1.125000000000000000e+01 1.255914518924491041e+01
1.166666666666666607e+01 1.209089401885322879e+01
1.208333333333333393e+01 1.162409836575015198e+01
1.250000000000000000e+01 1.116061897165767824e+01
1.291666666666666607e+01 1.070422479996424592e+01
1.333333333333333393e+01 1.025831749325588227e+01
1.375000000000000000e+01 9.822330580170083536e+00
1.416666666666666607e+01 9.379272469814091906e+00
1.458333333333333393e+01 8.866604734916601060e+00
1.500000000000000000e+01 8.212161641253981514e+00
1.541666666666666607e+01 7.588709217299689946e+00
1.583333333333333393e+01 7.096823853613879685e+00
1.625000000000000000e+01 6.625761497029183822e+00
1.666666666666666785e+01 6.115767657227631382e+00
1.708333333333333215e+01 5.551603907643008817e+00
1.750000000000000000e+01 4.919470477811538345e+00
1.791666666666666785e+01 4.195725709719718921e+00
1.833333333333333215e+01 3.346386978526747047e+00
1.875000000000000000e+01 2.349004216353345331e+00
1.916666666666666785e+01 1.244561989700325055e+00
1.958333333333333215e+01 1.499669548365810678e-01
2.000000000000000000e+01 -8.224705672880835428e-01
2.041666666666666785e+01 -1.642689804593677083e+00
2.083333333333333215e+01 -2.345676825813616695e+00
2.125000000000000000e+01 -2.975303829469074124e+00
2.166666666666666785e+01 -3.563755273280056368e+00
2.208333333333333215e+01 -4.133925816221411864e+00
2.250000000000000000e+01 -4.703283495075501364e+00
2.291666666666666785e+01 -5.287154922691844838e+00
2.333333333333333215e+01 -5.897824279214096244e+00
2.375000000000000000e+01 -6.530176356842481766e+00
2.416666666666666785e+01 -7.119003666431855670e+00
2.458333333333333215e+01 -7.493738485898480128e+00
2.500000000000000000e+01 -7.872703448454577035e+00
2.541666666666666785e+01 -8.413778866974457316e+00
2.583333333333333215e+01 -8.989140423041837025e+00
2.625000000000000000e+01 -9.555243520711050209e+00
2.666666666666666785e+01 -1.010294373183724836e+01
2.708333333333333215e+01 -1.063422548446563631e+01
2.750000000000000000e+01 -1.115385095319137143e+01
2.791666666666666785e+01 -1.166592689293016427e+01
2.833333333333333215e+01 -1.217333145260666605e+01
2.875000000000000000e+01 -1.267799972755127236e+01
2.916666666666666785e+01 -1.318151634489483648e+01
2.958333333333333215e+01 -1.368525262236933848e+01
3.000000000000000000e+01 -1.419188557098074988e+01
3.041666666666666785e+01 -1.470533920714054510e+01
3.083333333333333215e+01 -1.523074540686572753e+01
3.125000000000000000e+01 -1.577348297072218841e+01
3.166666666666666785e+01 -1.632915510582281016e+01
3.208333333333333570e+01 -1.684876545404678794e+01
3.250000000000000000e+01 -1.719638389228767394e+01
3.291666666666666430e+01 -1.753888274750535814e+01
3.333333333333333570e+01 -1.800604062377188441e+01
3.375000000000000000e+01 -1.849590909441259967e+01
3.416666666666666430e+01 -1.897498200864960793e+01
3.458333333333333570e+01 -1.944024470837765151e+01
3.500000000000000000e+01 -1.989529336501125911e+01
3.541666666666666430e+01 -2.034672617718665677e+01
3.583333333333333570e+01 -2.080395839703784944e+01
3.625000000000000000e+01 -2.127585269748822228e+01
3.666666666666666430e+01 -2.176037563355983551e+01
3.708333333333333570e+01 -2.223444202759874955e+01
3.750000000000000000e+01 -2.263441493321683495e+01
3.791666666666666430e+01 -2.299135892903902700e+01
3.833333333333333570e+01 -2.342653818540752653e+01
3.875000000000000000e+01 -2.389413421163450479e+01
3.916666666666666430e+01 -2.433058498706106221e+01
3.958333333333333570e+01 -2.463055080166918032e+01
4.000000000000000000e+01 -2.454721746833584461e+01
