0.000000000000000000e+00 2.495342358400541016e+01
4.166666666666666852e-01 2.428299709970191955e+01
8.333333333333333703e-01 2.347661517240238993e+01
1.250000000000000000e+00 2.264841220231306451e+01
1.666666666666666741e+00 2.184563178532282279e+01
2.083333333333333481e+00 2.105372671623544178e+01
2.500000000000000000e+00 2.025469597085979601e+01
2.916666666666666519e+00 1.944483774154919686e+01
3.333333333333333481e+00 1.863760757741562912e+01
3.750000000000000000e+00 1.783724981458100700e+01
4.166666666666666963e+00 1.703243523305304308e+01
4.583333333333333037e+00 1.622813139433667473e+01
5.000000000000000000e+00 1.544865525199632472e+01
5.416666666666666963e+00 1.470548033464364224e+01
5.833333333333333037e+00 1.399819120566620612e+01
6.250000000000000000e+00 1.332067819190829105e+01
6.666666666666666963e+00 1.266143399050156582e+01
7.083333333333333037e+00 1.200289037536799341e+01
7.500000000000000000e+00 1.133096258450176563e+01
7.916666666666666963e+00 1.066488108813394220e+01
8.333333333333333925e+00 1.011760835838344441e+01
8.750000000000000000e+00 9.812842723599281669e+00
9.166666666666666075e+00 9.329916266230092958e+00
9.583333333333333925e+00 8.603063869121017504e+00
1.000000000000000000e+01 7.881944098142190214e+00
1.041666666666666607e+01 7.280701418085461896e+00
1.083333333333333393e+01 6.831500386383002166e+00
1.125000000000000000e+01 6.527147306344343924e+00
1.166666666666666607e+01 6.303382133863189907e+00
1.208333333333333393e+01 5.981419930298091714e+00
1.250000000000000000e+01 5.224813286307919746e+00
1.291666666666666607e+01 4.550293467206629749e+00
1.333333333333333393e+01 4.172185676871798421e+00
1.375000000000000000e+01 3.827642682193558521e+00
1.416666666666666607e+01 3.437533028545633584e+00
1.458333333333333393e+01 2.998041499007436439e+00
1.500000000000000000e+01 2.519645604398051297e+00
1.541666666666666607e+01 2.010894401709484303e+00
1.583333333333333393e+01 1.479099652937869713e+00
1.625000000000000000e+01 9.305450434239311841e-01
1.666666666666666785e+01 3.705448417588027010e-01
1.708333333333333215e+01 -1.948157418632515681e-01
1.750000000000000000e+01 -7.540476170946721624e-01
1.791666666666666785e+01 -1.312595348436842668e+00
1.833333333333333215e+01 -1.878890507505643903e+00
1.875000000000000000e+01 -2.423402520123382864e+00
1.916666666666666785e+01 -2.960199799597071912e+00
1.958333333333333215e+01 -3.482157492798594323e+00
2.000000000000000000e+01 -3.979035801645346204e+00
2.041666666666666785e+01 -4.478345203690413889e+00
2.083333333333333215e+01 -4.961797944992349052e+00
2.125000000000000000e+01 -5.428148570256470684e+00
2.166666666666666785e+01 -5.848155462080034894e+00
2.208333333333333215e+01 -6.198160040919709957e+00
2.250000000000000000e+01 -6.449362085396506572e+00
2.291666666666666785e+01 -6.613105555912155431e+00
2.333333333333333215e+01 -6.870659515344145873e+00
2.375000000000000000e+01 -7.718272905353789071e+00
2.416666666666666785e+01 -8.413784812968847504e+00
2.458333333333333215e+01 -8.662262067883990113e+00
2.500000000000000000e+01 -8.799963071854268293e+00
2.541666666666666785e+01 -8.912941685430050498e+00
2.583333333333333215e+01 -8.998992338663576618e+00
2.625000000000000000e+01 -9.084839936012617301e+00
2.666666666666666785e+01 -9.170520240264082190e+00
2.708333333333333215e+01 -9.256090562009537948e+00
2.750000000000000000e+01 -9.341629961462844634e+00
2.791666666666666785e+01 -9.427201749205890380e+00
2.833333333333333215e+01 -9.512855829782102646e+00
2.875000000000000000e+01 -9.598589948747214606e+00
2.916666666666666785e+01 -9.684371663311749145e+00
2.958333333333333215e+01 -9.770162983830614323e+00
3.000000000000000000e+01 -9.855943995546343928e+00
3.041666666666666785e+01 -9.941710079367842567e+00
3.083333333333333215e+01 -1.002744785953185236e+01
3.125000000000000000e+01 -1.011310193513395461e+01
3.166666666666666785e+01 -1.019859929976294488e+01
3.208333333333333570e+01 -1.028386586526611346e+01
3.250000000000000000e+01 -1.036884451027387399e+01
3.291666666666666430e+01 -1.045351405106785592e+01
3.333333333333333570e+01 -1.053789673914198843e+01
3.375000000000000000e+01 -1.062204702581026616e+01
3.416666666666666430e+01 -1.070603402058665665e+01
3.458333333333333570e+01 -1.078988946303484475e+01
3.500000000000000000e+01 -1.087361320544522059e+01
3.541666666666666430e+01 -1.095718058269198814e+01
3.583333333333333570e+01 -1.104055793851323131e+01
3.625000000000000000e+01 -1.112373852574888744e+01
3.666666666666666430e+01 -1.120674336493778966e+01
3.708333333333333570e+01 -1.128962948602910821e+01
3.750000000000000000e+01 -1.137247954568213082e+01
3.791666666666666430e+01 -1.145538486324325156e+01
3.833333333333333570e+01 -1.153841196162003868e+01
3.875000000000000000e+01 -1.162156939145891776e+01
3.916666666666666430e+01 -1.170482980832965403e+01
3.958333333333333570e+01 -1.178814489546300237e+01
4.000000000000000000e+01 -1.170481156212967022e+01
