0.000000000000000000e+00 2.593101266327984789e+01
4.166666666666666852e-01 2.530114891313540326e+01
8.333333333333333703e-01 2.470551958234377921e+01
1.250000000000000000e+00 2.412041017916829233e+01
1.666666666666666741e+00 2.352479873943440225e+01
2.083333333333333481e+00 2.291268545352117769e+01
2.500000000000000000e+00 2.228953887570886749e+01
2.916666666666666519e+00 2.166064432111142679e+01
3.333333333333333481e+00 2.102743889914820841e+01
3.750000000000000000e+00 2.039093263615761487e+01
4.166666666666666963e+00 1.975280242325072066e+01
4.583333333333333037e+00 1.911486438647275676e+01
5.000000000000000000e+00 1.847974952172904750e+01
5.416666666666666963e+00 1.785047279421359789e+01
5.833333333333333037e+00 1.722637381183360716e+01
6.250000000000000000e+00 1.659571170361567738e+01
6.666666666666666963e+00 1.592965054644865752e+01
7.083333333333333037e+00 1.520124426078277757e+01
7.500000000000000000e+00 1.453277263649817286e+01
7.916666666666666963e+00 1.392412821004552370e+01
8.333333333333333925e+00 1.333440445749366710e+01
8.750000000000000000e+00 1.273862294022987918e+01
9.166666666666666075e+00 1.213066827446406748e+01
9.583333333333333925e+00 1.151203716114812003e+01
1.000000000000000000e+01 1.088614166727245092e+01
1.041666666666666607e+01 1.025511881973452333e+01
1.083333333333333393e+01 9.620194910221263385e+00
1.125000000000000000e+01 8.983869153474900671e+00
1.166666666666666607e+01 8.348998141959450336e+00
1.208333333333333393e+01 7.717662074914794168e+00
1.250000000000000000e+01 7.091356465574802925e+00
1.291666666666666607e+01 6.470079929386042039e+00
1.333333333333333393e+01 5.853010238771780394e+00
1.375000000000000000e+01 5.238359294600576810e+00
1.416666666666666607e+01 4.623027008340634403e+00
1.458333333333333393e+01 4.006156152760599554e+00
1.500000000000000000e+01 3.399958552289609859e+00
1.541666666666666607e+01 2.853503956313569567e+00
1.583333333333333393e+01 2.470439009296285349e+00
1.625000000000000000e+01 2.025682601008969019e+00
1.666666666666666785e+01 1.478562062116856479e+00
1.708333333333333215e+01 9.078551782747783516e-01
1.750000000000000000e+01 3.371810790243454092e-01
1.791666666666666785e+01 -2.263500510460267623e-01
1.833333333333333215e+01 -7.817194040624492191e-01
1.875000000000000000e+01 -1.329595717935515120e+00
1.916666666666666785e+01 -1.870509929399771787e+00
1.958333333333333215e+01 -2.404631056042809689e+00
2.000000000000000000e+01 -2.931610518584788938e+00
2.041666666666666785e+01 -3.451330372818834036e+00
2.083333333333333215e+01 -3.964792274130282568e+00
2.125000000000000000e+01 -4.473050602920149110e+00
2.166666666666666785e+01 -4.975020921291915421e+00
2.208333333333333215e+01 -5.467550393011638477e+00
2.250000000000000000e+01 -5.946231448457432123e+00
2.291666666666666785e+01 -6.403799980030409067e+00
2.333333333333333215e+01 -6.830127600835372625e+00
2.375000000000000000e+01 -7.216257219069852624e+00
2.416666666666666785e+01 -7.517952963543909739e+00
2.458333333333333215e+01 -7.593872593161140827e+00
2.500000000000000000e+01 -7.821915121125803338e+00
2.541666666666666785e+01 -8.235839870182058320e+00
2.583333333333333215e+01 -8.696563511459761031e+00
2.625000000000000000e+01 -9.162165396993357191e+00
2.666666666666666785e+01 -9.616128243395589692e+00
2.708333333333333215e+01 -1.005876054084516902e+01
2.750000000000000000e+01 -1.051313411399273079e+01
2.791666666666666785e+01 -1.101072137846722221e+01
2.833333333333333215e+01 -1.159190386956350594e+01
2.875000000000000000e+01 -1.222748487140580842e+01
2.916666666666666785e+01 -1.280022148172830221e+01
2.958333333333333215e+01 -1.289189060194477143e+01
3.000000000000000000e+01 -1.297131614395736321e+01
3.041666666666666785e+01 -1.349938721719169799e+01
3.083333333333333215e+01 -1.400658326836780354e+01
3.125000000000000000e+01 -1.411185167350184066e+01
3.166666666666666785e+01 -1.419167369295787928e+01
3.208333333333333570e+01 -1.427163423845864010e+01
3.250000000000000000e+01 -1.435173527158935158e+01
3.291666666666666430e+01 -1.443198130843099314e+01
3.333333333333333570e+01 -1.451238017542376468e+01
3.375000000000000000e+01 -1.459293793614424573e+01
3.416666666666666430e+01 -1.467365075597980884e+01
3.458333333333333570e+01 -1.475452824398719720e+01
3.500000000000000000e+01 -1.483558102280111335e+01
3.541666666666666430e+01 -1.491681594135909705e+01
3.583333333333333570e+01 -1.499823977715825052e+01
3.625000000000000000e+01 -1.507984947288145605e+01
3.666666666666666430e+01 -1.516164698259744625e+01
3.708333333333333570e+01 -1.524363583692869462e+01
3.750000000000000000e+01 -1.532581951629697237e+01
3.791666666666666430e+01 -1.540819416610078285e+01
3.833333333333333570e+01 -1.549075281863771281e+01
3.875000000000000000e+01 -1.557350025251018266e+01
3.916666666666666430e+01 -1.565643810437173933e+01
3.958333333333333570e+01 -1.573957102073594960e+01
4.000000000000000000e+01 -1.565623768740261923e+01
