0.000000000000000000e+00 2.369633927595093326e+01
4.166666666666666852e-01 2.321777729457035733e+01
8.333333333333333703e-01 2.271712045236230892e+01
1.250000000000000000e+00 2.220546677834795091e+01
1.666666666666666741e+00 2.169208893765412327e+01
2.083333333333333481e+00 2.117968422607235013e+01
2.500000000000000000e+00 2.066621518817304448e+01
2.916666666666666519e+00 2.014988261841988049e+01
3.333333333333333481e+00 1.963030532702168074e+01
3.750000000000000000e+00 1.910732232696159727e+01
4.166666666666666963e+00 1.858108314454723597e+01
4.583333333333333037e+00 1.805187962769097965e+01
5.000000000000000000e+00 1.751964264455289921e+01
5.416666666666666963e+00 1.698432749190139646e+01
5.833333333333333037e+00 1.644702744335753763e+01
6.250000000000000000e+00 1.591121057359047342e+01
6.666666666666666963e+00 1.538492529186028257e+01
7.083333333333333037e+00 1.487539539648823528e+01
7.500000000000000000e+00 1.436139663460340010e+01
7.916666666666666963e+00 1.382952280215062579e+01
8.333333333333333925e+00 1.329273188508681081e+01
8.750000000000000000e+00 1.275552131928982114e+01
9.166666666666666075e+00 1.221687961438017389e+01
9.583333333333333925e+00 1.167529811123943517e+01
1.000000000000000000e+01 1.112996380867500434e+01
1.041666666666666607e+01 1.058030632353864142e+01
1.083333333333333393e+01 1.002600680159407887e+01
1.125000000000000000e+01 9.466922313309149573e+00
1.166666666666666607e+01 8.903636883544349345e+00
1.208333333333333393e+01 8.337361165253890150e+00
1.250000000000000000e+01 7.769514973724922946e+00
1.291666666666666607e+01 7.201778672841673945e+00
1.333333333333333393e+01 6.636345231432740910e+00
1.375000000000000000e+01 6.075543761551187139e+00
1.416666666666666607e+01 5.521604636765304441e+00
1.458333333333333393e+01 4.973939226021053095e+00
1.500000000000000000e+01 4.421113566890351620e+00
1.541666666666666607e+01 3.836973852071889457e+00
1.583333333333333393e+01 3.267767116112200831e+00
1.625000000000000000e+01 2.722948896831117960e+00
1.666666666666666785e+01 2.182969929524446684e+00
1.708333333333333215e+01 1.641540055832016121e+00
1.750000000000000000e+01 1.097787239273933846e+00
1.791666666666666785e+01 5.523931358573785921e-01
1.833333333333333215e+01 6.098926378710844975e-03
1.875000000000000000e+01 -5.400432335503714265e-01
1.916666666666666785e+01 -1.084786428199108421e+00
1.958333333333333215e+01 -1.627085119704221539e+00
2.000000000000000000e+01 -2.166226541682075624e+00
2.041666666666666785e+01 -2.701877484259215034e+00
2.083333333333333215e+01 -3.233440815754800912e+00
2.125000000000000000e+01 -3.759789266195771695e+00
2.166666666666666785e+01 -4.279853752075145401e+00
2.208333333333333215e+01 -4.793077154008036800e+00
2.250000000000000000e+01 -5.298288904122029130e+00
2.291666666666666785e+01 -5.792552814996364319e+00
2.333333333333333215e+01 -6.271847915985864219e+00
2.375000000000000000e+01 -6.735845735754112162e+00
2.416666666666666785e+01 -7.198759140796028966e+00
2.458333333333333215e+01 -7.698183696370639595e+00
2.500000000000000000e+01 -8.175352979972265288e+00
2.541666666666666785e+01 -8.611915359177833906e+00
2.583333333333333215e+01 -9.038318441781157730e+00
2.625000000000000000e+01 -9.462660288907079220e+00
2.666666666666666785e+01 -9.886080664470902946e+00
2.708333333333333215e+01 -1.030977216618675740e+01
2.750000000000000000e+01 -1.073268987343674041e+01
2.791666666666666785e+01 -1.114736619325829103e+01
2.833333333333333215e+01 -1.154207261570191889e+01
2.875000000000000000e+01 -1.191358641844385247e+01
2.916666666666666785e+01 -1.227535630969584446e+01
2.958333333333333215e+01 -1.265037348075371426e+01
3.000000000000000000e+01 -1.308259640266428825e+01
3.041666666666666785e+01 -1.345937272179514821e+01
3.083333333333333215e+01 -1.376093205849553058e+01
3.125000000000000000e+01 -1.402676937342326013e+01
3.166666666666666785e+01 -1.413462012731248940e+01
3.208333333333333570e+01 -1.421870080512641543e+01
3.250000000000000000e+01 -1.430281294036276307e+01
3.291666666666666430e+01 -1.438692865233207741e+01
3.333333333333333570e+01 -1.447102058185041962e+01
3.375000000000000000e+01 -1.455506784168783696e+01
3.416666666666666430e+01 -1.463906398774470397e+01
3.458333333333333570e+01 -1.472299251909942441e+01
3.500000000000000000e+01 -1.480683917084900791e+01
3.541666666666666430e+01 -1.489059697262670490e+01
3.583333333333333570e+01 -1.497426272557017768e+01
3.625000000000000000e+01 -1.505784704115378148e+01
3.666666666666666430e+01 -1.514135870763234948e+01
3.708333333333333570e+01 -1.522480743202126341e+01
3.750000000000000000e+01 -1.530820446854836270e+01
3.791666666666666430e+01 -1.539156863768519123e+01
3.833333333333333570e+01 -1.547492028312399803e+01
3.875000000000000000e+01 -1.555826480565837500e+01
3.916666666666666430e+01 -1.564160746403796587e+01
3.958333333333333570e+01 -1.572494735032128332e+01
4.000000000000000000e+01 -1.564161401698795117e+01
