0.000000000000000000e+00 3.121037970860477628e+01
4.166666666666666852e-01 3.029173425313386758e+01
8.333333333333333703e-01 2.944987136724892451e+01
1.250000000000000000e+00 2.861815680487794111e+01
1.666666666666666741e+00 2.777387274022049723e+01
2.083333333333333481e+00 2.692791111942620219e+01
2.500000000000000000e+00 2.608723657965132148e+01
2.916666666666666519e+00 2.526075126213449451e+01
3.333333333333333481e+00 2.444802989607768495e+01
3.750000000000000000e+00 2.363050940842795811e+01
4.166666666666666963e+00 2.279439672675071904e+01
4.583333333333333037e+00 2.194252085773646144e+01
5.000000000000000000e+00 2.106412509492218632e+01
5.416666666666666963e+00 2.012668502669695059e+01
5.833333333333333037e+00 1.911121358336891163e+01
6.250000000000000000e+00 1.810738196094366970e+01
6.666666666666666963e+00 1.800320364139912854e+01
7.083333333333333037e+00 1.700612239576518192e+01
7.500000000000000000e+00 1.604057558063608013e+01
7.916666666666666963e+00 1.512491997083835749e+01
8.333333333333333925e+00 1.429126595591305815e+01
8.750000000000000000e+00 1.351302118747034875e+01
9.166666666666666075e+00 1.275951023081151092e+01
9.583333333333333925e+00 1.201769189926892700e+01
1.000000000000000000e+01 1.128516327017479526e+01
1.041666666666666607e+01 1.055478620690567304e+01
1.083333333333333393e+01 9.818165132627711955e+00
1.125000000000000000e+01 9.055649120445750100e+00
1.166666666666666607e+01 8.207198741249587925e+00
1.208333333333333393e+01 7.183900129299573223e+00
1.250000000000000000e+01 5.927004002006142080e+00
1.291666666666666607e+01 4.527629733245441379e+00
1.333333333333333393e+01 3.106303896280712351e+00
1.375000000000000000e+01 3.003485423583266645e+00
1.416666666666666607e+01 2.901599387171734268e+00
1.458333333333333393e+01 2.800234242292463094e+00
1.500000000000000000e+01 2.699567348948526124e+00
1.541666666666666607e+01 2.599681839813480888e+00
1.583333333333333393e+01 2.500564510261662043e+00
1.625000000000000000e+01 2.402132755077237114e+00
1.666666666666666785e+01 2.304263697610016148e+00
1.708333333333333215e+01 2.206828184132181736e+00
1.750000000000000000e+01 1.430792475436922340e+00
1.791666666666666785e+01 6.624145597213544345e-01
1.833333333333333215e+01 -3.031129507330337924e-02
1.875000000000000000e+01 -6.274926694027567198e-01
1.916666666666666785e+01 -1.150741257256676198e+00
1.958333333333333215e+01 -1.643645006453392288e+00
2.000000000000000000e+01 -2.131682365694615111e+00
2.041666666666666785e+01 -2.627089034641238108e+00
2.083333333333333215e+01 -3.145903914773518828e+00
2.125000000000000000e+01 -3.701114319342146075e+00
2.166666666666666785e+01 -4.295705429700090505e+00
2.208333333333333215e+01 -4.937779538612752539e+00
2.250000000000000000e+01 -5.647016911657305904e+00
2.291666666666666785e+01 -6.446758728437465891e+00
2.333333333333333215e+01 -7.343794785811915027e+00
2.375000000000000000e+01 -8.245250419742156112e+00
2.416666666666666785e+01 -8.980993760658240177e+00
2.458333333333333215e+01 -9.082516178559945530e+00
2.500000000000000000e+01 -9.179683424518305657e+00
2.541666666666666785e+01 -9.859579267776855005e+00
2.583333333333333215e+01 -1.035810843420501648e+01
2.625000000000000000e+01 -1.064182084623911351e+01
2.666666666666666785e+01 -1.081029810205465935e+01
2.708333333333333215e+01 -1.103074125033990782e+01
2.750000000000000000e+01 -1.149014269768302832e+01
2.791666666666666785e+01 -1.234651341655404266e+01
2.833333333333333215e+01 -1.361074982751264706e+01
2.875000000000000000e+01 -1.511925000638903605e+01
2.916666666666666785e+01 -1.523325763948985134e+01
2.958333333333333215e+01 -1.533025344124153300e+01
3.000000000000000000e+01 -1.542639939817861894e+01
3.041666666666666785e+01 -1.552166470102933182e+01
3.083333333333333215e+01 -1.561603811012248499e+01
3.125000000000000000e+01 -1.570949167695386528e+01
3.166666666666666785e+01 -1.580200512016385517e+01
3.208333333333333570e+01 -1.589358268777575844e+01
3.250000000000000000e+01 -1.598426965218602369e+01
3.291666666666666430e+01 -1.607416537972909154e+01
3.333333333333333570e+01 -1.616341885535980794e+01
3.375000000000000000e+01 -1.625220020234003471e+01
3.416666666666666430e+01 -1.634066511290041745e+01
3.458333333333333570e+01 -1.642888891095249448e+01
3.500000000000000000e+01 -1.651686800914007591e+01
3.541666666666666430e+01 -1.660453407656449087e+01
3.583333333333333570e+01 -1.669178524003675079e+01
3.625000000000000000e+01 -1.677854178364681559e+01
3.666666666666666430e+01 -1.686476404323643763e+01
3.708333333333333570e+01 -1.695047084000243132e+01
3.750000000000000000e+01 -1.703573008497642860e+01
3.791666666666666430e+01 -1.712063510077911133e+01
3.833333333333333570e+01 -1.720526062628229269e+01
3.875000000000000000e+01 -1.728962068076094738e+01
3.916666666666666430e+01 -1.737368737788576567e+01
3.958333333333333570e+01 -1.745740762815721325e+01
4.000000000000000000e+01 -1.737407429482387755e+01
