0.000000000000000000e+00 2.393327809576632603e+01
4.166666666666666852e-01 2.340442667646097163e+01
8.333333333333333703e-01 2.290578662142832300e+01
1.250000000000000000e+00 2.241895207075399910e+01
1.666666666666666741e+00 2.193018357724350764e+01
2.083333333333333481e+00 2.143479269263623621e+01
2.500000000000000000e+00 2.093356667127139659e+01
2.916666666666666519e+00 2.042826895661234232e+01
3.333333333333333481e+00 1.991963518942323574e+01
3.750000000000000000e+00 1.940736068962696237e+01
4.166666666666666963e+00 1.889029041517817475e+01
4.583333333333333037e+00 1.836645036608465631e+01
5.000000000000000000e+00 1.783296262962879197e+01
5.416666666666666963e+00 1.728586854865235267e+01
5.833333333333333037e+00 1.671998119580820941e+01
6.250000000000000000e+00 1.612849842332289185e+01
6.666666666666666963e+00 1.550150716833053544e+01
7.083333333333333037e+00 1.482257084895529076e+01
7.500000000000000000e+00 1.408613408703743453e+01
7.916666666666666963e+00 1.329799353736212275e+01
8.333333333333333925e+00 1.254004845929969925e+01
8.750000000000000000e+00 1.183887004644931373e+01
9.166666666666666075e+00 1.119345227202818371e+01
9.583333333333333925e+00 1.059033779963706579e+01
1.000000000000000000e+01 1.001818946132090460e+01
1.041666666666666607e+01 9.468686398434719820e+00
1.083333333333333393e+01 8.934561463423646543e+00
1.125000000000000000e+01 8.409567019904194751e+00
1.166666666666666607e+01 7.889824636782581280e+00
1.208333333333333393e+01 7.373990517272392964e+00
1.250000000000000000e+01 6.862725211737794595e+00
1.291666666666666607e+01 6.358139713895458733e+00
1.333333333333333393e+01 5.862751869303945540e+00
1.375000000000000000e+01 5.378093777487051419e+00
1.416666666666666607e+01 4.902879202669721437e+00
1.458333333333333393e+01 4.433456721693370461e+00
1.500000000000000000e+01 3.975975671885489504e+00
1.541666666666666607e+01 3.563287095240112556e+00
1.583333333333333393e+01 3.127978748001328135e+00
1.625000000000000000e+01 2.654803717244270445e+00
1.666666666666666785e+01 2.165839124947666505e+00
1.708333333333333215e+01 1.667474832662364959e+00
1.750000000000000000e+01 1.162646315653392826e+00
1.791666666666666785e+01 6.544520625982647166e-01
1.833333333333333215e+01 1.469483308004300159e-01
1.875000000000000000e+01 -3.565242232818215395e-01
1.916666666666666785e+01 -8.551821036688787014e-01
1.958333333333333215e+01 -1.349105190475793137e+00
2.000000000000000000e+01 -1.837245552265921678e+00
2.041666666666666785e+01 -2.316557784323530989e+00
2.083333333333333215e+01 -2.783971155837360545e+00
2.125000000000000000e+01 -3.238328007383926010e+00
2.166666666666666785e+01 -3.682754100003649445e+00
2.208333333333333215e+01 -4.124075271187557234e+00
2.250000000000000000e+01 -4.570517407929203024e+00
2.291666666666666785e+01 -5.027767534773980529e+00
2.333333333333333215e+01 -5.496670268008548632e+00
2.375000000000000000e+01 -5.972506985379960831e+00
2.416666666666666785e+01 -6.436978380121300525e+00
2.458333333333333215e+01 -6.847471052393660607e+00
2.500000000000000000e+01 -7.274467713613173458e+00
2.541666666666666785e+01 -7.744419944873520478e+00
2.583333333333333215e+01 -8.216436743254678987e+00
2.625000000000000000e+01 -8.677514339381160013e+00
2.666666666666666785e+01 -9.125865864518914350e+00
2.708333333333333215e+01 -9.564078378723809948e+00
2.750000000000000000e+01 -9.996310491657052211e+00
2.791666666666666785e+01 -1.043058097767047343e+01
2.833333333333333215e+01 -1.088315273454729315e+01
2.875000000000000000e+01 -1.137294970286653317e+01
2.916666666666666785e+01 -1.187154784759775694e+01
2.958333333333333215e+01 -1.233909040881675701e+01
3.000000000000000000e+01 -1.243795657499901530e+01
3.041666666666666785e+01 -1.282321843902430025e+01
3.083333333333333215e+01 -1.323745601561459040e+01
3.125000000000000000e+01 -1.364174635516197043e+01
3.166666666666666785e+01 -1.402479471226508423e+01
3.208333333333333570e+01 -1.436549811234384855e+01
3.250000000000000000e+01 -1.465997523990914075e+01
3.291666666666666430e+01 -1.476691093316699721e+01
3.333333333333333570e+01 -1.485374301931217111e+01
3.375000000000000000e+01 -1.494044161292103645e+01
3.416666666666666430e+01 -1.502699848734699728e+01
3.458333333333333570e+01 -1.511339252485774765e+01
3.500000000000000000e+01 -1.519959957530322470e+01
3.541666666666666430e+01 -1.528559747436072946e+01
3.583333333333333570e+01 -1.537136429374651492e+01
3.625000000000000000e+01 -1.545689163800075683e+01
3.666666666666666430e+01 -1.554217091366344050e+01
3.708333333333333570e+01 -1.562719782888142284e+01
3.750000000000000000e+01 -1.571197335346225188e+01
3.791666666666666430e+01 -1.579650869541561775e+01
3.833333333333333570e+01 -1.588081665687248289e+01
3.875000000000000000e+01 -1.596489300058486549e+01
3.916666666666666430e+01 -1.604873224349982763e+01
3.958333333333333570e+01 -1.613232342748127479e+01
4.000000000000000000e+01 -1.604899009414793909e+01
