0.000000000000000000e+00 2.483751680451528188e+01
4.166666666666666852e-01 2.425041663396909897e+01
8.333333333333333703e-01 2.368497367561379718e+01
1.250000000000000000e+00 2.312756904419341453e+01
1.666666666666666741e+00 2.256561296254703919e+01
2.083333333333333481e+00 2.199498807546199686e+01
2.500000000000000000e+00 2.141847845411892237e+01
2.916666666666666519e+00 2.083880965621272097e+01
3.333333333333333481e+00 2.025633678159382356e+01
3.750000000000000000e+00 1.967114180662257183e+01
4.166666666666666963e+00 1.908363735330348376e+01
4.583333333333333037e+00 1.849394237573454447e+01
5.000000000000000000e+00 1.790261931719561872e+01
5.416666666666666963e+00 1.731161926582258914e+01
5.833333333333333037e+00 1.672273400126952225e+01
6.250000000000000000e+00 1.613495688370010583e+01
6.666666666666666963e+00 1.554366859140321466e+01
7.083333333333333037e+00 1.493618626278115080e+01
7.500000000000000000e+00 1.429733097059284219e+01
7.916666666666666963e+00 1.369156924212618165e+01
8.333333333333333925e+00 1.311884605402029003e+01
8.750000000000000000e+00 1.254765976958364249e+01
9.166666666666666075e+00 1.196370726618532210e+01
9.583333333333333925e+00 1.136794624612052296e+01
1.000000000000000000e+01 1.076515084768503527e+01
1.041666666666666607e+01 1.015899116070762886e+01
1.083333333333333393e+01 9.551078762270220679e+00
1.125000000000000000e+01 8.942666205398765555e+00
1.166666666666666607e+01 8.335108498289965695e+00
1.208333333333333393e+01 7.729341607304994533e+00
1.250000000000000000e+01 7.125916582489376871e+00
1.291666666666666607e+01 6.524667549471937278e+00
1.333333333333333393e+01 5.924088920210425435e+00
1.375000000000000000e+01 5.321785706111350045e+00
1.416666666666666607e+01 4.715087614831269924e+00
1.458333333333333393e+01 4.108619265982157209e+00
1.500000000000000000e+01 3.537060966347322477e+00
1.541666666666666607e+01 3.079555099649995409e+00
1.583333333333333393e+01 2.596323215122398054e+00
1.625000000000000000e+01 2.052939226204801848e+00
1.666666666666666785e+01 1.499470212058171326e+00
1.708333333333333215e+01 9.497714667557817236e-01
1.750000000000000000e+01 4.061829622170171072e-01
1.791666666666666785e+01 -1.305790336473033886e-01
1.833333333333333215e+01 -6.601691648119555333e-01
1.875000000000000000e+01 -1.184747689793941738e+00
1.916666666666666785e+01 -1.708978621956479982e+00
1.958333333333333215e+01 -2.235688296904824401e+00
2.000000000000000000e+01 -2.764369956374040260e+00
2.041666666666666785e+01 -3.291350328357210753e+00
2.083333333333333215e+01 -3.811651939071785566e+00
2.125000000000000000e+01 -4.320431592524629494e+00
2.166666666666666785e+01 -4.812406100147662791e+00
2.208333333333333215e+01 -5.281498036936186580e+00
2.250000000000000000e+01 -5.724678973079821098e+00
2.291666666666666785e+01 -6.150459420979347946e+00
2.333333333333333215e+01 -6.572863549217763612e+00
2.375000000000000000e+01 -6.974619573640585379e+00
2.416666666666666785e+01 -7.300441379537796927e+00
2.458333333333333215e+01 -7.392097849743256788e+00
2.500000000000000000e+01 -7.844341745788382170e+00
2.541666666666666785e+01 -8.314523521710158960e+00
2.583333333333333215e+01 -8.766843711279207696e+00
2.625000000000000000e+01 -9.204443803258042678e+00
2.666666666666666785e+01 -9.632369950278592441e+00
2.708333333333333215e+01 -1.005386087489883806e+01
2.750000000000000000e+01 -1.047084196424392921e+01
2.791666666666666785e+01 -1.088284418936189901e+01
2.833333333333333215e+01 -1.128427650989225484e+01
2.875000000000000000e+01 -1.165200595804470041e+01
2.916666666666666785e+01 -1.195174694794835446e+01
2.958333333333333215e+01 -1.204663258817057248e+01
3.000000000000000000e+01 -1.239661125057892122e+01
3.041666666666666785e+01 -1.276349861925083573e+01
3.083333333333333215e+01 -1.311004381265887808e+01
3.125000000000000000e+01 -1.343701942589417087e+01
3.166666666666666785e+01 -1.373482909617913172e+01
3.208333333333333570e+01 -1.398330341763872831e+01
3.250000000000000000e+01 -1.408554415024068973e+01
3.291666666666666430e+01 -1.416866903638429243e+01
3.333333333333333570e+01 -1.425182588189400157e+01
3.375000000000000000e+01 -1.433501401306192413e+01
3.416666666666666430e+01 -1.441824039361503473e+01
3.458333333333333570e+01 -1.450149663299959713e+01
3.500000000000000000e+01 -1.458477198180236378e+01
3.541666666666666430e+01 -1.466805873251468029e+01
3.583333333333333570e+01 -1.475134907069058876e+01
3.625000000000000000e+01 -1.483464530202131648e+01
3.666666666666666430e+01 -1.491794522433112924e+01
3.708333333333333570e+01 -1.500124567485899263e+01
3.750000000000000000e+01 -1.508454414578018188e+01
3.791666666666666430e+01 -1.516784591352279676e+01
3.833333333333333570e+01 -1.525115953437232363e+01
3.875000000000000000e+01 -1.533448165983681655e+01
3.916666666666666430e+01 -1.541781179465794516e+01
3.958333333333333570e+01 -1.550114602516718776e+01
4.000000000000000000e+01 -1.541781269183385561e+01
