0.000000000000000000e+00 2.302736211683267697e+01
4.166666666666666852e-01 2.255105545499371544e+01
8.333333333333333703e-01 2.196732988539053721e+01
1.250000000000000000e+00 2.135496602973522684e+01
1.666666666666666741e+00 2.075542195633300580e+01
2.083333333333333481e+00 2.016316589583172814e+01
2.500000000000000000e+00 1.956506435447773740e+01
2.916666666666666519e+00 1.895140317778847461e+01
3.333333333333333481e+00 1.831541452404092851e+01
3.750000000000000000e+00 1.766382118815568703e+01
4.166666666666666963e+00 1.700401437343919397e+01
4.583333333333333037e+00 1.632690014315862470e+01
5.000000000000000000e+00 1.562808526330673686e+01
5.416666666666666963e+00 1.492467315894703006e+01
5.833333333333333037e+00 1.423698884308890378e+01
6.250000000000000000e+00 1.357700433937932161e+01
6.666666666666666963e+00 1.294717022279781737e+01
7.083333333333333037e+00 1.234571195060749282e+01
7.500000000000000000e+00 1.176947102024798930e+01
7.916666666666666963e+00 1.121486003040624269e+01
8.333333333333333925e+00 1.067600864007478911e+01
8.750000000000000000e+00 1.014640289876365387e+01
9.166666666666666075e+00 9.621302350583031071e+00
9.583333333333333925e+00 9.098524981255307509e+00
1.000000000000000000e+01 8.578022835053031869e+00
1.041666666666666607e+01 8.062238601227264212e+00
1.083333333333333393e+01 7.551525569334912369e+00
1.125000000000000000e+01 7.041882953748724638e+00
1.166666666666666607e+01 6.532239362578884823e+00
1.208333333333333393e+01 6.025416481874554364e+00
1.250000000000000000e+01 5.523308924126057562e+00
1.291666666666666607e+01 5.028138551904920206e+00
1.333333333333333393e+01 4.541358715922231504e+00
1.375000000000000000e+01 4.064139166990459628e+00
1.416666666666666607e+01 3.595952201980669560e+00
1.458333333333333393e+01 3.135690924095290821e+00
1.500000000000000000e+01 2.683506906633364775e+00
1.541666666666666607e+01 2.236890129210621136e+00
1.583333333333333393e+01 1.789624845653590368e+00
1.625000000000000000e+01 1.336259601541157416e+00
1.666666666666666785e+01 8.732273741166143299e-01
1.708333333333333215e+01 3.974907339118902705e-01
1.750000000000000000e+01 -9.094761823502678366e-02
1.791666666666666785e+01 -5.896740203537317315e-01
1.833333333333333215e+01 -1.094506897480189034e+00
1.875000000000000000e+01 -1.600375376330459787e+00
1.916666666666666785e+01 -2.097277156172332013e+00
1.958333333333333215e+01 -2.591533989984629915e+00
2.000000000000000000e+01 -3.099625772666782186e+00
2.041666666666666785e+01 -3.593564938307986623e+00
2.083333333333333215e+01 -4.084349450969780193e+00
2.125000000000000000e+01 -4.570754986030194367e+00
2.166666666666666785e+01 -5.037032412545888072e+00
2.208333333333333215e+01 -5.515429153112182625e+00
2.250000000000000000e+01 -5.954172816583131578e+00
2.291666666666666785e+01 -6.373429840955059156e+00
2.333333333333333215e+01 -6.460453399946995745e+00
2.375000000000000000e+01 -6.816403057694046197e+00
2.416666666666666785e+01 -7.215872628318816595e+00
2.458333333333333215e+01 -7.608456076469225948e+00
2.500000000000000000e+01 -7.988422293816075381e+00
2.541666666666666785e+01 -8.361667608641745630e+00
2.583333333333333215e+01 -8.733842515527687311e+00
2.625000000000000000e+01 -9.103302476939527210e+00
2.666666666666666785e+01 -9.454055407814305312e+00
2.708333333333333215e+01 -9.803526243976977028e+00
2.750000000000000000e+01 -9.900485540967975950e+00
2.791666666666666785e+01 -9.981408329104857202e+00
2.833333333333333215e+01 -1.006250525786953176e+01
2.875000000000000000e+01 -1.014383672719535845e+01
2.916666666666666785e+01 -1.022547530840303942e+01
2.958333333333333215e+01 -1.030747887401140517e+01
3.000000000000000000e+01 -1.038986643894825690e+01
3.041666666666666785e+01 -1.047262157996080845e+01
3.083333333333333215e+01 -1.055571837437417670e+01
3.125000000000000000e+01 -1.063915788698798259e+01
3.166666666666666785e+01 -1.072294853826531202e+01
3.208333333333333570e+01 -1.080709506671724895e+01
3.250000000000000000e+01 -1.089158594776181843e+01
3.291666666666666430e+01 -1.097637891401803856e+01
3.333333333333333570e+01 -1.106139621716338972e+01
3.375000000000000000e+01 -1.114653662452665017e+01
3.416666666666666430e+01 -1.123169236242451596e+01
3.458333333333333570e+01 -1.131679997392317460e+01
3.500000000000000000e+01 -1.140183429251964320e+01
3.541666666666666430e+01 -1.148680141253877984e+01
3.583333333333333570e+01 -1.157172426514881991e+01
3.625000000000000000e+01 -1.165660792183177641e+01
3.666666666666666430e+01 -1.174143903043153792e+01
3.708333333333333570e+01 -1.182617651345898224e+01
3.750000000000000000e+01 -1.191075936766770660e+01
3.791666666666666430e+01 -1.199512002084622075e+01
3.833333333333333570e+01 -1.207921405977229590e+01
3.875000000000000000e+01 -1.216305063017543375e+01
3.916666666666666430e+01 -1.224666931497679556e+01
3.958333333333333570e+01 -1.233012554488487389e+01
4.000000000000000000e+01 -1.224679221155154174e+01
