0.000000000000000000e+00 2.350941709486609454e+01
4.166666666666666852e-01 2.308163492185532206e+01
8.333333333333333703e-01 2.252634574018273739e+01
1.250000000000000000e+00 2.193445648908278756e+01
1.666666666666666741e+00 2.136155556829556801e+01
2.083333333333333481e+00 2.080562617753709631e+01
2.500000000000000000e+00 2.025053331466097362e+01
2.916666666666666519e+00 1.969315609876845130e+01
3.333333333333333481e+00 1.912958955044410558e+01
3.750000000000000000e+00 1.855345476972611607e+01
4.166666666666666963e+00 1.797198371303248621e+01
4.583333333333333037e+00 1.739510874163370957e+01
5.000000000000000000e+00 1.681403816530986717e+01
5.416666666666666963e+00 1.621689153913119341e+01
5.833333333333333037e+00 1.561002505253325445e+01
6.250000000000000000e+00 1.500578645576787551e+01
6.666666666666666963e+00 1.441193397194793668e+01
7.083333333333333037e+00 1.383141967346601398e+01
7.500000000000000000e+00 1.326455516115524880e+01
7.916666666666666963e+00 1.270974401213750937e+01
8.333333333333333925e+00 1.216540214156053956e+01
8.750000000000000000e+00 1.163000191709544850e+01
9.166666666666666075e+00 1.110091361282537470e+01
9.583333333333333925e+00 1.057570897293564727e+01
1.000000000000000000e+01 1.005300464641196356e+01
1.041666666666666607e+01 9.532921598600140101e+00
1.083333333333333393e+01 9.015757107790745906e+00
1.125000000000000000e+01 8.502630595756443199e+00
1.166666666666666607e+01 7.994538520057231423e+00
1.208333333333333393e+01 7.488330923505756687e+00
1.250000000000000000e+01 6.981571401396557519e+00
1.291666666666666607e+01 6.476395376816449279e+00
1.333333333333333393e+01 5.975051598585188195e+00
1.375000000000000000e+01 5.479840000637390851e+00
1.416666666666666607e+01 4.993909393029523081e+00
1.458333333333333393e+01 4.519508938746051641e+00
1.500000000000000000e+01 4.057082789195792571e+00
1.541666666666666607e+01 3.604858672237138073e+00
1.583333333333333393e+01 3.160380929853923160e+00
1.625000000000000000e+01 2.721312529779254419e+00
1.666666666666666785e+01 2.284644860140394140e+00
1.708333333333333215e+01 1.846253310989011354e+00
1.750000000000000000e+01 1.400750354579516133e+00
1.791666666666666785e+01 9.418784445769554647e-01
1.833333333333333215e+01 4.627623030952069394e-01
1.875000000000000000e+01 -4.200123150393264559e-02
1.916666666666666785e+01 -5.772331612363919007e-01
1.958333333333333215e+01 -1.150224427065899668e+00
2.000000000000000000e+01 -1.773324654104792675e+00
2.041666666666666785e+01 -2.459154107235368869e+00
2.083333333333333215e+01 -3.197208095434962871e+00
2.125000000000000000e+01 -3.939367832371977407e+00
2.166666666666666785e+01 -4.611713962217266705e+00
2.208333333333333215e+01 -5.186704113309423825e+00
2.250000000000000000e+01 -5.691714539107691095e+00
2.291666666666666785e+01 -6.204059897996801354e+00
2.333333333333333215e+01 -7.048199239921236980e+00
2.375000000000000000e+01 -7.711143450475566929e+00
2.416666666666666785e+01 -8.061186025334961869e+00
2.458333333333333215e+01 -8.372042775994879449e+00
2.500000000000000000e+01 -8.715798625603216720e+00
2.541666666666666785e+01 -9.096138959189271844e+00
2.583333333333333215e+01 -9.497339323305951098e+00
2.625000000000000000e+01 -9.901482738152672880e+00
2.666666666666666785e+01 -1.030053410592756968e+01
2.708333333333333215e+01 -1.069762989485126070e+01
2.750000000000000000e+01 -1.109378998269525241e+01
2.791666666666666785e+01 -1.148338510072453644e+01
2.833333333333333215e+01 -1.184245483507294594e+01
2.875000000000000000e+01 -1.219066005661195895e+01
2.916666666666666785e+01 -1.228002408113392896e+01
2.958333333333333215e+01 -1.235814379242349759e+01
3.000000000000000000e+01 -1.243635784243328501e+01
3.041666666666666785e+01 -1.251470062443164899e+01
3.083333333333333215e+01 -1.259320973718260106e+01
3.125000000000000000e+01 -1.267188951293855759e+01
3.166666666666666785e+01 -1.275072996128056246e+01
3.208333333333333570e+01 -1.282971683474952762e+01
3.250000000000000000e+01 -1.290884338849036617e+01
3.291666666666666430e+01 -1.298812476338531319e+01
3.333333333333333570e+01 -1.306760387164117709e+01
3.375000000000000000e+01 -1.314734189181909940e+01
3.416666666666666430e+01 -1.322740446143165549e+01
3.458333333333333570e+01 -1.330781389316385521e+01
3.500000000000000000e+01 -1.338855701064453463e+01
3.541666666666666430e+01 -1.346959259623476868e+01
3.583333333333333570e+01 -1.355086497966506975e+01
3.625000000000000000e+01 -1.363233731691838102e+01
3.666666666666666430e+01 -1.371399120201146182e+01
3.708333333333333570e+01 -1.379583593609678438e+01
3.750000000000000000e+01 -1.387790188994052087e+01
3.791666666666666430e+01 -1.396022911688487689e+01
3.833333333333333570e+01 -1.404283969423540235e+01
3.875000000000000000e+01 -1.412570854311293367e+01
3.916666666666666430e+01 -1.420878629914929547e+01
3.958333333333333570e+01 -1.429201258373542949e+01
4.000000000000000000e+01 -1.420867925040209734e+01
