0.000000000000000000e+00 2.421198428968953564e+01
4.166666666666666852e-01 2.364871172403202237e+01
8.333333333333333703e-01 2.317075179041807331e+01
1.250000000000000000e+00 2.270126749469961069e+01
1.666666666666666741e+00 2.219594547965768783e+01
2.083333333333333481e+00 2.165810127008536412e+01
2.500000000000000000e+00 2.110041771417803602e+01
2.916666666666666519e+00 2.052633951887716179e+01
3.333333333333333481e+00 1.993735657162008579e+01
3.750000000000000000e+00 1.933330653105885233e+01
4.166666666666666963e+00 1.871698070116777401e+01
4.583333333333333037e+00 1.809050373198367367e+01
5.000000000000000000e+00 1.744545825171163145e+01
5.416666666666666963e+00 1.677448549331161232e+01
5.833333333333333037e+00 1.608793835996373289e+01
6.250000000000000000e+00 1.540164151473348042e+01
6.666666666666666963e+00 1.475022632749614004e+01
7.083333333333333037e+00 1.454222091096991853e+01
7.500000000000000000e+00 1.404642817991703829e+01
7.916666666666666963e+00 1.354002271002876512e+01
8.333333333333333925e+00 1.298442410209531772e+01
8.750000000000000000e+00 1.240858509768223783e+01
9.166666666666666075e+00 1.181459650993281763e+01
9.583333333333333925e+00 1.121543898154678409e+01
1.000000000000000000e+01 1.061263472955318576e+01
1.041666666666666607e+01 9.998446573093962897e+00
1.083333333333333393e+01 9.358881012854300963e+00
1.125000000000000000e+01 8.681893604576279344e+00
1.166666666666666607e+01 7.965923307381876484e+00
1.208333333333333393e+01 7.226055485811212264e+00
1.250000000000000000e+01 6.491200810836386559e+00
1.291666666666666607e+01 5.790005728573873967e+00
1.333333333333333393e+01 5.131900831703977595e+00
1.375000000000000000e+01 4.501552448266978423e+00
1.416666666666666607e+01 3.876505397304304879e+00
1.458333333333333393e+01 3.260382141102947440e+00
1.500000000000000000e+01 2.649924500821957185e+00
1.541666666666666607e+01 1.996207149693284055e+00
1.583333333333333393e+01 1.427822956225688777e+00
1.625000000000000000e+01 1.153985178775738252e+00
1.666666666666666785e+01 7.627215443750017254e-01
1.708333333333333215e+01 1.641634115506241942e-01
1.750000000000000000e+01 -4.542160411448658008e-01
1.791666666666666785e+01 -1.040376771997453265e+00
1.833333333333333215e+01 -1.586160406361935671e+00
1.875000000000000000e+01 -2.097614143120869912e+00
1.916666666666666785e+01 -2.583462481003936606e+00
1.958333333333333215e+01 -3.050754119887962190e+00
2.000000000000000000e+01 -3.503609885363365262e+00
2.041666666666666785e+01 -3.943178447903155082e+00
2.083333333333333215e+01 -4.368591629996388725e+00
2.125000000000000000e+01 -4.779915628647296799e+00
2.166666666666666785e+01 -5.181760993238145652e+00
2.208333333333333215e+01 -5.576919801001714028e+00
2.250000000000000000e+01 -5.963540228731923243e+00
2.291666666666666785e+01 -6.345716507227514569e+00
2.333333333333333215e+01 -6.736782607943368362e+00
2.375000000000000000e+01 -7.125772575801500253e+00
2.416666666666666785e+01 -7.462633425199306281e+00
2.458333333333333215e+01 -7.548553499882125095e+00
2.500000000000000000e+01 -8.032273888457542199e+00
2.541666666666666785e+01 -8.527191371378197715e+00
2.583333333333333215e+01 -8.990607456145292886e+00
2.625000000000000000e+01 -9.433017812676608216e+00
2.666666666666666785e+01 -9.868113726838304345e+00
2.708333333333333215e+01 -1.029462760329537652e+01
2.750000000000000000e+01 -1.072235884828425867e+01
2.791666666666666785e+01 -1.115804410195676688e+01
2.833333333333333215e+01 -1.154655658292345422e+01
2.875000000000000000e+01 -1.186002083376322247e+01
2.916666666666666785e+01 -1.194816477193130488e+01
2.958333333333333215e+01 -1.202438185036502460e+01
3.000000000000000000e+01 -1.210077548318040286e+01
3.041666666666666785e+01 -1.217735820254106827e+01
3.083333333333333215e+01 -1.225412494919877204e+01
3.125000000000000000e+01 -1.233108752477785508e+01
3.166666666666666785e+01 -1.240826294147178466e+01
3.208333333333333570e+01 -1.248567425070784509e+01
3.250000000000000000e+01 -1.256334689566138429e+01
3.291666666666666430e+01 -1.264130091191804794e+01
3.333333333333333570e+01 -1.271954554002032189e+01
3.375000000000000000e+01 -1.279807629090234755e+01
3.416666666666666430e+01 -1.287687412105673701e+01
3.458333333333333570e+01 -1.295594041592638135e+01
3.500000000000000000e+01 -1.303528912411899121e+01
3.541666666666666430e+01 -1.311494064181168895e+01
3.583333333333333570e+01 -1.319492003189971818e+01
3.625000000000000000e+01 -1.327523855053521373e+01
3.666666666666666430e+01 -1.335590431052032123e+01
3.708333333333333570e+01 -1.343691630028407680e+01
3.750000000000000000e+01 -1.351826492118919809e+01
3.791666666666666430e+01 -1.359993075058730838e+01
3.833333333333333570e+01 -1.368189818966564530e+01
3.875000000000000000e+01 -1.376417711998574767e+01
3.916666666666666430e+01 -1.384678495886061000e+01
3.958333333333333570e+01 -1.392974627599029347e+01
4.000000000000000000e+01 -1.384641294265696132e+01
