0.000000000000000000e+00 2.456454746138830103e+01
4.166666666666666852e-01 2.406698475724440200e+01
8.333333333333333703e-01 2.355356308621376371e+01
1.250000000000000000e+00 2.303295323607947864e+01
1.666666666666666741e+00 2.251109632735542476e+01
2.083333333333333481e+00 2.198885495520186240e+01
2.500000000000000000e+00 2.146432499870572741e+01
2.916666666666666519e+00 2.093626025609619390e+01
3.333333333333333481e+00 2.040460943620704271e+01
3.750000000000000000e+00 1.986938591136339127e+01
4.166666666666666963e+00 1.933045938454156243e+01
4.583333333333333037e+00 1.878761525974068647e+01
5.000000000000000000e+00 1.824042658542867912e+01
5.416666666666666963e+00 1.768843393061922953e+01
5.833333333333333037e+00 1.713217457681974309e+01
6.250000000000000000e+00 1.657402954515857729e+01
6.666666666666666963e+00 1.601982112883951714e+01
7.083333333333333037e+00 1.547568389718292003e+01
7.500000000000000000e+00 1.491676020537055436e+01
7.916666666666666963e+00 1.434259268018841382e+01
8.333333333333333925e+00 1.376581892308927557e+01
8.750000000000000000e+00 1.319169038745218359e+01
9.166666666666666075e+00 1.261944304327311350e+01
9.583333333333333925e+00 1.204753912967077589e+01
1.000000000000000000e+01 1.147560338724803053e+01
1.041666666666666607e+01 1.090404794058050975e+01
1.083333333333333393e+01 1.033296577280554018e+01
1.125000000000000000e+01 9.762190526471208329e+00
1.166666666666666607e+01 9.191468698627950573e+00
1.208333333333333393e+01 8.619979484580689189e+00
1.250000000000000000e+01 8.045623591007451836e+00
1.291666666666666607e+01 7.463329979562892014e+00
1.333333333333333393e+01 6.862972264757297935e+00
1.375000000000000000e+01 6.226743805378895935e+00
1.416666666666666607e+01 5.530003842758673294e+00
1.458333333333333393e+01 4.762942599035858038e+00
1.500000000000000000e+01 3.999640466917724346e+00
1.541666666666666607e+01 3.313265682731938444e+00
1.583333333333333393e+01 3.228023466039398492e+00
1.625000000000000000e+01 2.474952807430573110e+00
1.666666666666666785e+01 1.702968717702559864e+00
1.708333333333333215e+01 1.009983273608538568e+00
1.750000000000000000e+01 3.908778349539824282e-01
1.791666666666666785e+01 -1.812948394004390007e-01
1.833333333333333215e+01 -7.255028637527124458e-01
1.875000000000000000e+01 -1.252164948717926940e+00
1.916666666666666785e+01 -1.766104593623179841e+00
1.958333333333333215e+01 -2.269596222136577524e+00
2.000000000000000000e+01 -2.764133034786270926e+00
2.041666666666666785e+01 -3.252867149982763717e+00
2.083333333333333215e+01 -3.740549299414212214e+00
2.125000000000000000e+01 -4.230299290787047362e+00
2.166666666666666785e+01 -4.722734591135183457e+00
2.208333333333333215e+01 -5.216388533875083944e+00
2.250000000000000000e+01 -5.708622038783815356e+00
2.291666666666666785e+01 -6.196197238546896635e+00
2.333333333333333215e+01 -6.676419439075358397e+00
2.375000000000000000e+01 -7.150731778913443470e+00
2.416666666666666785e+01 -7.633109797753501624e+00
2.458333333333333215e+01 -8.157719677065172093e+00
2.500000000000000000e+01 -8.650894064813385853e+00
2.541666666666666785e+01 -9.096728364901160546e+00
2.583333333333333215e+01 -9.528815062142047765e+00
2.625000000000000000e+01 -9.956897076337156705e+00
2.666666666666666785e+01 -1.038015854965775198e+01
2.708333333333333215e+01 -1.079457702444680933e+01
2.750000000000000000e+01 -1.119759809412867391e+01
2.791666666666666785e+01 -1.159100999280165034e+01
2.833333333333333215e+01 -1.197785702887953718e+01
2.875000000000000000e+01 -1.236018531417286148e+01
2.916666666666666785e+01 -1.275116531487505611e+01
2.958333333333333215e+01 -1.319500836957874590e+01
3.000000000000000000e+01 -1.357540929385057460e+01
3.041666666666666785e+01 -1.387538989741966233e+01
3.083333333333333215e+01 -1.398483843362166290e+01
3.125000000000000000e+01 -1.406744569937182732e+01
3.166666666666666785e+01 -1.414987702586024554e+01
3.208333333333333570e+01 -1.423219707839968962e+01
3.250000000000000000e+01 -1.431446449602253423e+01
3.291666666666666430e+01 -1.439672112183193065e+01
3.333333333333333570e+01 -1.447899266165672572e+01
3.375000000000000000e+01 -1.456129764268863980e+01
3.416666666666666430e+01 -1.464365907863652616e+01
3.458333333333333570e+01 -1.472608473827657249e+01
3.500000000000000000e+01 -1.480857989955480747e+01
3.541666666666666430e+01 -1.489115124440692739e+01
3.583333333333333570e+01 -1.497380222558848928e+01
3.625000000000000000e+01 -1.505654163596410910e+01
3.666666666666666430e+01 -1.513936947784566733e+01
3.708333333333333570e+01 -1.522228052133925047e+01
3.750000000000000000e+01 -1.530526637230241960e+01
3.791666666666666430e+01 -1.538832351736410864e+01
3.833333333333333570e+01 -1.547145121927823830e+01
3.875000000000000000e+01 -1.555463892817042826e+01
3.916666666666666430e+01 -1.563788121358605565e+01
3.958333333333333570e+01 -1.572117190093553063e+01
4.000000000000000000e+01 -1.563783856760219848e+01
