0.000000000000000000e+00 0.000000000000000000e+00
4.166666666666666852e-01 -3.671903119230727763e-01
8.333333333333333703e-01 -7.338857526133650833e-01
1.250000000000000000e+00 -1.099600119804230225e+00
1.666666666666666741e+00 -1.463857672691450063e+00
2.083333333333333481e+00 -1.826193328447053510e+00
2.500000000000000000e+00 -2.186152703232225214e+00
2.916666666666666519e+00 -2.543292091226557083e+00
3.333333333333333481e+00 -2.897178492384274939e+00
3.750000000000000000e+00 -3.247389690258029482e+00
4.166666666666666963e+00 -3.593514337248621793e+00
4.583333333333333037e+00 -3.935152032559842805e+00
5.000000000000000000e+00 -4.271913395777168887e+00
5.416666666666666963e+00 -4.603420143585707613e+00
5.833333333333333037e+00 -4.929305178240833030e+00
6.250000000000000000e+00 -5.249212683635754217e+00
6.666666666666666963e+00 -5.562798194894354786e+00
7.083333333333333037e+00 -5.869728598604135428e+00
7.500000000000000000e+00 -6.169682036551128235e+00
7.916666666666666963e+00 -6.462347622343899367e+00
8.333333333333333925e+00 -6.747424834716693631e+00
8.750000000000000000e+00 -7.024622741992530450e+00
9.166666666666666075e+00 -7.293660783997224506e+00
9.583333333333333925e+00 -7.554269324987520129e+00
1.000000000000000000e+01 -7.806189844497997576e+00
1.041666666666666607e+01 -8.049174971993267036e+00
1.083333333333333393e+01 -8.282988510985601849e+00
1.125000000000000000e+01 -8.507405490479044374e+00
1.166666666666666607e+01 -8.722212241998555271e+00
1.208333333333333393e+01 -8.927206499981915400e+00
1.250000000000000000e+01 -9.122197514695155718e+00
1.291666666666666607e+01 -9.307006152831755585e+00
1.333333333333333393e+01 -9.481464958298499113e+00
1.375000000000000000e+01 -9.645418154245522402e+00
1.416666666666666607e+01 -9.798721584193176071e+00
1.458333333333333393e+01 -9.941242621986081218e+00
1.500000000000000000e+01 -1.007286015120534728e+01
1.541666666666666607e+01 -1.019346488270518059e+01
1.583333333333333393e+01 -1.030295998086037734e+01
1.625000000000000000e+01 -1.040126081063724861e+01
1.666666666666666785e+01 -1.048829455907566377e+01
1.708333333333333215e+01 -1.056400007492501736e+01
1.750000000000000000e+01 -1.062832783203642784e+01
1.791666666666666785e+01 -1.068123991285709451e+01
1.833333333333333215e+01 -1.072270997368863021e+01
1.875000000000000000e+01 -1.075272317918630804e+01
1.916666666666666785e+01 -1.077127611131485807e+01
1.958333333333333215e+01 -1.077837667045120540e+01
2.000000000000000000e+01 -1.077404398417288434e+01
2.041666666666666785e+01 -1.075830831966901791e+01
2.083333333333333215e+01 -1.073121098682363339e+01
2.125000000000000000e+01 -1.069280422698808053e+01
2.166666666666666785e+01 -1.064315110604384884e+01
2.208333333333333215e+01 -1.058232543113899915e+01
2.250000000000000000e+01 -1.051041169092531291e+01
2.291666666666666785e+01 -1.042750500166372518e+01
2.333333333333333215e+01 -1.033371104029818710e+01
2.375000000000000000e+01 -1.022914594251592035e+01
2.416666666666666785e+01 -1.011393613808128222e+01
2.458333333333333215e+01 -9.988218188343186199e+00
2.500000000000000000e+01 -9.852138883332314023e+00
2.541666666666666785e+01 -9.705855457402357445e+00
2.583333333333333215e+01 -9.549535597224878103e+00
2.625000000000000000e+01 -9.383356636188874944e+00
2.666666666666666785e+01 -9.207505247367260282e+00
2.708333333333333215e+01 -9.022177262359383221e+00
2.750000000000000000e+01 -8.827577556472284925e+00
2.791666666666666785e+01 -8.623919895798625390e+00
2.833333333333333215e+01 -8.411426705754127653e+00
2.875000000000000000e+01 -8.190328752725648087e+00
2.916666666666666785e+01 -7.960864776551646038e+00
2.958333333333333215e+01 -7.723281280007864069e+00
3.000000000000000000e+01 -7.477832982007696749e+00
3.041666666666666785e+01 -7.224784037980379381e+00
3.083333333333333215e+01 -6.964407382921911527e+00
3.125000000000000000e+01 -6.696983968101436702e+00
3.166666666666666785e+01 -6.422802585863783165e+00
3.208333333333333570e+01 -6.142159424235384080e+00
3.250000000000000000e+01 -5.855357290350223565e+00
3.291666666666666430e+01 -5.562704266233306605e+00
3.333333333333333570e+01 -5.264510808276559040e+00
3.375000000000000000e+01 -4.961089319792718833e+00
3.416666666666666430e+01 -4.652753879361372746e+00
3.458333333333333570e+01 -4.339820239682674163e+00
3.500000000000000000e+01 -4.022605832994777586e+00
3.541666666666666430e+01 -3.701429776955597273e+00
3.583333333333333570e+01 -3.376612880975144559e+00
3.625000000000000000e+01 -3.048477652981018249e+00
3.666666666666666430e+01 -2.717348306601075070e+00
3.708333333333333570e+01 -2.383550768746190762e+00
3.750000000000000000e+01 -2.047412687574206469e+00
3.791666666666666430e+01 -1.709263440816695345e+00
3.833333333333333570e+01 -1.369434144447966739e+00
3.875000000000000000e+01 -1.028257661675679335e+00
3.916666666666666430e+01 -6.860686122308703450e-01
3.958333333333333570e+01 -3.432033819346386738e-01
4.000000000000000000e+01 0.000000000000000000e+00
