0.000000000000000000e+00 0.000000000000000000e+00
4.166666666666666852e-01 -3.735525200441149329e-01
8.333333333333333703e-01 -7.465892545425365512e-01
1.250000000000000000e+00 -1.118603451412925054e+00
1.666666666666666741e+00 -1.489099326978832849e+00
2.083333333333333481e+00 -1.857592283720843174e+00
2.500000000000000000e+00 -2.223608952556911600e+00
2.916666666666666519e+00 -2.586687189550859411e+00
3.333333333333333481e+00 -2.946376104895834569e+00
3.750000000000000000e+00 -3.302236123273744717e+00
4.166666666666666963e+00 -3.653839053226177302e+00
4.583333333333333037e+00 -4.000768157373449263e+00
5.000000000000000000e+00 -4.342618223898895735e+00
5.416666666666666963e+00 -4.678995646794144925e+00
5.833333333333333037e+00 -5.009518527043280933e+00
6.250000000000000000e+00 -5.333816799516654328e+00
6.666666666666666963e+00 -5.651532378033732762e+00
7.083333333333333037e+00 -5.962319311877118722e+00
7.500000000000000000e+00 -6.265843860620273986e+00
7.916666666666666963e+00 -6.561784226517929142e+00
8.333333333333333925e+00 -6.849829950991321859e+00
8.750000000000000000e+00 -7.129682876171405503e+00
9.166666666666666075e+00 -7.401057641322668523e+00
9.583333333333333925e+00 -7.663681700828548493e+00
1.000000000000000000e+01 -7.917295160422701983e+00
1.041666666666666607e+01 -8.161650632982423659e+00
1.083333333333333393e+01 -8.396513160848023460e+00
1.125000000000000000e+01 -8.621660181551757063e+00
1.166666666666666607e+01 -8.836881520653365740e+00
1.208333333333333393e+01 -9.041979401903937230e+00
1.250000000000000000e+01 -9.236768463719164046e+00
1.291666666666666607e+01 -9.421075771405043042e+00
1.333333333333333393e+01 -9.594740814353922786e+00
1.375000000000000000e+01 -9.757615479990720431e+00
1.416666666666666607e+01 -9.909563995530970004e+00
1.458333333333333393e+01 -1.005046283951862129e+01
1.500000000000000000e+01 -1.018020066867231144e+01
1.541666666666666607e+01 -1.029867839191705947e+01
1.583333333333333393e+01 -1.040580942930744079e+01
1.625000000000000000e+01 -1.050151954650431918e+01
1.666666666666666785e+01 -1.058574689951097447e+01
1.708333333333333215e+01 -1.065844171388497053e+01
1.750000000000000000e+01 -1.071956619135311861e+01
1.791666666666666785e+01 -1.076909448693313642e+01
1.833333333333333215e+01 -1.080701268762267198e+01
1.875000000000000000e+01 -1.083331877495279016e+01
1.916666666666666785e+01 -1.084802257406733972e+01
1.958333333333333215e+01 -1.085114569289729580e+01
2.000000000000000000e+01 -1.084272145251582131e+01
2.041666666666666785e+01 -1.082279480639211933e+01
2.083333333333333215e+01 -1.079142224318304955e+01
2.125000000000000000e+01 -1.074867167237015231e+01
2.166666666666666785e+01 -1.069462230091548527e+01
2.208333333333333215e+01 -1.062936450430843927e+01
2.250000000000000000e+01 -1.055299968468151128e+01
2.291666666666666785e+01 -1.046564010998961614e+01
2.333333333333333215e+01 -1.036740873416568043e+01
2.375000000000000000e+01 -1.025843898647959840e+01
2.416666666666666785e+01 -1.013887451050311839e+01
2.458333333333333215e+01 -1.000886886961473188e+01
2.500000000000000000e+01 -9.868585402382882066e+00
2.541666666666666785e+01 -9.718197131207872985e+00
2.583333333333333215e+01 -9.557887067162223360e+00
2.625000000000000000e+01 -9.387847680432042097e+00
2.666666666666666785e+01 -9.208280758120935161e+00
2.708333333333333215e+01 -9.019397300317075761e+00
2.750000000000000000e+01 -8.821417413744336855e+00
2.791666666666666785e+01 -8.614570171013440358e+00
2.833333333333333215e+01 -8.399093505304412233e+00
2.875000000000000000e+01 -8.175234028419332333e+00
2.916666666666666785e+01 -7.943246648177458624e+00
2.958333333333333215e+01 -7.703394134757528988e+00
3.000000000000000000e+01 -7.455947091629780310e+00
3.041666666666666785e+01 -7.201184591294028436e+00
3.083333333333333215e+01 -6.939390785081793744e+00
3.125000000000000000e+01 -6.670852445643667750e+00
3.166666666666666785e+01 -6.395858376646798682e+00
3.208333333333333570e+01 -6.114699082432855981e+00
3.250000000000000000e+01 -5.827666758466982344e+00
3.291666666666666430e+01 -5.535055282388703368e+00
3.333333333333333570e+01 -5.237160208557832597e+00
3.375000000000000000e+01 -4.934278768819091887e+00
3.416666666666666430e+01 -4.626709875781703118e+00
3.458333333333333570e+01 -4.314754127235185699e+00
3.500000000000000000e+01 -3.998713811111712424e+00
3.541666666666666430e+01 -3.678892910861627286e+00
3.583333333333333570e+01 -3.355597111230182339e+00
3.625000000000000000e+01 -3.029133804422551091e+00
3.666666666666666430e+01 -2.699812096643140702e+00
3.708333333333333570e+01 -2.367942814994650202e+00
3.750000000000000000e+01 -2.033838514721678870e+00
3.791666666666666430e+01 -1.697813486782371539e+00
3.833333333333333570e+01 -1.360183765731033168e+00
3.875000000000000000e+01 -1.021267137893984600e+00
3.916666666666666430e+01 -6.813831498194483638e-01
3.958333333333333570e+01 -3.408531169820184226e-01
4.000000000000000000e+01 0.000000000000000000e+00
