0.000000000000000000e+00 0.000000000000000000e+00
4.166666666666666852e-01 -3.683782812638199400e-01
8.333333333333333703e-01 -7.362535853004431585e-01
1.250000000000000000e+00 -1.103131235264757315e+00
1.666666666666666741e+00 -1.468527001903667584e+00
2.083333333333333481e+00 -1.831967532985858904e+00
2.500000000000000000e+00 -2.192990363483673377e+00
2.916666666666666519e+00 -2.551143810288244662e+00
3.333333333333333481e+00 -2.905986942346886259e+00
3.750000000000000000e+00 -3.257089628518182955e+00
4.166666666666666963e+00 -3.604032610043602869e+00
4.583333333333333037e+00 -3.946407576955823338e+00
5.000000000000000000e+00 -4.283817246879438656e+00
5.416666666666666963e+00 -4.615875455047789622e+00
5.833333333333333037e+00 -4.942207268045317292e+00
6.250000000000000000e+00 -5.262449109493566368e+00
6.666666666666666963e+00 -5.576248870429341586e+00
7.083333333333333037e+00 -5.883266029278105158e+00
7.500000000000000000e+00 -6.183171819739053277e+00
7.916666666666666963e+00 -6.475649206282481529e+00
8.333333333333333925e+00 -6.760392164923667124e+00
8.750000000000000000e+00 -7.037104226002842466e+00
9.166666666666666075e+00 -7.305500409473223655e+00
9.583333333333333925e+00 -7.565308176417289587e+00
1.000000000000000000e+01 -7.816267627762472969e+00
1.041666666666666607e+01 -8.058131371006590271e+00
1.083333333333333393e+01 -8.290664349316237747e+00
1.125000000000000000e+01 -8.513643744475009711e+00
1.166666666666666607e+01 -8.726858943482033837e+00
1.208333333333333393e+01 -8.930111546522931931e+00
1.250000000000000000e+01 -9.123215393850744093e+00
1.291666666666666607e+01 -9.305996590887238185e+00
1.333333333333333393e+01 -9.478293513354623556e+00
1.375000000000000000e+01 -9.639956777461334170e+00
1.416666666666666607e+01 -9.790849175620698119e+00
1.458333333333333393e+01 -9.930845622501566439e+00
1.500000000000000000e+01 -1.005983312836399790e+01
1.541666666666666607e+01 -1.017771071111410386e+01
1.583333333333333393e+01 -1.028438964125781574e+01
1.625000000000000000e+01 -1.037979354087496553e+01
1.666666666666666785e+01 -1.046385822866709070e+01
1.708333333333333215e+01 -1.053653146641430993e+01
1.750000000000000000e+01 -1.059777285368752864e+01
1.791666666666666785e+01 -1.064755380819971542e+01
1.833333333333333215e+01 -1.068585756945260279e+01
1.875000000000000000e+01 -1.071267918676151787e+01
1.916666666666666785e+01 -1.072802548900396147e+01
1.958333333333333215e+01 -1.073191503847960249e+01
2.000000000000000000e+01 -1.072437807087800188e+01
2.041666666666666785e+01 -1.070545641975694728e+01
2.083333333333333215e+01 -1.067520342341406625e+01
2.125000000000000000e+01 -1.063368381395721940e+01
2.166666666666666785e+01 -1.058097359080116640e+01
2.208333333333333215e+01 -1.051715988123591039e+01
2.250000000000000000e+01 -1.044234078506017305e+01
2.291666666666666785e+01 -1.035662519846795071e+01
2.333333333333333215e+01 -1.026013261037886792e+01
2.375000000000000000e+01 -1.015299287539700757e+01
2.416666666666666785e+01 -1.003534597975060372e+01
2.458333333333333215e+01 -9.907341865473011211e+00
2.500000000000000000e+01 -9.769140404031123381e+00
2.541666666666666785e+01 -9.620910970067251711e+00
2.583333333333333215e+01 -9.462833089440541912e+00
2.625000000000000000e+01 -9.295095747553439480e+00
2.666666666666666785e+01 -9.117897196535338367e+00
2.708333333333333215e+01 -8.931444786164780325e+00
2.750000000000000000e+01 -8.735954813700722354e+00
2.791666666666666785e+01 -8.531652330119284144e+00
2.833333333333333215e+01 -8.318770909094171273e+00
2.875000000000000000e+01 -8.097552310338659964e+00
2.916666666666666785e+01 -7.868245991454778654e+00
2.958333333333333215e+01 -7.631108733753305451e+00
3.000000000000000000e+01 -7.386404903648250198e+00
3.041666666666666785e+01 -7.134407534348943258e+00
3.083333333333333215e+01 -6.875396809069312276e+00
3.125000000000000000e+01 -6.609657867636063777e+00
3.166666666666666785e+01 -6.337478521227119188e+00
3.208333333333333570e+01 -6.059148533331115694e+00
3.250000000000000000e+01 -5.774959366843344988e+00
3.291666666666666430e+01 -5.485204159281392045e+00
3.333333333333333570e+01 -5.190177724349450905e+00
3.375000000000000000e+01 -4.890176554604556358e+00
3.416666666666666430e+01 -4.585498825271863588e+00
3.458333333333333570e+01 -4.276444398635297794e+00
3.500000000000000000e+01 -3.963314828906864484e+00
3.541666666666666430e+01 -3.646413367506006420e+00
3.583333333333333570e+01 -3.326044968736486585e+00
3.625000000000000000e+01 -3.002516295848099315e+00
3.666666666666666430e+01 -2.676135727469516556e+00
3.708333333333333570e+01 -2.347213364397926050e+00
3.750000000000000000e+01 -2.016061036730048883e+00
3.791666666666666430e+01 -1.682992311318611822e+00
3.833333333333333570e+01 -1.348322499537140340e+00
3.875000000000000000e+01 -1.012368665335516393e+00
3.916666666666666430e+01 -6.754496335674466945e-01
3.958333333333333570e+01 -3.378859985702340474e-01
4.000000000000000000e+01 0.000000000000000000e+00
