0.000000000000000000e+00 0.000000000000000000e+00
4.166666666666666852e-01 -3.857255977891223542e-01
8.333333333333333703e-01 -7.708968588107153463e-01
1.250000000000000000e+00 -1.154971229573996450e+00
1.666666666666666741e+00 -1.537419194909138032e+00
2.083333333333333481e+00 -1.917723771996479476e+00
2.500000000000000000e+00 -2.295380668140156288e+00
2.916666666666666519e+00 -2.669898631177597625e+00
3.333333333333333481e+00 -3.040799680966586038e+00
3.750000000000000000e+00 -3.407619212910944384e+00
4.166666666666666963e+00 -3.769906060149227578e+00
4.583333333333333037e+00 -4.127222542083147871e+00
5.000000000000000000e+00 -4.479144499471562568e+00
5.416666666666666963e+00 -4.825261318320409387e+00
5.833333333333333037e+00 -5.165175968158164821e+00
6.250000000000000000e+00 -5.498505184450345418e+00
6.666666666666666963e+00 -5.824879917474754087e+00
7.083333333333333037e+00 -6.143945689910784935e+00
7.500000000000000000e+00 -6.455361139803769355e+00
7.916666666666666963e+00 -6.758797987585331235e+00
8.333333333333333925e+00 -7.053941384021113592e+00
8.750000000000000000e+00 -7.340489977723128057e+00
9.166666666666666075e+00 -7.618155930257493935e+00
9.583333333333333925e+00 -7.886664929818309133e+00
1.000000000000000000e+01 -8.145756208397296305e+00
1.041666666666666607e+01 -8.395182551985312713e+00
1.083333333333333393e+01 -8.634710309646898452e+00
1.125000000000000000e+01 -8.864119418537068640e+00
1.166666666666666607e+01 -9.083203438495599968e+00
1.208333333333333393e+01 -9.291769565796172969e+00
1.250000000000000000e+01 -9.489638605112514114e+00
1.291666666666666607e+01 -9.676644899381024345e+00
1.333333333333333393e+01 -9.852636233641421271e+00
1.375000000000000000e+01 -1.001747374214573405e+01
1.416666666666666607e+01 -1.017103186307538998e+01
1.458333333333333393e+01 -1.031319840379551067e+01
1.500000000000000000e+01 -1.044387475920378172e+01
1.541666666666666607e+01 -1.056297618757579571e+01
1.583333333333333393e+01 -1.067043185074852119e+01
1.625000000000000000e+01 -1.076618414500382315e+01
1.666666666666666785e+01 -1.085018688308956847e+01
1.708333333333333215e+01 -1.092240426488733895e+01
1.750000000000000000e+01 -1.098280918077832169e+01
1.791666666666666785e+01 -1.103138449900930596e+01
1.833333333333333215e+01 -1.106812570345725177e+01
1.875000000000000000e+01 -1.109304111533247728e+01
1.916666666666666785e+01 -1.110615148176561284e+01
1.958333333333333215e+01 -1.110748947481567050e+01
2.000000000000000000e+01 -1.109709930114373044e+01
2.041666666666666785e+01 -1.107503640337966999e+01
2.083333333333333215e+01 -1.104136720019275586e+01
2.125000000000000000e+01 -1.099616883350939922e+01
2.166666666666666785e+01 -1.093952892002748634e+01
2.208333333333333215e+01 -1.087154531067827712e+01
2.250000000000000000e+01 -1.079232584295913178e+01
2.291666666666666785e+01 -1.070198806629166199e+01
2.333333333333333215e+01 -1.060065896054376466e+01
2.375000000000000000e+01 -1.048847473421252019e+01
2.416666666666666785e+01 -1.036558081726237646e+01
2.458333333333333215e+01 -1.023213198412036284e+01
2.500000000000000000e+01 -1.008829196214708013e+01
2.541666666666666785e+01 -9.934231068049255597e+00
2.583333333333333215e+01 -9.770124523196399124e+00
2.625000000000000000e+01 -9.596157163119517719e+00
2.666666666666666785e+01 -9.412524163668056332e+00
2.708333333333333215e+01 -9.219431114979679265e+00
2.750000000000000000e+01 -9.017093558104429363e+00
2.791666666666666785e+01 -8.805736538005431768e+00
2.833333333333333215e+01 -8.585594159776684720e+00
2.875000000000000000e+01 -8.356909289616210046e+00
2.916666666666666785e+01 -8.119933693553944565e+00
2.958333333333333215e+01 -7.874928559397488037e+00
3.000000000000000000e+01 -7.622164564257801089e+00
3.041666666666666785e+01 -7.361919571235071125e+00
3.083333333333333215e+01 -7.094474657550806640e+00
3.125000000000000000e+01 -6.820115869933377262e+00
3.166666666666666785e+01 -6.539134339990974709e+00
3.208333333333333570e+01 -6.251825369807956001e+00
3.250000000000000000e+01 -5.958487752008001515e+00
3.291666666666666430e+01 -5.659423049112008108e+00
3.333333333333333570e+01 -5.354934963227218070e+00
3.375000000000000000e+01 -5.045328970854213502e+00
3.416666666666666430e+01 -4.730912245728010390e+00
3.458333333333333570e+01 -4.411993639764903108e+00
3.500000000000000000e+01 -4.088883688304961517e+00
3.541666666666666430e+01 -3.761894615794964203e+00
3.583333333333333570e+01 -3.431340341899018043e+00
3.625000000000000000e+01 -3.097536488022316181e+00
3.666666666666666430e+01 -2.760800384232904747e+00
3.708333333333333570e+01 -2.421451076565756200e+00
3.750000000000000000e+01 -2.079809334692321876e+00
3.791666666666666430e+01 -1.736197659937827265e+00
3.833333333333333570e+01 -1.390940293627896063e+00
3.875000000000000000e+01 -1.044363225744885826e+00
3.916666666666666430e+01 -6.967942038737086063e-01
3.958333333333333570e+01 -3.485627424157388132e-01
4.000000000000000000e+01 0.000000000000000000e+00
