0.000000000000000000e+00 0.000000000000000000e+00
4.166666666666666852e-01 -3.678990098797678687e-01
8.333333333333333703e-01 -7.353020210609237939e-01
1.250000000000000000e+00 -1.101721813691944885e+00
1.666666666666666741e+00 -1.466681699476406253e+00
2.083333333333333481e+00 -1.829715676642156730e+00
2.500000000000000000e+00 -2.190368475521980773e+00
2.916666666666666519e+00 -2.548195554152655529e+00
3.333333333333333481e+00 -2.902763121873323637e+00
3.750000000000000000e+00 -3.253648203437757847e+00
4.166666666666666963e+00 -3.600438723535726471e+00
4.583333333333333037e+00 -3.942733604342059994e+00
5.000000000000000000e+00 -4.280142870195856375e+00
5.416666666666666963e+00 -4.612287748972888402e+00
5.833333333333333037e+00 -4.938800766399747744e+00
6.250000000000000000e+00 -5.259325830205372476e+00
6.666666666666666963e+00 -5.573518280500732835e+00
7.083333333333333037e+00 -5.881044866114615743e+00
7.500000000000000000e+00 -6.181583616542274839e+00
7.916666666666666963e+00 -6.474823549033812853e+00
8.333333333333333925e+00 -6.760464123490374178e+00
8.750000000000000000e+00 -7.038214437339484597e+00
9.166666666666666075e+00 -7.307793898224251627e+00
9.583333333333333925e+00 -7.568932717952265854e+00
1.000000000000000000e+01 -7.821372169582620160e+00
1.041666666666666607e+01 -8.064864760009484712e+00
1.083333333333333393e+01 -8.299174361764301011e+00
1.125000000000000000e+01 -8.524076313295321228e+00
1.166666666666666607e+01 -8.739357493206002303e+00
1.208333333333333393e+01 -8.944816379796185046e+00
1.250000000000000000e+01 -9.140263101706265658e+00
1.291666666666666607e+01 -9.325519477543375402e+00
1.333333333333333393e+01 -9.500419042425001237e+00
1.375000000000000000e+01 -9.664807067514164629e+00
1.416666666666666607e+01 -9.818540592684700030e+00
1.458333333333333393e+01 -9.961488493806552214e+00
1.500000000000000000e+01 -1.009353155130662749e+01
1.541666666666666607e+01 -1.021456242155900362e+01
1.583333333333333393e+01 -1.032448518823487760e+01
1.625000000000000000e+01 -1.042321400179058877e+01
1.666666666666666785e+01 -1.051067446508334235e+01
1.708333333333333215e+01 -1.058680394565056382e+01
1.750000000000000000e+01 -1.065155151648637855e+01
1.791666666666666785e+01 -1.070487782988067593e+01
1.833333333333333215e+01 -1.074675503264782250e+01
1.875000000000000000e+01 -1.077716671376484037e+01
1.916666666666666785e+01 -1.079610786385844889e+01
1.958333333333333215e+01 -1.080358483340650366e+01
2.000000000000000000e+01 -1.079961528402823134e+01
2.041666666666666785e+01 -1.078422811804364834e+01
2.083333333333333215e+01 -1.075746337151601217e+01
2.125000000000000000e+01 -1.071937207148243054e+01
2.166666666666666785e+01 -1.067001608126948931e+01
2.208333333333333215e+01 -1.060946795973942081e+01
2.250000000000000000e+01 -1.053781084542167434e+01
2.291666666666666785e+01 -1.045513835726933749e+01
2.333333333333333215e+01 -1.036155450476539208e+01
2.375000000000000000e+01 -1.025717360304830272e+01
2.416666666666666785e+01 -1.014212018099409285e+01
2.458333333333333215e+01 -1.001652888980997602e+01
2.500000000000000000e+01 -9.880544479273474678e+00
2.541666666666666785e+01 -9.734321758797774393e+00
2.583333333333333215e+01 -9.578025576648249384e+00
2.625000000000000000e+01 -9.411830465137715152e+00
2.666666666666666785e+01 -9.235920450314878849e+00
2.708333333333333215e+01 -9.050488881601014057e+00
2.750000000000000000e+01 -8.855738278952390630e+00
2.791666666666666785e+01 -8.651880164374514237e+00
2.833333333333333215e+01 -8.439134863366454908e+00
2.875000000000000000e+01 -8.217731297985670480e+00
2.916666666666666785e+01 -7.987906852017903958e+00
2.958333333333333215e+01 -7.749907430376310025e+00
3.000000000000000000e+01 -7.503987751203248457e+00
3.041666666666666785e+01 -7.250411655958842516e+00
3.083333333333333215e+01 -6.989450460405934429e+00
3.125000000000000000e+01 -6.721383536288718652e+00
3.166666666666666785e+01 -6.446498179812398810e+00
3.208333333333333570e+01 -6.165089532795773763e+00
3.250000000000000000e+01 -5.877460080057845815e+00
3.291666666666666430e+01 -5.583918662628241769e+00
3.333333333333333570e+01 -5.284778694948630395e+00
3.375000000000000000e+01 -4.980355841731656241e+00
3.416666666666666430e+01 -4.670967626807241757e+00
3.458333333333333570e+01 -4.356933245118906228e+00
3.500000000000000000e+01 -4.038573568270442671e+00
3.541666666666666430e+01 -3.716211150548980768e+00
3.583333333333333570e+01 -3.390170235409440735e+00
3.625000000000000000e+01 -3.060776762403293993e+00
3.666666666666666430e+01 -2.728358374535165165e+00
3.708333333333333570e+01 -2.393244426029008221e+00
3.750000000000000000e+01 -2.055765990485026062e+00
3.791666666666666430e+01 -1.716255869407722789e+00
3.833333333333333570e+01 -1.375048601083919131e+00
3.875000000000000000e+01 -1.032480469789633259e+00
3.916666666666666430e+01 -6.888895153025735851e-01
3.958333333333333570e+01 -3.446155426967412727e-01
4.000000000000000000e+01 0.000000000000000000e+00
