0.000000000000000000e+00 0.000000000000000000e+00
4.166666666666666852e-01 -3.518809007338096206e-01
8.333333333333333703e-01 -7.032582355962200271e-01
1.250000000000000000e+00 -1.053639248237563608e+00
1.666666666666666741e+00 -1.402543737876869478e+00
2.083333333333333481e+00 -1.749503913068541472e+00
2.500000000000000000e+00 -2.094064402836087968e+00
2.916666666666666519e+00 -2.435782308816579533e+00
3.333333333333333481e+00 -2.774227281468567341e+00
3.750000000000000000e+00 -3.108981616909979984e+00
4.166666666666666963e+00 -3.439640334247723530e+00
4.583333333333333037e+00 -3.765811161280563368e+00
5.000000000000000000e+00 -4.087114349318606621e+00
5.416666666666666963e+00 -4.403182374244307695e+00
5.833333333333333037e+00 -4.713659811521116794e+00
6.250000000000000000e+00 -5.018203185651227471e+00
6.666666666666666963e+00 -5.316480871410898423e+00
7.083333333333333037e+00 -5.608173050713171293e+00
7.500000000000000000e+00 -5.892971738945398386e+00
7.916666666666666963e+00 -6.170580946376323261e+00
8.333333333333333925e+00 -6.440716886619905601e+00
8.750000000000000000e+00 -6.703108145007804275e+00
9.166666666666666075e+00 -6.957495827929117027e+00
9.583333333333333925e+00 -7.203633765978572967e+00
1.000000000000000000e+01 -7.441288714673035543e+00
1.041666666666666607e+01 -7.670240465375534278e+00
1.083333333333333393e+01 -7.890281859907192441e+00
1.125000000000000000e+01 -8.101218800225886696e+00
1.166666666666666607e+01 -8.302870208175688660e+00
1.208333333333333393e+01 -8.495067903459167624e+00
1.250000000000000000e+01 -8.677656575183471332e+00
1.291666666666666607e+01 -8.850493756245784382e+00
1.333333333333333393e+01 -9.013449713019577203e+00
1.375000000000000000e+01 -9.166407300621399301e+00
1.416666666666666607e+01 -9.309261791932350150e+00
1.458333333333333393e+01 -9.441920696232891430e+00
1.500000000000000000e+01 -9.564303708451802777e+00
1.541666666666666607e+01 -9.676342611830017759e+00
1.583333333333333393e+01 -9.777980908567480256e+00
1.625000000000000000e+01 -9.869173108341517064e+00
1.666666666666666785e+01 -9.949884023075787454e+00
1.708333333333333215e+01 -1.002008812335953536e+01
1.750000000000000000e+01 -1.007976868007566473e+01
1.791666666666666785e+01 -1.012891670663780097e+01
1.833333333333333215e+01 -1.016753020354056680e+01
1.875000000000000000e+01 -1.019561342809131510e+01
1.916666666666666785e+01 -1.021317624510066757e+01
1.958333333333333215e+01 -1.022023395275897784e+01
2.000000000000000000e+01 -1.021680774560180538e+01
2.041666666666666785e+01 -1.020292518212331601e+01
2.083333333333333215e+01 -1.017862036547023585e+01
2.125000000000000000e+01 -1.014393411848513793e+01
2.166666666666666785e+01 -1.009891407295862820e+01
2.208333333333333215e+01 -1.004361508153678528e+01
2.250000000000000000e+01 -9.978099700725433507e+00
2.291666666666666785e+01 -9.902439153322994514e+00
2.333333333333333215e+01 -9.816713612862489668e+00
2.375000000000000000e+01 -9.721009896815443696e+00
2.416666666666666785e+01 -9.615420216176172374e+00
2.458333333333333215e+01 -9.500045580622877850e+00
2.500000000000000000e+01 -9.374997628908072755e+00
2.541666666666666785e+01 -9.240397635395739329e+00
2.583333333333333215e+01 -9.096374957238952064e+00
2.625000000000000000e+01 -8.943065590687478306e+00
2.666666666666666785e+01 -8.780611231341730161e+00
2.708333333333333215e+01 -8.609158784873697456e+00
2.750000000000000000e+01 -8.428860343467865945e+00
2.791666666666666785e+01 -8.239873661947218153e+00
2.833333333333333215e+01 -8.042363901311327723e+00
2.875000000000000000e+01 -7.836505659293099946e+00
2.916666666666666785e+01 -7.622484336231988067e+00
2.958333333333333215e+01 -7.400494243568915387e+00
3.000000000000000000e+01 -7.170733508035381121e+00
3.041666666666666785e+01 -6.933405880611358540e+00
3.083333333333333215e+01 -6.688725299266699231e+00
3.125000000000000000e+01 -6.436916999127426209e+00
3.166666666666666785e+01 -6.178217090625900632e+00
3.208333333333333570e+01 -5.912871568712645853e+00
3.250000000000000000e+01 -5.641135903630325465e+00
3.291666666666666430e+01 -5.363275611761807227e+00
3.333333333333333570e+01 -5.079567574950065278e+00
3.375000000000000000e+01 -4.790300778365717882e+00
3.416666666666666430e+01 -4.495772602023017761e+00
3.458333333333333570e+01 -4.196278812567008742e+00
3.500000000000000000e+01 -3.892118779682262275e+00
3.541666666666666430e+01 -3.583600782880583591e+00
3.583333333333333570e+01 -3.271043867693055773e+00
3.625000000000000000e+01 -2.954776756582759401e+00
3.666666666666666430e+01 -2.635137126564940591e+00
3.708333333333333570e+01 -2.312471973973774464e+00
3.750000000000000000e+01 -1.987137976868428968e+00
3.791666666666666430e+01 -1.659501469391658768e+00
3.833333333333333570e+01 -1.329936378915220763e+00
3.875000000000000000e+01 -9.988196530768211900e-01
3.916666666666666430e+01 -6.665329780410005345e-01
3.958333333333333570e+01 -3.334628083907473783e-01
4.000000000000000000e+01 0.000000000000000000e+00
