0.000000000000000000e+00 0.000000000000000000e+00
4.166666666666666852e-01 -3.976091531796110967e-01
8.333333333333333703e-01 -7.946798278050646314e-01
1.250000000000000000e+00 -1.190682283374336681e+00
1.666666666666666741e+00 -1.585097751414624723e+00
2.083333333333333481e+00 -1.977418901355674663e+00
2.500000000000000000e+00 -2.367149912952411839e+00
2.916666666666666519e+00 -2.753806433172989898e+00
3.333333333333333481e+00 -3.136915604552839465e+00
3.750000000000000000e+00 -3.516016171941400703e+00
4.166666666666666963e+00 -3.890658595036091238e+00
4.583333333333333037e+00 -4.260405140105433475e+00
5.000000000000000000e+00 -4.624829974133334964e+00
5.416666666666666963e+00 -4.983519297772114776e+00
5.833333333333333037e+00 -5.336071426561143305e+00
6.250000000000000000e+00 -5.682096561987386885e+00
6.666666666666666963e+00 -6.021216360578396376e+00
7.083333333333333037e+00 -6.353064302021458332e+00
7.500000000000000000e+00 -6.677286355123825068e+00
7.916666666666666963e+00 -6.993541205565261265e+00
8.333333333333333925e+00 -7.301500207638309980e+00
8.750000000000000000e+00 -7.600847331447453392e+00
9.166666666666666075e+00 -7.891279163896194326e+00
9.583333333333333925e+00 -8.172504938508170724e+00
1.000000000000000000e+01 -8.444246573219567509e+00
1.041666666666666607e+01 -8.706238716177232106e+00
1.083333333333333393e+01 -8.958228787297217721e+00
1.125000000000000000e+01 -9.199977009050927634e+00
1.166666666666666607e+01 -9.431256438895321281e+00
1.208333333333333393e+01 -9.651853000956625905e+00
1.250000000000000000e+01 -9.861565507160939603e+00
1.291666666666666607e+01 -1.006020567612075922e+01
1.333333333333333393e+01 -1.024759815348152259e+01
1.375000000000000000e+01 -1.042358052250421885e+01
1.416666666666666607e+01 -1.058800330404002743e+01
1.458333333333333393e+01 -1.074072995732872648e+01
1.500000000000000000e+01 -1.088163688427425768e+01
1.541666666666666607e+01 -1.101061343316724894e+01
1.583333333333333393e+01 -1.112756189369049764e+01
1.625000000000000000e+01 -1.123239745250271326e+01
1.666666666666666785e+01 -1.132504807115206802e+01
1.708333333333333215e+01 -1.140545426841742760e+01
1.750000000000000000e+01 -1.147356878560195881e+01
1.791666666666666785e+01 -1.152935623651309527e+01
1.833333333333333215e+01 -1.157279322345629069e+01
1.875000000000000000e+01 -1.160386895552798237e+01
1.916666666666666785e+01 -1.162258562586040966e+01
1.958333333333333215e+01 -1.162895759842020560e+01
2.000000000000000000e+01 -1.162301105146096702e+01
2.041666666666666785e+01 -1.160478388048487908e+01
2.083333333333333215e+01 -1.157432570055724064e+01
2.125000000000000000e+01 -1.153169784620690841e+01
2.166666666666666785e+01 -1.147697334559705240e+01
2.208333333333333215e+01 -1.141023687323810520e+01
2.250000000000000000e+01 -1.133158468679777542e+01
2.291666666666666785e+01 -1.124112453614657703e+01
2.333333333333333215e+01 -1.113897552353966525e+01
2.375000000000000000e+01 -1.102526789533628282e+01
2.416666666666666785e+01 -1.090014274593704613e+01
2.458333333333333215e+01 -1.076375162786160189e+01
2.500000000000000000e+01 -1.061625611110070544e+01
2.541666666666666785e+01 -1.045782748700716702e+01
2.583333333333333215e+01 -1.028864721991102726e+01
2.625000000000000000e+01 -1.010890828820346066e+01
2.666666666666666785e+01 -9.918814342945028173e+00
2.708333333333333215e+01 -9.718578150158350581e+00
2.750000000000000000e+01 -9.508421084153766856e+00
2.791666666666666785e+01 -9.288573082582351148e+00
2.833333333333333215e+01 -9.059272760222956578e+00
2.875000000000000000e+01 -8.820767429516624958e+00
2.916666666666666785e+01 -8.573312960190861531e+00
2.958333333333333215e+01 -8.317173507060331872e+00
3.000000000000000000e+01 -8.052621136318979467e+00
3.041666666666666785e+01 -7.779935530406839383e+00
3.083333333333333215e+01 -7.499404427882198299e+00
3.125000000000000000e+01 -7.211324867158458218e+00
3.166666666666666785e+01 -6.916002367440163390e+00
3.208333333333333570e+01 -6.613749104545534330e+00
3.250000000000000000e+01 -6.304883184406174124e+00
3.291666666666666430e+01 -5.989728158009892667e+00
3.333333333333333570e+01 -5.668612804937490424e+00
3.375000000000000000e+01 -5.341870837495466873e+00
3.416666666666666430e+01 -5.009840082334747535e+00
3.458333333333333570e+01 -4.672861129625300869e+00
3.500000000000000000e+01 -4.331276485882948002e+00
3.541666666666666430e+01 -3.985430371650959369e+00
3.583333333333333570e+01 -3.635668674785241805e+00
3.625000000000000000e+01 -3.282338958735274037e+00
3.666666666666666430e+01 -2.925790471329276610e+00
3.708333333333333570e+01 -2.566374154041011657e+00
3.750000000000000000e+01 -2.204442651714466184e+00
3.791666666666666430e+01 -1.840350322722188015e+00
3.833333333333333570e+01 -1.474453249531325838e+00
3.875000000000000000e+01 -1.107109249651242466e+00
3.916666666666666430e+01 -7.386778869343089138e-01
3.958333333333333570e+01 -3.695204832014295504e-01
4.000000000000000000e+01 0.000000000000000000e+00
