0.000000000000000000e+00 0.000000000000000000e+00
4.166666666666666852e-01 -3.615747871724179219e-01
8.333333333333333703e-01 -7.226667491104087349e-01
1.250000000000000000e+00 -1.082801336717408969e+00
1.666666666666666741e+00 -1.441514376976615219e+00
2.083333333333333481e+00 -1.798352211238052556e+00
2.500000000000000000e+00 -2.152871686758404124e+00
2.916666666666666519e+00 -2.504640093172695980e+00
3.333333333333333481e+00 -2.853235159626825723e+00
3.750000000000000000e+00 -3.198245125787773979e+00
4.166666666666666963e+00 -3.539268826390196132e+00
4.583333333333333037e+00 -3.875915763544784287e+00
5.000000000000000000e+00 -4.207806166476135701e+00
5.416666666666666963e+00 -4.534571047951849287e+00
5.833333333333333037e+00 -4.855852271027665701e+00
6.250000000000000000e+00 -5.171302622046298758e+00
6.666666666666666963e+00 -5.480585853771051674e+00
7.083333333333333037e+00 -5.783376666192339144e+00
7.500000000000000000e+00 -6.079360650797444698e+00
7.916666666666666963e+00 -6.368234244025328117e+00
8.333333333333333925e+00 -6.649704622396337861e+00
8.750000000000000000e+00 -6.923489345869764833e+00
9.166666666666666075e+00 -7.189315811059770134e+00
9.583333333333333925e+00 -7.446921253810633523e+00
1.000000000000000000e+01 -7.696053428411087971e+00
1.041666666666666607e+01 -7.936471041256719872e+00
1.083333333333333393e+01 -8.167943801541317939e+00
1.125000000000000000e+01 -8.390252364835696142e+00
1.166666666666666607e+01 -8.603188311146407585e+00
1.208333333333333393e+01 -8.806554125032597824e+00
1.250000000000000000e+01 -9.000163157419896365e+00
1.291666666666666607e+01 -9.183839563714188969e+00
1.333333333333333393e+01 -9.357418248659602256e+00
1.375000000000000000e+01 -9.520744828546177985e+00
1.416666666666666607e+01 -9.673675737615013759e+00
1.458333333333333393e+01 -9.816078495355696987e+00
1.500000000000000000e+01 -9.947831736807309255e+00
1.541666666666666607e+01 -1.006882462326828787e+01
1.583333333333333393e+01 -1.017895726611562424e+01
1.625000000000000000e+01 -1.027814083780011423e+01
1.666666666666666785e+01 -1.036629756287788240e+01
1.708333333333333215e+01 -1.044336068527530159e+01
1.750000000000000000e+01 -1.050927443650915372e+01
1.791666666666666785e+01 -1.056399400681223355e+01
1.833333333333333215e+01 -1.060748551129252881e+01
1.875000000000000000e+01 -1.063972594538048355e+01
1.916666666666666785e+01 -1.066070312637865314e+01
1.958333333333333215e+01 -1.067041562214734540e+01
2.000000000000000000e+01 -1.066887267418706742e+01
2.041666666666666785e+01 -1.065609412837517311e+01
2.083333333333333215e+01 -1.063211039104220568e+01
2.125000000000000000e+01 -1.059696240738128914e+01
2.166666666666666785e+01 -1.055070163141117234e+01
2.208333333333333215e+01 -1.049338994801879466e+01
2.250000000000000000e+01 -1.042509954635834823e+01
2.291666666666666785e+01 -1.034591279165332800e+01
2.333333333333333215e+01 -1.025592213059677071e+01
2.375000000000000000e+01 -1.015523003003770341e+01
2.416666666666666785e+01 -1.004394894505349889e+01
2.458333333333333215e+01 -9.922201361495391225e+00
2.500000000000000000e+01 -9.790119922473136782e+00
2.541666666666666785e+01 -9.647847234787292336e+00
2.583333333333333215e+01 -9.495535935110508419e+00
2.625000000000000000e+01 -9.333348287116299602e+00
2.666666666666666785e+01 -9.161455967723526328e+00
2.708333333333333215e+01 -8.980039883606309559e+00
2.750000000000000000e+01 -8.789290019918526653e+00
2.791666666666666785e+01 -8.589405282256395324e+00
2.833333333333333215e+01 -8.380593291210827189e+00
2.875000000000000000e+01 -8.163070128882592869e+00
2.916666666666666785e+01 -7.937060057671572189e+00
2.958333333333333215e+01 -7.702795290358632307e+00
3.000000000000000000e+01 -7.460516077130879609e+00
3.041666666666666785e+01 -7.210471204883321050e+00
3.083333333333333215e+01 -6.952917966901614122e+00
3.125000000000000000e+01 -6.688121976042041616e+00
3.166666666666666785e+01 -6.416357176106227023e+00
3.208333333333333570e+01 -6.137905842606459217e+00
3.250000000000000000e+01 -5.853058577463668755e+00
3.291666666666666430e+01 -5.562114205247354448e+00
3.333333333333333570e+01 -5.265379494334887056e+00
3.375000000000000000e+01 -4.963168783839496889e+00
3.416666666666666430e+01 -4.655803495405689496e+00
3.458333333333333570e+01 -4.343611416622587207e+00
3.500000000000000000e+01 -4.026925527407692940e+00
3.541666666666666430e+01 -3.706081053934967784e+00
3.583333333333333570e+01 -3.381415257684543541e+00
3.625000000000000000e+01 -3.053267088432470633e+00
3.666666666666666430e+01 -2.721977192179749316e+00
3.708333333333333570e+01 -2.387887919528282943e+00
3.750000000000000000e+01 -2.051343334481814829e+00
3.791666666666666430e+01 -1.712689223649315196e+00
3.833333333333333570e+01 -1.372273105826402606e+00
3.875000000000000000e+01 -1.030444241930336124e+00
3.916666666666666430e+01 -6.875536452653228103e-01
3.958333333333333570e+01 -3.439540920889828657e-01
4.000000000000000000e+01 0.000000000000000000e+00
