0.000000000000000000e+00 0.000000000000000000e+00
4.166666666666666852e-01 -3.749134722763413086e-01
8.333333333333333703e-01 -7.493099729211115667e-01
1.250000000000000000e+00 -1.122682312275047556e+00
1.666666666666666741e+00 -1.494534688377147980e+00
2.083333333333333481e+00 -1.864382613528770660e+00
2.500000000000000000e+00 -2.231752974011350865e+00
2.916666666666666519e+00 -2.596184137951152771e+00
3.333333333333333481e+00 -2.957226060840296267e+00
3.750000000000000000e+00 -3.314440376055536319e+00
4.166666666666666963e+00 -3.667400478764142324e+00
4.583333333333333037e+00 -4.015691608572178772e+00
5.000000000000000000e+00 -4.358910930006861584e+00
5.416666666666666963e+00 -4.696667607931158450e+00
5.833333333333333037e+00 -5.028582874368762390e+00
6.250000000000000000e+00 -5.354290083071769679e+00
6.666666666666666963e+00 -5.673434753073024694e+00
7.083333333333333037e+00 -5.985674621106424453e+00
7.500000000000000000e+00 -6.290679712498042697e+00
7.916666666666666963e+00 -6.588132318208242744e+00
8.333333333333333925e+00 -6.877726511508636342e+00
8.750000000000000000e+00 -7.159167800789682623e+00
9.166666666666666075e+00 -7.432173395585905062e+00
9.583333333333333925e+00 -7.696472413586387340e+00
1.000000000000000000e+01 -7.951806024918610660e+00
1.041666666666666607e+01 -8.197927556814899930e+00
1.083333333333333393e+01 -8.434602561457035463e+00
1.125000000000000000e+01 -8.661608855905697624e+00
1.166666666666666607e+01 -8.878736551613217287e+00
1.208333333333333393e+01 -9.085788085552197302e+00
1.250000000000000000e+01 -9.282578244840093973e+00
1.291666666666666607e+01 -9.468934172729136733e+00
1.333333333333333393e+01 -9.644695354858214387e+00
1.375000000000000000e+01 -9.809713597651118278e+00
1.416666666666666607e+01 -9.963853029773217074e+00
1.458333333333333393e+01 -1.010699016464783817e+01
1.500000000000000000e+01 -1.023901403085684514e+01
1.541666666666666607e+01 -1.035982624492549142e+01
1.583333333333333393e+01 -1.046934054478913190e+01
1.625000000000000000e+01 -1.056748120219683251e+01
1.666666666666666785e+01 -1.065418220790721726e+01
1.708333333333333215e+01 -1.072938900085405933e+01
1.750000000000000000e+01 -1.079305880511778604e+01
1.791666666666666785e+01 -1.084516049826179618e+01
1.833333333333333215e+01 -1.088567440640384376e+01
1.875000000000000000e+01 -1.091459216456541093e+01
1.916666666666666785e+01 -1.093191663936245028e+01
1.958333333333333215e+01 -1.093766187681609736e+01
2.000000000000000000e+01 -1.093185304564577010e+01
2.041666666666666785e+01 -1.091452636160016176e+01
2.083333333333333215e+01 -1.088572897896140113e+01
2.125000000000000000e+01 -1.084551883093162772e+01
2.166666666666666785e+01 -1.079396442397513489e+01
2.208333333333333215e+01 -1.073114461386802709e+01
2.250000000000000000e+01 -1.065714840797023655e+01
2.291666666666666785e+01 -1.057207483314772922e+01
2.333333333333333215e+01 -1.047603288269897881e+01
2.375000000000000000e+01 -1.036914153057696453e+01
2.416666666666666785e+01 -1.025152978246185675e+01
2.458333333333333215e+01 -1.012333667745593857e+01
2.500000000000000000e+01 -9.984710903910881896e+00
2.541666666666666785e+01 -9.835809787750456223e+00
2.583333333333333215e+01 -9.676799816201230087e+00
2.625000000000000000e+01 -9.507857283143309246e+00
2.666666666666666785e+01 -9.329168359569875335e+00
2.708333333333333215e+01 -9.140928892262794037e+00
2.750000000000000000e+01 -8.943344115275609241e+00
2.791666666666666785e+01 -8.736628372252132735e+00
2.833333333333333215e+01 -8.521004866379740861e+00
2.875000000000000000e+01 -8.296705479038271491e+00
2.916666666666666785e+01 -8.063970763085269056e+00
2.958333333333333215e+01 -7.823050149307904988e+00
3.000000000000000000e+01 -7.574202109406187766e+00
3.041666666666666785e+01 -7.317693721051894862e+00
3.083333333333333215e+01 -7.053798568041675487e+00
3.125000000000000000e+01 -6.782797326860421805e+00
3.166666666666666785e+01 -6.504978109951032650e+00
3.208333333333333570e+01 -6.220636535832978709e+00
3.250000000000000000e+01 -5.930075328508732646e+00
3.291666666666666430e+01 -5.633603439310347127e+00
3.333333333333333570e+01 -5.331534232885174696e+00
3.375000000000000000e+01 -5.024183323587536165e+00
3.416666666666666430e+01 -4.711868166715332151e+00
3.458333333333333570e+01 -4.394907887733495500e+00
3.500000000000000000e+01 -4.073623287867212284e+00
3.541666666666666430e+01 -3.748336850172111934e+00
3.583333333333333570e+01 -3.419372746065960644e+00
3.625000000000000000e+01 -3.087056842305265114e+00
3.666666666666666430e+01 -2.751716708390207877e+00
3.708333333333333570e+01 -2.413681624379873103e+00
3.750000000000000000e+01 -2.073282589098827788e+00
3.791666666666666430e+01 -1.730852328715409394e+00
3.833333333333333570e+01 -1.386725305670954311e+00
3.875000000000000000e+01 -1.041237727938413071e+00
3.916666666666666430e+01 -6.947275585874389536e-01
3.958333333333333570e+01 -3.475345256324677834e-01
4.000000000000000000e+01 0.000000000000000000e+00
