0.000000000000000000e+00 0.000000000000000000e+00
4.166666666666666852e-01 -3.490103298568291712e-01
8.333333333333333703e-01 -6.974787446377528344e-01
1.250000000000000000e+00 -1.044874657570573184e+00
1.666666666666666741e+00 -1.390682390570430416e+00
2.083333333333333481e+00 -1.734401812786995789e+00
2.500000000000000000e+00 -2.075548133459837796e+00
2.916666666666666519e+00 -2.413651733603086935e+00
3.333333333333333481e+00 -2.748258207545994036e+00
3.750000000000000000e+00 -3.078928506550179911e+00
4.166666666666666963e+00 -3.405239041718326920e+00
4.583333333333333037e+00 -3.726781686685224582e+00
5.000000000000000000e+00 -4.043163800387544526e+00
5.416666666666666963e+00 -4.354008327239784926e+00
5.833333333333333037e+00 -4.658953821180282340e+00
6.250000000000000000e+00 -4.957654285831798013e+00
6.666666666666666963e+00 -5.249778864439591075e+00
7.083333333333333037e+00 -5.535011329109948086e+00
7.500000000000000000e+00 -5.813049567151399089e+00
7.916666666666666963e+00 -6.083605109742387107e+00
8.333333333333333925e+00 -6.346402671359363090e+00
8.750000000000000000e+00 -6.601179742791859262e+00
9.166666666666666075e+00 -6.847686538881555762e+00
9.583333333333333925e+00 -7.085686290859392500e+00
1.000000000000000000e+01 -7.314955474416235504e+00
1.041666666666666607e+01 -7.535283883899714930e+00
1.083333333333333393e+01 -7.746474558618064776e+00
1.125000000000000000e+01 -7.948343664436631428e+00
1.166666666666666607e+01 -8.140720238011661891e+00
1.208333333333333393e+01 -8.323445923908586508e+00
1.250000000000000000e+01 -8.496374646174025713e+00
1.291666666666666607e+01 -8.659372398298643247e+00
1.333333333333333393e+01 -8.812316898878455262e+00
1.375000000000000000e+01 -8.955097208597008418e+00
1.416666666666666607e+01 -9.087613489646651388e+00
1.458333333333333393e+01 -9.209776937101965544e+00
1.500000000000000000e+01 -9.321509424927212351e+00
1.541666666666666607e+01 -9.422743479785893328e+00
1.583333333333333393e+01 -9.513422168404302326e+00
1.625000000000000000e+01 -9.593498957310346853e+00
1.666666666666666785e+01 -9.662937666466504538e+00
1.708333333333333215e+01 -9.721712857748066483e+00
1.750000000000000000e+01 -9.769810367302675047e+00
1.791666666666666785e+01 -9.807227742402787385e+00
1.833333333333333215e+01 -9.833974704934085764e+00
1.875000000000000000e+01 -9.850073353356032513e+00
1.916666666666666785e+01 -9.855558145670578085e+00
1.958333333333333215e+01 -9.850475769315242047e+00
2.000000000000000000e+01 -9.834884980691105838e+00
2.041666666666666785e+01 -9.808856455003242658e+00
2.083333333333333215e+01 -9.772472632859891206e+00
2.125000000000000000e+01 -9.725827590646824561e+00
2.166666666666666785e+01 -9.669026872954470164e+00
2.208333333333333215e+01 -9.602187246084486816e+00
2.250000000000000000e+01 -9.525436409029284235e+00
2.291666666666666785e+01 -9.438912509153460917e+00
2.333333333333333215e+01 -9.342763431114697426e+00
2.375000000000000000e+01 -9.237145860283744625e+00
2.416666666666666785e+01 -9.122224762070596071e+00
2.458333333333333215e+01 -8.998175448054835712e+00
2.500000000000000000e+01 -8.865181957612085384e+00
2.541666666666666785e+01 -8.723435544311030299e+00
2.583333333333333215e+01 -8.573134267410958742e+00
2.625000000000000000e+01 -8.414482571091363994e+00
2.666666666666666785e+01 -8.247690685682856682e+00
2.708333333333333215e+01 -8.072973759732207100e+00
2.750000000000000000e+01 -7.890550833242826911e+00
2.791666666666666785e+01 -7.700643716221018842e+00
2.833333333333333215e+01 -7.503476248273647897e+00
2.875000000000000000e+01 -7.299274150607579337e+00
2.916666666666666785e+01 -7.088264967344104939e+00
2.958333333333333215e+01 -6.870678035384266025e+00
3.000000000000000000e+01 -6.646744438240860475e+00
3.041666666666666785e+01 -6.416696989807375573e+00
3.083333333333333215e+01 -6.180770268243613863e+00
3.125000000000000000e+01 -5.939200642742165748e+00
3.166666666666666785e+01 -5.692226254917620132e+00
3.208333333333333570e+01 -5.440087010106884335e+00
3.250000000000000000e+01 -5.183024568402050392e+00
3.291666666666666430e+01 -4.921282342338644256e+00
3.333333333333333570e+01 -4.655105498975553147e+00
3.375000000000000000e+01 -4.384740960740751703e+00
3.416666666666666430e+01 -4.110437394315749948e+00
3.458333333333333570e+01 -3.832445184838597640e+00
3.500000000000000000e+01 -3.551016454721632964e+00
3.541666666666666430e+01 -3.266405077664715773e+00
3.583333333333333570e+01 -2.978866687356739540e+00
3.625000000000000000e+01 -2.688658678373928357e+00
3.666666666666666430e+01 -2.396040208535810123e+00
3.708333333333333570e+01 -2.101272204180519854e+00
3.750000000000000000e+01 -1.804617365682215091e+00
3.791666666666666430e+01 -1.506340172220903106e+00
3.833333333333333570e+01 -1.206706881753674354e+00
3.875000000000000000e+01 -9.059855251082240546e-01
3.916666666666666430e+01 -6.044459154539135737e-01
3.958333333333333570e+01 -3.023596541449580233e-01
4.000000000000000000e+01 0.000000000000000000e+00
