0.000000000000000000e+00 0.000000000000000000e+00
4.166666666666666852e-01 -3.715913886052208404e-01
8.333333333333333703e-01 -7.426706773594626831e-01
1.250000000000000000e+00 -1.112734684333790636e+00
1.666666666666666741e+00 -1.481291094608061076e+00
2.083333333333333481e+00 -1.847858707229530051e+00
2.500000000000000000e+00 -2.211967483125336642e+00
2.916666666666666519e+00 -2.573158536642827343e+00
3.333333333333333481e+00 -2.930984161755977979e+00
3.750000000000000000e+00 -3.285007892723790679e+00
4.166666666666666963e+00 -3.634804573684627726e+00
4.583333333333333037e+00 -3.979960430549401629e+00
5.000000000000000000e+00 -4.320073145136854365e+00
5.416666666666666963e+00 -4.654751935701307630e+00
5.833333333333333037e+00 -4.983617654825550858e+00
6.250000000000000000e+00 -5.306302906332148517e+00
6.666666666666666963e+00 -5.622452161560445916e+00
7.083333333333333037e+00 -5.931721845424291040e+00
7.500000000000000000e+00 -6.233780323325095019e+00
7.916666666666666963e+00 -6.528307683838672659e+00
8.333333333333333925e+00 -6.814995495627282018e+00
8.750000000000000000e+00 -7.093547402074809938e+00
9.166666666666666075e+00 -7.363679535877355242e+00
9.583333333333333925e+00 -7.625120569232621826e+00
1.000000000000000000e+01 -7.877611609164792306e+00
1.041666666666666607e+01 -8.120906111000554262e+00
1.083333333333333393e+01 -8.354769839843184442e+00
1.125000000000000000e+01 -8.578980857084111733e+00
1.166666666666666607e+01 -8.793329521234054980e+00
1.208333333333333393e+01 -8.997618501189517559e+00
1.250000000000000000e+01 -9.191662796002374236e+00
1.291666666666666607e+01 -9.375289752187004666e+00
1.333333333333333393e+01 -9.548339065929981828e+00
1.375000000000000000e+01 -9.710662756303618082e+00
1.416666666666666607e+01 -9.862125094869018227e+00
1.458333333333333393e+01 -1.000260248043585776e+01
1.500000000000000000e+01 -1.013198328421274397e+01
1.541666666666666607e+01 -1.025016779382000642e+01
1.583333333333333393e+01 -1.035706846554343130e+01
1.625000000000000000e+01 -1.045261027102202256e+01
1.666666666666666785e+01 -1.053673069760677627e+01
1.708333333333333215e+01 -1.060937924544780486e+01
1.750000000000000000e+01 -1.067051723451390899e+01
1.791666666666666785e+01 -1.072011778086486977e+01
1.833333333333333215e+01 -1.075816581327553756e+01
1.875000000000000000e+01 -1.078465807424485412e+01
1.916666666666666785e+01 -1.079960309400232177e+01
1.958333333333333215e+01 -1.080302114165723104e+01
2.000000000000000000e+01 -1.079494416196969375e+01
2.041666666666666785e+01 -1.077541570434349083e+01
2.083333333333333215e+01 -1.074449083872923794e+01
2.125000000000000000e+01 -1.070223604582201382e+01
2.166666666666666785e+01 -1.064872908167185095e+01
2.208333333333333215e+01 -1.058405883078646426e+01
2.250000000000000000e+01 -1.050832515426687408e+01
2.291666666666666785e+01 -1.042163872881173425e+01
2.333333333333333215e+01 -1.032412087730326178e+01
2.375000000000000000e+01 -1.021590339006366221e+01
2.416666666666666785e+01 -1.009712830757979063e+01
2.458333333333333215e+01 -9.967947657240131321e+00
2.500000000000000000e+01 -9.828523336721941561e+00
2.541666666666666785e+01 -9.679026973305514758e+00
2.583333333333333215e+01 -9.519640203267933032e+00
2.625000000000000000e+01 -9.350553969601813620e+00
2.666666666666666785e+01 -9.171968330553013971e+00
2.708333333333333215e+01 -8.984092372243550173e+00
2.750000000000000000e+01 -8.787144143748472302e+00
2.791666666666666785e+01 -8.581350507194136057e+00
2.833333333333333215e+01 -8.366946964758751548e+00
2.875000000000000000e+01 -8.144177489151427807e+00
2.916666666666666785e+01 -7.913294274850660948e+00
2.958333333333333215e+01 -7.674557421456147388e+00
3.000000000000000000e+01 -7.428234809558754925e+00
3.041666666666666785e+01 -7.174602048700956303e+00
3.083333333333333215e+01 -6.913941573340848024e+00
3.125000000000000000e+01 -6.646539666472158991e+00
3.166666666666666785e+01 -6.372684876208185578e+00
3.208333333333333570e+01 -6.092667586441073091e+00
3.250000000000000000e+01 -5.806779858180536991e+00
3.291666666666666430e+01 -5.515315427946345217e+00
3.333333333333333570e+01 -5.218569707735472463e+00
3.375000000000000000e+01 -4.916839787560572717e+00
3.416666666666666430e+01 -4.610424439193607782e+00
3.458333333333333570e+01 -4.299624120601591493e+00
3.500000000000000000e+01 -3.984740980850733916e+00
3.541666666666666430e+01 -3.666078865422842004e+00
3.583333333333333570e+01 -3.343943321932156376e+00
3.625000000000000000e+01 -3.018641606229272245e+00
3.666666666666666430e+01 -2.690482688878707673e+00
3.708333333333333570e+01 -2.359777261995340325e+00
3.750000000000000000e+01 -2.026837746424556830e+00
3.791666666666666430e+01 -1.691978299249825568e+00
3.833333333333333570e+01 -1.355514821610421805e+00
3.875000000000000000e+01 -1.017764966811713689e+00
3.916666666666666430e+01 -6.790481487089885526e-01
3.958333333333333570e+01 -3.396855503451599589e-01
4.000000000000000000e+01 0.000000000000000000e+00
