0.000000000000000000e+00 0.000000000000000000e+00
4.166666666666666852e-01 -3.715092408104768706e-01
8.333333333333333703e-01 -7.424956820517191192e-01
1.250000000000000000e+00 -1.112446447440245567e+00
1.666666666666666741e+00 -1.480860304648536685e+00
2.083333333333333481e+00 -1.847247659105739848e+00
2.500000000000000000e+00 -2.211130636938592353e+00
2.916666666666666519e+00 -2.572043189103403016e+00
3.333333333333333481e+00 -2.929531174334658150e+00
3.750000000000000000e+00 -3.283152423106017626e+00
4.166666666666666963e+00 -3.632476796784239070e+00
4.583333333333333037e+00 -3.977086245329300329e+00
5.000000000000000000e+00 -4.316574862099764154e+00
5.416666666666666963e+00 -4.650548933904888216e+00
5.833333333333333037e+00 -4.978626986170340274e+00
6.250000000000000000e+00 -5.300439835279582290e+00
6.666666666666666963e+00 -5.615630684753885937e+00
7.083333333333333037e+00 -5.923855295353167350e+00
7.500000000000000000e+00 -6.224782144178714560e+00
7.916666666666666963e+00 -6.518092214504119575e+00
8.333333333333333925e+00 -6.803478793706134731e+00
8.750000000000000000e+00 -7.080647630902245027e+00
9.166666666666666075e+00 -7.349317061669708551e+00
9.583333333333333925e+00 -7.609218063633870877e+00
1.000000000000000000e+01 -7.860094272321461517e+00
1.041666666666666607e+01 -8.101701987645318681e+00
1.083333333333333393e+01 -8.333810183445121922e+00
1.125000000000000000e+01 -8.556200521081029464e+00
1.166666666666666607e+01 -8.768667362417966515e+00
1.208333333333333393e+01 -8.971017776547450140e+00
1.250000000000000000e+01 -9.163071537895985941e+00
1.291666666666666607e+01 -9.344661115695251041e+00
1.333333333333333393e+01 -9.515631656428846341e+00
1.375000000000000000e+01 -9.675840960855602191e+00
1.416666666666666607e+01 -9.825159457955425779e+00
1.458333333333333393e+01 -9.963470184066357760e+00
1.500000000000000000e+01 -1.009066878081423546e+01
1.541666666666666607e+01 -1.020666351080104484e+01
1.583333333333333393e+01 -1.031137519093372035e+01
1.625000000000000000e+01 -1.040473681647033111e+01
1.666666666666666785e+01 -1.048669303572337341e+01
1.708333333333333215e+01 -1.055719994157869479e+01
1.750000000000000000e+01 -1.061622548408211308e+01
1.791666666666666785e+01 -1.066374968059972517e+01
1.833333333333333215e+01 -1.069976461975488391e+01
1.875000000000000000e+01 -1.072427438127731314e+01
1.916666666666666785e+01 -1.073729494112317440e+01
1.958333333333333215e+01 -1.073885408002188413e+01
2.000000000000000000e+01 -1.072899129563209009e+01
2.041666666666666785e+01 -1.070775770639841085e+01
2.083333333333333215e+01 -1.067521593578990391e+01
2.125000000000000000e+01 -1.063143998358415487e+01
2.166666666666666785e+01 -1.057651509647750210e+01
2.208333333333333215e+01 -1.051053762527699220e+01
2.250000000000000000e+01 -1.043361484497150649e+01
2.291666666666666785e+01 -1.034586473615995850e+01
2.333333333333333215e+01 -1.024741573530304173e+01
2.375000000000000000e+01 -1.013840643740246428e+01
2.416666666666666785e+01 -1.001898521991899749e+01
2.458333333333333215e+01 -9.889309700629299371e+00
2.500000000000000000e+01 -9.749545860598670899e+00
2.541666666666666785e+01 -9.599866676373803642e+00
2.583333333333333215e+01 -9.440453629837838534e+00
2.625000000000000000e+01 -9.271497348019279272e+00
2.666666666666666785e+01 -9.093197808469593468e+00
2.708333333333333215e+01 -8.905764261218729771e+00
2.750000000000000000e+01 -8.709415057474647170e+00
2.791666666666666785e+01 -8.504377596204387046e+00
2.833333333333333215e+01 -8.290888344719645531e+00
2.875000000000000000e+01 -8.069192687137944020e+00
2.916666666666666785e+01 -7.839544594014180134e+00
2.958333333333333215e+01 -7.602206019210441923e+00
3.000000000000000000e+01 -7.357446037456487176e+00
3.041666666666666785e+01 -7.105539003037389278e+00
3.083333333333333215e+01 -6.846761517875410874e+00
3.125000000000000000e+01 -6.581392795846395138e+00
3.166666666666666785e+01 -6.309714157163832660e+00
3.208333333333333570e+01 -6.032008860649270332e+00
3.250000000000000000e+01 -5.748562018123769768e+00
3.291666666666666430e+01 -5.459660510571520575e+00
3.333333333333333570e+01 -5.165592927125408629e+00
3.375000000000000000e+01 -4.866649547095047268e+00
3.416666666666666430e+01 -4.563122337769001113e+00
3.458333333333333570e+01 -4.255304957813933697e+00
3.500000000000000000e+01 -3.943492761967598792e+00
3.541666666666666430e+01 -3.627982806123120518e+00
3.583333333333333570e+01 -3.309073852792154824e+00
3.625000000000000000e+01 -2.987066376935802126e+00
3.666666666666666430e+01 -2.662262572150635886e+00
3.708333333333333570e+01 -2.334966357195576325e+00
3.750000000000000000e+01 -2.005483382846361629e+00
3.791666666666666430e+01 -1.674121039061860827e+00
3.833333333333333570e+01 -1.341188462446838425e+00
3.875000000000000000e+01 -1.006996543994007176e+00
3.916666666666666430e+01 -6.718579370883371871e-01
3.958333333333333570e+01 -3.360870657548165052e-01
4.000000000000000000e+01 0.000000000000000000e+00
