0.000000000000000000e+00 0.000000000000000000e+00
4.166666666666666852e-01 -3.648869939318630240e-01
8.333333333333333703e-01 -7.292581319561303177e-01
1.250000000000000000e+00 -1.092607399316326111e+00
1.666666666666666741e+00 -1.454440332466002017e+00
2.083333333333333481e+00 -1.814274024735248902e+00
2.500000000000000000e+00 -2.171637218782558776e+00
2.916666666666666519e+00 -2.526070412800697440e+00
3.333333333333333481e+00 -2.877125941964825628e+00
3.750000000000000000e+00 -3.224368040878641928e+00
4.166666666666666963e+00 -3.567372901236508298e+00
4.583333333333333037e+00 -3.905728728145770212e+00
5.000000000000000000e+00 -4.239035792730603269e+00
5.416666666666666963e+00 -4.566906478285047477e+00
5.833333333333333037e+00 -4.888965322842012462e+00
6.250000000000000000e+00 -5.204849073033116724e+00
6.666666666666666963e+00 -5.514206761910674714e+00
7.083333333333333037e+00 -5.816699788802532467e+00
7.500000000000000000e+00 -6.112001911164962387e+00
7.916666666666666963e+00 -6.399799307594769004e+00
8.333333333333333925e+00 -6.679790681515704875e+00
8.750000000000000000e+00 -6.951687133607962643e+00
9.166666666666666075e+00 -7.215212100389144290e+00
9.583333333333333925e+00 -7.470101438689119355e+00
1.000000000000000000e+01 -7.716103510892418527e+00
1.041666666666666607e+01 -7.952979230477574824e+00
1.083333333333333393e+01 -8.180502088678766270e+00
1.125000000000000000e+01 -8.398458173128972248e+00
1.166666666666666607e+01 -8.606646180395058465e+00
1.208333333333333393e+01 -8.804877421630763479e+00
1.250000000000000000e+01 -8.992975820613624549e+00
1.291666666666666607e+01 -9.170777904824010562e+00
1.333333333333333393e+01 -9.338132792698813134e+00
1.375000000000000000e+01 -9.494902183802347295e+00
1.416666666666666607e+01 -9.640960367222319860e+00
1.458333333333333393e+01 -9.776194258260655801e+00
1.500000000000000000e+01 -9.900503409892033702e+00
1.541666666666666607e+01 -1.001379979911206242e+01
1.583333333333333393e+01 -1.011600722095579385e+01
1.625000000000000000e+01 -1.020706118587040656e+01
1.666666666666666785e+01 -1.028690881443057314e+01
1.708333333333333215e+01 -1.035550878796866670e+01
1.750000000000000000e+01 -1.041283129215431025e+01
1.791666666666666785e+01 -1.045885813835684175e+01
1.833333333333333215e+01 -1.049358292522957470e+01
1.875000000000000000e+01 -1.051701103961998029e+01
1.916666666666666785e+01 -1.052915961271172840e+01
1.958333333333333215e+01 -1.053005746854037028e+01
2.000000000000000000e+01 -1.051974506933482623e+01
2.041666666666666785e+01 -1.049827444186938941e+01
2.083333333333333215e+01 -1.046570908099108621e+01
2.125000000000000000e+01 -1.042212384964428296e+01
2.166666666666666785e+01 -1.036760487836637346e+01
2.208333333333333215e+01 -1.030224942950263589e+01
2.250000000000000000e+01 -1.022616568222770184e+01
2.291666666666666785e+01 -1.013947245349065263e+01
2.333333333333333215e+01 -1.004229881954317172e+01
2.375000000000000000e+01 -9.934783668041944793e+00
2.416666666666666785e+01 -9.817075332249256547e+00
2.458333333333333215e+01 -9.689331253129818577e+00
2.500000000000000000e+01 -9.551717570212948871e+00
2.541666666666666785e+01 -9.404407584070691328e+00
2.583333333333333215e+01 -9.247582608392376002e+00
2.625000000000000000e+01 -9.081432722464761298e+00
2.666666666666666785e+01 -8.906157328814201080e+00
2.708333333333333215e+01 -8.721965263559789960e+00
2.750000000000000000e+01 -8.529074474213865997e+00
2.791666666666666785e+01 -8.327711708133035629e+00
2.833333333333333215e+01 -8.118112562711271352e+00
2.875000000000000000e+01 -7.900521536653767107e+00
2.916666666666666785e+01 -7.675191641004557752e+00
2.958333333333333215e+01 -7.442383394694777721e+00
3.000000000000000000e+01 -7.202361832988565027e+00
3.041666666666666785e+01 -6.955394448080139291e+00
3.083333333333333215e+01 -6.701750582536122103e+00
3.125000000000000000e+01 -6.441701422310353919e+00
3.166666666666666785e+01 -6.175520004496425130e+00
3.208333333333333570e+01 -5.903481173500283674e+00
3.250000000000000000e+01 -5.625861548757789876e+00
3.291666666666666430e+01 -5.342939491221266657e+00
3.333333333333333570e+01 -5.054995074721182036e+00
3.375000000000000000e+01 -4.762310070807742157e+00
3.416666666666666430e+01 -4.465167948237554363e+00
3.458333333333333570e+01 -4.163853875748181999e+00
3.500000000000000000e+01 -3.858654726360912779e+00
3.541666666666666430e+01 -3.549859082045926151e+00
3.583333333333333570e+01 -3.237757238740567534e+00
3.625000000000000000e+01 -2.922641211709127607e+00
3.666666666666666430e+01 -2.604804741233480492e+00
3.708333333333333570e+01 -2.284543298622283558e+00
3.750000000000000000e+01 -1.962154092525930871e+00
3.791666666666666430e+01 -1.637936075543758641e+00
3.833333333333333570e+01 -1.312189951109009156e+00
3.875000000000000000e+01 -9.852181806366582251e-01
3.916666666666666430e+01 -6.573249909178866535e-01
3.958333333333333570e+01 -3.288163817447573023e-01
4.000000000000000000e+01 0.000000000000000000e+00
