0.000000000000000000e+00 0.000000000000000000e+00
4.166666666666666852e-01 -3.630941461457161124e-01
8.333333333333333703e-01 -7.256882200437414498e-01
1.250000000000000000e+00 -1.087289725421451747e+00
1.666666666666666741e+00 -1.447416850265232924e+00
2.083333333333333481e+00 -1.805598957006011362e+00
2.500000000000000000e+00 -2.161376540565034698e+00
2.916666666666666519e+00 -2.514301109941011969e+00
3.333333333333333481e+00 -2.863935192169253074e+00
3.750000000000000000e+00 -3.209852417410931746e+00
4.166666666666666963e+00 -3.551637592277476330e+00
4.583333333333333037e+00 -3.888886757864193022e+00
5.000000000000000000e+00 -4.221207262830690254e+00
5.416666666666666963e+00 -4.548217861716754129e+00
5.833333333333333037e+00 -4.869548791096629969e+00
6.250000000000000000e+00 -5.184841784604061310e+00
6.666666666666666963e+00 -5.493750091658055723e+00
7.083333333333333037e+00 -5.795938584224126444e+00
7.500000000000000000e+00 -6.091083916828836209e+00
7.916666666666666963e+00 -6.378874669382225804e+00
8.333333333333333925e+00 -6.659011451517108604e+00
8.750000000000000000e+00 -6.931206931563878904e+00
9.166666666666666075e+00 -7.195185761000336910e+00
9.583333333333333925e+00 -7.450684445358187524e+00
1.000000000000000000e+01 -7.697451264207881394e+00
1.041666666666666607e+01 -7.935246186899673759e+00
1.083333333333333393e+01 -8.163841794848561761e+00
1.125000000000000000e+01 -8.383023317697830379e+00
1.166666666666666607e+01 -8.592589360497571604e+00
1.208333333333333393e+01 -8.792352155402541669e+00
1.250000000000000000e+01 -8.982137761618556482e+00
1.291666666666666607e+01 -9.161785980684358677e+00
1.333333333333333393e+01 -9.331150158352697233e+00
1.375000000000000000e+01 -9.490095083906947337e+00
1.416666666666666607e+01 -9.638496301550288692e+00
1.458333333333333393e+01 -9.776240626464732131e+00
1.500000000000000000e+01 -9.903226611705372662e+00
1.541666666666666607e+01 -1.001936483441399517e+01
1.583333333333333393e+01 -1.012457744749064759e+01
1.625000000000000000e+01 -1.021879761574442824e+01
1.666666666666666785e+01 -1.030196907340575052e+01
1.708333333333333215e+01 -1.037404583707938954e+01
1.750000000000000000e+01 -1.043499203193982794e+01
1.791666666666666785e+01 -1.048478178229358981e+01
1.833333333333333215e+01 -1.052339913559455198e+01
1.875000000000000000e+01 -1.055083801387698550e+01
1.916666666666666785e+01 -1.056710221457694665e+01
1.958333333333333215e+01 -1.057220547227325369e+01
2.000000000000000000e+01 -1.056617154985554130e+01
2.041666666666666785e+01 -1.054903431481819531e+01
2.083333333333333215e+01 -1.052083778635600808e+01
2.125000000000000000e+01 -1.048163615850466890e+01
2.166666666666666785e+01 -1.043149379150970901e+01
2.208333333333333215e+01 -1.037048515014534722e+01
2.250000000000000000e+01 -1.029869466719302373e+01
2.291666666666666785e+01 -1.021621652989426110e+01
2.333333333333333215e+01 -1.012315439767805891e+01
2.375000000000000000e+01 -1.001962117181589029e+01
2.416666666666666785e+01 -9.905739181779509295e+00
2.458333333333333215e+01 -9.781640685650858202e+00
2.500000000000000000e+01 -9.647468766858869671e+00
2.541666666666666785e+01 -9.503376613841130194e+00
2.583333333333333215e+01 -9.349526694163715845e+00
2.625000000000000000e+01 -9.186090526571234705e+00
2.666666666666666785e+01 -9.013248667603694031e+00
2.708333333333333215e+01 -8.831190701518909947e+00
2.750000000000000000e+01 -8.640115125258947870e+00
2.791666666666666785e+01 -8.440229104061858223e+00
2.833333333333333215e+01 -8.231748069976250193e+00
2.875000000000000000e+01 -8.014895162480822677e+00
2.916666666666666785e+01 -7.789900762528103151e+00
2.958333333333333215e+01 -7.557003064265010117e+00
3.000000000000000000e+01 -7.316450527721039876e+00
3.041666666666666785e+01 -7.068501985238884622e+00
3.083333333333333215e+01 -6.813425115984641067e+00
3.125000000000000000e+01 -6.551495336170463979e+00
3.166666666666666785e+01 -6.282995338103209981e+00
3.208333333333333570e+01 -6.008214533615121589e+00
3.250000000000000000e+01 -5.727448121659209690e+00
3.291666666666666430e+01 -5.440995357409240007e+00
3.333333333333333570e+01 -5.149157615401643184e+00
3.375000000000000000e+01 -4.852238109837685442e+00
3.416666666666666430e+01 -4.550541732364213665e+00
3.458333333333333570e+01 -4.244375056540797608e+00
3.500000000000000000e+01 -3.934046343053942962e+00
3.541666666666666430e+01 -3.619865545323096789e+00
3.583333333333333570e+01 -3.302144315490308291e+00
3.625000000000000000e+01 -2.981196010759761261e+00
3.666666666666666430e+01 -2.657335700135262435e+00
3.708333333333333570e+01 -2.330880171549204682e+00
3.750000000000000000e+01 -2.002147939348961181e+00
3.791666666666666430e+01 -1.671459252116457295e+00
3.833333333333333570e+01 -1.339136100775874860e+00
3.875000000000000000e+01 -1.005502226961995538e+00
3.916666666666666430e+01 -6.708831317750533207e-01
3.958333333333333570e+01 -3.356060847685427007e-01
4.000000000000000000e+01 0.000000000000000000e+00
