0.000000000000000000e+00 0.000000000000000000e+00
4.166666666666666852e-01 -3.455222202862965886e-01
8.333333333333333703e-01 -6.905520491510888093e-01
1.250000000000000000e+00 -1.034605402075390312e+00
1.666666666666666741e+00 -1.377209435953819616e+00
2.083333333333333481e+00 -1.717903369656672785e+00
2.500000000000000000e+00 -2.056238398885065877e+00
2.916666666666666519e+00 -2.391777463291850925e+00
3.333333333333333481e+00 -2.724095200070802303e+00
3.750000000000000000e+00 -3.052778001264636831e+00
4.166666666666666963e+00 -3.377424097339245534e+00
4.583333333333333037e+00 -3.697643672374290258e+00
5.000000000000000000e+00 -4.013058995012182883e+00
5.416666666666666963e+00 -4.323304503607284133e+00
5.833333333333333037e+00 -4.628026834806012069e+00
6.250000000000000000e+00 -4.926884881147862494e+00
6.666666666666666963e+00 -5.219549913642689276e+00
7.083333333333333037e+00 -5.505705678622890176e+00
7.500000000000000000e+00 -5.785048407126643255e+00
7.916666666666666963e+00 -6.057286743535208018e+00
8.333333333333333925e+00 -6.322141624775054147e+00
8.750000000000000000e+00 -6.579346144747559855e+00
9.166666666666666075e+00 -6.828645432045041375e+00
9.583333333333333925e+00 -7.069796548012580395e+00
1.000000000000000000e+01 -7.302568390696811740e+00
1.041666666666666607e+01 -7.526741604399891372e+00
1.083333333333333393e+01 -7.742108502436084727e+00
1.125000000000000000e+01 -7.948473009912409459e+00
1.166666666666666607e+01 -8.145650616380995857e+00
1.208333333333333393e+01 -8.333468338860280156e+00
1.250000000000000000e+01 -8.511764684542985293e+00
1.291666666666666607e+01 -8.680389615311701945e+00
1.333333333333333393e+01 -8.839204493324851697e+00
1.375000000000000000e+01 -8.988082007305683518e+00
1.416666666666666607e+01 -9.126906091527908771e+00
1.458333333333333393e+01 -9.255571824637584655e+00
1.500000000000000000e+01 -9.373985262845838662e+00
1.541666666666666607e+01 -9.482063241669555609e+00
1.583333333333333393e+01 -9.579733146146773848e+00
1.625000000000000000e+01 -9.666932672542666083e+00
1.666666666666666785e+01 -9.743609608591425442e+00
1.708333333333333215e+01 -9.809721659413334294e+00
1.750000000000000000e+01 -9.865236321508922046e+00
1.791666666666666785e+01 -9.910130818400661568e+00
1.833333333333333215e+01 -9.944392107885162702e+00
1.875000000000000000e+01 -9.968016933197962004e+00
1.916666666666666785e+01 -9.981011914350558456e+00
1.958333333333333215e+01 -9.983393687603062006e+00
2.000000000000000000e+01 -9.975189095460546440e+00
2.041666666666666785e+01 -9.956435408932309272e+00
2.083333333333333215e+01 -9.927180532084308950e+00
2.125000000000000000e+01 -9.887483145639144766e+00
2.166666666666666785e+01 -9.837412771010196622e+00
2.208333333333333215e+01 -9.777049741563322627e+00
2.250000000000000000e+01 -9.706485060022002287e+00
2.291666666666666785e+01 -9.625820144709805959e+00
2.333333333333333215e+01 -9.535166514237307211e+00
2.375000000000000000e+01 -9.434645775504019838e+00
2.416666666666666785e+01 -9.324390191575952613e+00
2.458333333333333215e+01 -9.204543040056703873e+00
2.500000000000000000e+01 -9.075257688143711476e+00
2.541666666666666785e+01 -8.936696484530722628e+00
2.583333333333333215e+01 -8.789030430545659911e+00
2.625000000000000000e+01 -8.632439086645398163e+00
2.666666666666666785e+01 -8.467110530195508744e+00
2.708333333333333215e+01 -8.293241220098114042e+00
2.750000000000000000e+01 -8.111035744643135814e+00
2.791666666666666785e+01 -7.920706413324187345e+00
2.833333333333333215e+01 -7.722472563867498252e+00
2.875000000000000000e+01 -7.516559524454374142e+00
2.916666666666666785e+01 -7.303197753264367265e+00
2.958333333333333215e+01 -7.082623940037856336e+00
3.000000000000000000e+01 -6.855084878761216416e+00
3.041666666666666785e+01 -6.620834716686402110e+00
3.083333333333333215e+01 -6.380131874571485007e+00
3.125000000000000000e+01 -6.133237814285554812e+00
3.166666666666666785e+01 -5.880415946966188301e+00
3.208333333333333570e+01 -5.621931448620420824e+00
3.250000000000000000e+01 -5.358051191994360529e+00
3.291666666666666430e+01 -5.089043748532382949e+00
3.333333333333333570e+01 -4.815179390905767853e+00
3.375000000000000000e+01 -4.536730095826748688e+00
3.416666666666666430e+01 -4.253969546609019936e+00
3.458333333333333570e+01 -3.967173135327620059e+00
3.500000000000000000e+01 -3.676617967532405107e+00
3.541666666666666430e+01 -3.382582867029554574e+00
3.583333333333333570e+01 -3.085348380714128869e+00
3.625000000000000000e+01 -2.785196783316199465e+00
3.666666666666666430e+01 -2.482412082510891960e+00
3.708333333333333570e+01 -2.177280024454074869e+00
3.750000000000000000e+01 -1.870088099599772402e+00
3.791666666666666430e+01 -1.561125548738794722e+00
3.833333333333333570e+01 -1.250683369045014315e+00
3.875000000000000000e+01 -9.390543200607192054e-01
3.916666666666666430e+01 -6.265329306698421696e-01
3.958333333333333570e+01 -3.134155060891996025e-01
4.000000000000000000e+01 0.000000000000000000e+00
