0.000000000000000000e+00 0.000000000000000000e+00
4.166666666666666852e-01 -3.735713914969948646e-01
8.333333333333333703e-01 -7.466310016420987239e-01
1.250000000000000000e+00 -1.118676008759714957e+00
1.666666666666666741e+00 -1.489214476991954417e+00
2.083333333333333481e+00 -1.857765588829126902e+00
2.500000000000000000e+00 -2.223859700684621910e+00
2.916666666666666519e+00 -2.587038343355756442e+00
3.333333333333333481e+00 -2.946854250052452606e+00
3.750000000000000000e+00 -3.302871418643220647e+00
4.166666666666666963e+00 -3.654665183806363071e+00
4.583333333333333037e+00 -4.001822289038443614e+00
5.000000000000000000e+00 -4.343940958534176389e+00
5.416666666666666963e+00 -4.680630970420538439e+00
5.833333333333333037e+00 -5.011513734559861710e+00
6.250000000000000000e+00 -5.336222372273407011e+00
6.666666666666666963e+00 -5.654401774657157098e+00
7.083333333333333037e+00 -5.965708594748238447e+00
7.500000000000000000e+00 -6.269811111719954866e+00
7.916666666666666963e+00 -6.566388929996079149e+00
8.333333333333333925e+00 -6.855132643325717368e+00
8.750000000000000000e+00 -7.135744156986550735e+00
9.166666666666666075e+00 -7.407937063384378185e+00
9.583333333333333925e+00 -7.671436854325628829e+00
1.000000000000000000e+01 -7.925981038321420868e+00
1.041666666666666607e+01 -8.171319235678812021e+00
1.083333333333333393e+01 -8.407213259444556996e+00
1.125000000000000000e+01 -8.633437171922107467e+00
1.166666666666666607e+01 -8.849777318993213626e+00
1.208333333333333393e+01 -9.056032355776267195e+00
1.250000000000000000e+01 -9.252013271635018299e+00
1.291666666666666607e+01 -9.437543413975133078e+00
1.333333333333333393e+01 -9.612458506136675851e+00
1.375000000000000000e+01 -9.776606651566769557e+00
1.416666666666666607e+01 -9.929848321029814073e+00
1.458333333333333393e+01 -1.007205632233358017e+01
1.500000000000000000e+01 -1.020311576127048170e+01
1.541666666666666607e+01 -1.032292403454649410e+01
1.583333333333333393e+01 -1.043139094276691203e+01
1.625000000000000000e+01 -1.052843881572219864e+01
1.666666666666666785e+01 -1.061400219193832051e+01
1.708333333333333215e+01 -1.068802787722435532e+01
1.750000000000000000e+01 -1.075047482156764111e+01
1.791666666666666785e+01 -1.080131399470663212e+01
1.833333333333333215e+01 -1.084052827262889807e+01
1.875000000000000000e+01 -1.086811234728636855e+01
1.916666666666666785e+01 -1.088407264917491624e+01
1.958333333333333215e+01 -1.088842726933024352e+01
2.000000000000000000e+01 -1.088120586632807019e+01
2.041666666666666785e+01 -1.086244955141131996e+01
2.083333333333333215e+01 -1.083221075762976326e+01
2.125000000000000000e+01 -1.079055310572577575e+01
2.166666666666666785e+01 -1.073755128274082260e+01
2.208333333333333215e+01 -1.067329094428431446e+01
2.250000000000000000e+01 -1.059786863405269131e+01
2.291666666666666785e+01 -1.051139169925678374e+01
2.333333333333333215e+01 -1.041397817703589013e+01
2.375000000000000000e+01 -1.030575663832342315e+01
2.416666666666666785e+01 -1.018686598750343109e+01
2.458333333333333215e+01 -1.005745525858403155e+01
2.500000000000000000e+01 -9.917683597286718111e+00
2.541666666666666785e+01 -9.767720408701928037e+00
2.583333333333333215e+01 -9.607745205485736406e+00
2.625000000000000000e+01 -9.437946988035426088e+00
2.666666666666666785e+01 -9.258524006413916041e+00
2.708333333333333215e+01 -9.069683650529217545e+00
2.750000000000000000e+01 -8.871642376452173906e+00
2.791666666666666785e+01 -8.664625576376790761e+00
2.833333333333333215e+01 -8.448867360758450573e+00
2.875000000000000000e+01 -8.224610297233253320e+00
2.916666666666666785e+01 -7.992105151544580011e+00
2.958333333333333215e+01 -7.751610680702062162e+00
3.000000000000000000e+01 -7.503393710087162383e+00
3.041666666666666785e+01 -7.247729463610446565e+00
3.083333333333333215e+01 -6.984900482448863634e+00
3.125000000000000000e+01 -6.715195851854888431e+00
3.166666666666666785e+01 -6.438909605967078065e+00
3.208333333333333570e+01 -6.156338050020980113e+00
3.250000000000000000e+01 -5.867779435002369759e+00
3.291666666666666430e+01 -5.573533677403606390e+00
3.333333333333333570e+01 -5.273902362080790773e+00
3.375000000000000000e+01 -4.969188745874305368e+00
3.416666666666666430e+01 -4.659697761799765914e+00
3.458333333333333570e+01 -4.345736023729827480e+00
3.500000000000000000e+01 -4.027611831527651454e+00
3.541666666666666430e+01 -3.705635176612665393e+00
3.583333333333333570e+01 -3.380117747946394413e+00
3.625000000000000000e+01 -3.051372938423646541e+00
3.666666666666666430e+01 -2.719715851654843419e+00
3.708333333333333570e+01 -2.385463309123715625e+00
3.750000000000000000e+01 -2.048933857704021033e+00
3.791666666666666430e+01 -1.710447777517883905e+00
3.833333333333333570e+01 -1.370327090117557711e+00
3.875000000000000000e+01 -1.028895566971731235e+00
3.916666666666666430e+01 -6.864787382361321466e-01
3.958333333333333570e+01 -3.434039017875935018e-01
4.000000000000000000e+01 0.000000000000000000e+00
