0.000000000000000000e+00 0.000000000000000000e+00
4.166666666666666852e-01 -3.655370857546376140e-01
8.333333333333333703e-01 -7.305838909635112843e-01
1.250000000000000000e+00 -1.094658513838606462e+00
1.666666666666666741e+00 -1.457289213347170653e+00
2.083333333333333481e+00 -1.818014613612060737e+00
2.500000000000000000e+00 -2.176383707088376696e+00
2.916666666666666519e+00 -2.531955763475398413e+00
3.333333333333333481e+00 -2.884300262003754334e+00
3.750000000000000000e+00 -3.232996893182320086e+00
4.166666666666666963e+00 -3.577635611314810227e+00
4.583333333333333037e+00 -3.917816712371091192e+00
5.000000000000000000e+00 -4.253150924843505543e+00
5.416666666666666963e+00 -4.583259506027212993e+00
5.833333333333333037e+00 -4.907774337908016982e+00
6.250000000000000000e+00 -5.226338019973747251e+00
6.666666666666666963e+00 -5.538603956031855624e+00
7.083333333333333037e+00 -5.844236426982712729e+00
7.500000000000000000e+00 -6.142910639351411461e+00
7.916666666666666963e+00 -6.434312719737723008e+00
8.333333333333333925e+00 -6.718139618841628469e+00
8.750000000000000000e+00 -6.994099002588523462e+00
9.166666666666666075e+00 -7.261909630701019580e+00
9.583333333333333925e+00 -7.521301593590759893e+00
1.000000000000000000e+01 -7.772016397098533425e+00
1.041666666666666607e+01 -8.013806988274952303e+00
1.083333333333333393e+01 -8.246437777980963446e+00
1.125000000000000000e+01 -8.469684673644756856e+00
1.166666666666666607e+01 -8.683335115070377697e+00
1.208333333333333393e+01 -8.887188108585659663e+00
1.250000000000000000e+01 -9.081054261963071639e+00
1.291666666666666607e+01 -9.264755821349538678e+00
1.333333333333333393e+01 -9.438126709196000164e+00
1.375000000000000000e+01 -9.601012559331834950e+00
1.416666666666666607e+01 -9.753270740361346114e+00
1.458333333333333393e+01 -9.894770365950446234e+00
1.500000000000000000e+01 -1.002539231612930770e+01
1.541666666666666607e+01 -1.014502937345821287e+01
1.583333333333333393e+01 -1.025358651560344647e+01
1.625000000000000000e+01 -1.035098088275364603e+01
1.666666666666666785e+01 -1.043714153979124859e+01
1.708333333333333215e+01 -1.051200931086244772e+01
1.750000000000000000e+01 -1.057553669124957096e+01
1.791666666666666785e+01 -1.062768777701908895e+01
1.833333333333333215e+01 -1.066843818724482951e+01
1.875000000000000000e+01 -1.069777498298009100e+01
1.916666666666666785e+01 -1.071569660002048074e+01
1.958333333333333215e+01 -1.072221279497902025e+01
2.000000000000000000e+01 -1.071734458970561477e+01
2.041666666666666785e+01 -1.070112420085309068e+01
2.083333333333333215e+01 -1.067359494729873859e+01
2.125000000000000000e+01 -1.063481113894681762e+01
2.166666666666666785e+01 -1.058483796761479745e+01
2.208333333333333215e+01 -1.052375142069734970e+01
2.250000000000000000e+01 -1.045163822332742143e+01
2.291666666666666785e+01 -1.036859580135260117e+01
2.333333333333333215e+01 -1.027473224872114699e+01
2.375000000000000000e+01 -1.017016626403195190e+01
2.416666666666666785e+01 -1.005502700307677166e+01
2.458333333333333215e+01 -9.929453821924619561e+00
2.500000000000000000e+01 -9.793596004762774143e+00
2.541666666666666785e+01 -9.647612116750670097e+00
2.583333333333333215e+01 -9.491670807386043407e+00
2.625000000000000000e+01 -9.325950288673174882e+00
2.666666666666666785e+01 -9.150638115837432807e+00
2.708333333333333215e+01 -8.965930915223724540e+00
2.750000000000000000e+01 -8.772034145569433505e+00
2.791666666666666785e+01 -8.569161914135767333e+00
2.833333333333333215e+01 -8.357536924283705204e+00
2.875000000000000000e+01 -8.137390497296218328e+00
2.916666666666666785e+01 -7.908962453530275383e+00
2.958333333333333215e+01 -7.672500777733250565e+00
3.000000000000000000e+01 -7.428261601218974164e+00
3.041666666666666785e+01 -7.176509992261973281e+00
3.083333333333333215e+01 -6.917519484853532852e+00
3.125000000000000000e+01 -6.651571046768412820e+00
3.166666666666666785e+01 -6.378952588134305657e+00
3.208333333333333570e+01 -6.099958498564135745e+00
3.250000000000000000e+01 -5.814888763814974659e+00
3.291666666666666430e+01 -5.524047378128201125e+00
3.333333333333333570e+01 -5.227740488114055672e+00
3.375000000000000000e+01 -4.926276070754832759e+00
3.416666666666666430e+01 -4.619963776260849642e+00
3.458333333333333570e+01 -4.309114932864059000e+00
3.500000000000000000e+01 -3.994042552072801122e+00
3.541666666666666430e+01 -3.675061334374577271e+00
3.583333333333333570e+01 -3.352487675372799902e+00
3.625000000000000000e+01 -3.026639672342949172e+00
3.666666666666666430e+01 -2.697837131192388327e+00
3.708333333333333570e+01 -2.366401573807318304e+00
3.750000000000000000e+01 -2.032656245769735470e+00
3.791666666666666430e+01 -1.696926124425828686e+00
3.833333333333333570e+01 -1.359537927287171932e+00
3.875000000000000000e+01 -1.020820120743973547e+00
3.916666666666666430e+01 -6.811029290699041061e-01
3.958333333333333570e+01 -3.407183436963070466e-01
4.000000000000000000e+01 0.000000000000000000e+00
