0.000000000000000000e+00 0.000000000000000000e+00
4.166666666666666852e-01 -3.816480618959380844e-01
8.333333333333333703e-01 -7.627526319121731291e-01
1.250000000000000000e+00 -1.142781552160976322e+00
1.666666666666666741e+00 -1.521215274999997868e+00
2.083333333333333481e+00 -1.897546416334464192e+00
2.500000000000000000e+00 -2.271279911610079694e+00
2.916666666666666519e+00 -2.641933342078545799e+00
3.333333333333333481e+00 -3.009037155165477095e+00
3.750000000000000000e+00 -3.372134773048337308e+00
4.166666666666666963e+00 -3.730782666970336336e+00
4.583333333333333037e+00 -4.084550421107929985e+00
5.000000000000000000e+00 -4.433020781731947579e+00
5.416666666666666963e+00 -4.775789682074218945e+00
5.833333333333333037e+00 -5.112466250007578594e+00
6.250000000000000000e+00 -5.442672876809837135e+00
6.666666666666666963e+00 -5.766045526677470612e+00
7.083333333333333037e+00 -6.082234312027623879e+00
7.500000000000000000e+00 -6.390903747790620315e+00
7.916666666666666963e+00 -6.691730854094884329e+00
8.333333333333333925e+00 -6.984405709524936334e+00
8.750000000000000000e+00 -7.268631612246631235e+00
9.166666666666666075e+00 -7.544125117408581715e+00
9.583333333333333925e+00 -7.810616054813412035e+00
1.000000000000000000e+01 -8.067847525835482259e+00
1.041666666666666607e+01 -8.315575904864767054e+00
1.083333333333333393e+01 -8.553570840915579510e+00
1.125000000000000000e+01 -8.781615261706740228e+00
1.166666666666666607e+01 -8.999505378541298839e+00
1.208333333333333393e+01 -9.207050681239387302e+00
1.250000000000000000e+01 -9.404073914320983718e+00
1.291666666666666607e+01 -9.590411034307539495e+00
1.333333333333333393e+01 -9.765911152663802497e+00
1.375000000000000000e+01 -9.930436479551435269e+00
1.416666666666666607e+01 -1.008386231003426303e+01
1.458333333333333393e+01 -1.022607709822845834e+01
1.500000000000000000e+01 -1.035698260730443288e+01
1.541666666666666607e+01 -1.047649398365985896e+01
1.583333333333333393e+01 -1.058453961178759428e+01
1.625000000000000000e+01 -1.068106028811878261e+01
1.666666666666666785e+01 -1.076600706388253670e+01
1.708333333333333215e+01 -1.083933858699448116e+01
1.750000000000000000e+01 -1.090102273024441892e+01
1.791666666666666785e+01 -1.095103840682219243e+01
1.833333333333333215e+01 -1.098937618288555740e+01
1.875000000000000000e+01 -1.101603822739957117e+01
1.916666666666666785e+01 -1.103103808748328696e+01
1.958333333333333215e+01 -1.103440047709714200e+01
2.000000000000000000e+01 -1.102616110956962459e+01
2.041666666666666785e+01 -1.100636656844892691e+01
2.083333333333333215e+01 -1.097507420263593581e+01
2.125000000000000000e+01 -1.093235202024052022e+01
2.166666666666666785e+01 -1.087827855879174521e+01
2.208333333333333215e+01 -1.081294271060625078e+01
2.250000000000000000e+01 -1.073644346827961193e+01
2.291666666666666785e+01 -1.064888956305537171e+01
2.333333333333333215e+01 -1.055039902062757839e+01
2.375000000000000000e+01 -1.044109874344187716e+01
2.416666666666666785e+01 -1.032112428160466777e+01
2.458333333333333215e+01 -1.019061986603923486e+01
2.500000000000000000e+01 -1.004973824379719893e+01
2.541666666666666785e+01 -9.898638922720442324e+00
2.583333333333333215e+01 -9.737485323301708462e+00
2.625000000000000000e+01 -9.566448499784742765e+00
2.666666666666666785e+01 -9.385709258351758066e+00
2.708333333333333215e+01 -9.195458666340229570e+00
2.750000000000000000e+01 -8.995897736268551270e+00
2.791666666666666785e+01 -8.787236940665174245e+00
2.833333333333333215e+01 -8.569695869274612576e+00
2.875000000000000000e+01 -8.343503141190954153e+00
2.916666666666666785e+01 -8.108896673866007987e+00
2.958333333333333215e+01 -7.866124373424042915e+00
3.000000000000000000e+01 -7.615444708145723496e+00
3.041666666666666785e+01 -7.357125349753594001e+00
3.083333333333333215e+01 -7.091438587101557722e+00
3.125000000000000000e+01 -6.818663068229283475e+00
3.166666666666666785e+01 -6.539085023357215753e+00
3.208333333333333570e+01 -6.252998372320854870e+00
3.250000000000000000e+01 -5.960704094920880713e+00
3.291666666666666430e+01 -5.662508417437047470e+00
3.333333333333333570e+01 -5.358721688937822414e+00
3.375000000000000000e+01 -5.049657494059193397e+00
3.416666666666666430e+01 -4.735632119454014521e+00
3.458333333333333570e+01 -4.416964163487964612e+00
3.500000000000000000e+01 -4.093974177506956025e+00
3.541666666666666430e+01 -3.766984451880669660e+00
3.583333333333333570e+01 -3.436318983775529912e+00
3.625000000000000000e+01 -3.102303465589462572e+00
3.666666666666666430e+01 -2.765265292355167936e+00
3.708333333333333570e+01 -2.425533569553713242e+00
3.750000000000000000e+01 -2.083439121319293985e+00
3.791666666666666430e+01 -1.739314499015866655e+00
3.833333333333333570e+01 -1.393493990164524021e+00
3.875000000000000000e+01 -1.046313627700458770e+00
3.916666666666666430e+01 -6.981111995366059420e-01
3.958333333333333570e+01 -3.492262584106226586e-01
4.000000000000000000e+01 0.000000000000000000e+00
