0.000000000000000000e+00 0.000000000000000000e+00
4.166666666666666852e-01 -4.411886715448498641e-01
8.333333333333333703e-01 -8.818585318416138907e-01
1.250000000000000000e+00 -1.321495745742556682e+00
1.666666666666666741e+00 -1.759594641455943798e+00
2.083333333333333481e+00 -2.195657890522105582e+00
2.500000000000000000e+00 -2.629196267916276142e+00
2.916666666666666519e+00 -3.059728421241795893e+00
3.333333333333333481e+00 -3.486780720978079451e+00
3.750000000000000000e+00 -3.909887576390988162e+00
4.166666666666666963e+00 -4.328591575470539965e+00
4.583333333333333037e+00 -4.742443607371775727e+00
5.000000000000000000e+00 -5.151003019298141972e+00
5.416666666666666963e+00 -5.553837794167558961e+00
5.833333333333333037e+00 -5.950524737727460156e+00
6.250000000000000000e+00 -6.340649672067625531e+00
6.666666666666666963e+00 -6.723807630023133086e+00
7.083333333333333037e+00 -7.099603009438373746e+00
7.500000000000000000e+00 -7.467649652990122178e+00
7.916666666666666963e+00 -7.827570959749756696e+00
8.333333333333333925e+00 -8.179000101867153205e+00
8.750000000000000000e+00 -8.521580566370639431e+00
9.166666666666666075e+00 -8.854966260946875778e+00
9.583333333333333925e+00 -9.178821535295501377e+00
1.000000000000000000e+01 -9.492821298911598760e+00
1.041666666666666607e+01 -9.796651159319829105e+00
1.083333333333333393e+01 -1.009000755809874939e+01
1.125000000000000000e+01 -1.037259789849802871e+01
1.166666666666666607e+01 -1.064414066608559928e+01
1.208333333333333393e+01 -1.090436554426875126e+01
1.250000000000000000e+01 -1.115301352859318484e+01
1.291666666666666607e+01 -1.138983704561393573e+01
1.333333333333333393e+01 -1.161460008063763816e+01
1.375000000000000000e+01 -1.182707831419531708e+01
1.416666666666666607e+01 -1.202705926826155647e+01
1.458333333333333393e+01 -1.221434247659150429e+01
1.500000000000000000e+01 -1.238873973636208525e+01
1.541666666666666607e+01 -1.255007553104961104e+01
1.583333333333333393e+01 -1.269818743833305597e+01
1.625000000000000000e+01 -1.283292572788398367e+01
1.666666666666666785e+01 -1.295415355234153232e+01
1.708333333333333215e+01 -1.306174697497859505e+01
1.750000000000000000e+01 -1.315559497340019490e+01
1.791666666666666785e+01 -1.323559950366349902e+01
1.833333333333333215e+01 -1.330167565185505474e+01
1.875000000000000000e+01 -1.335375184960158812e+01
1.916666666666666785e+01 -1.339177008519112633e+01
1.958333333333333215e+01 -1.341568607486451725e+01
2.000000000000000000e+01 -1.342546937389175987e+01
2.041666666666666785e+01 -1.342110351935876267e+01
2.083333333333333215e+01 -1.340258596808076419e+01
2.125000000000000000e+01 -1.336992794738028145e+01
2.166666666666666785e+01 -1.332315436600685921e+01
2.208333333333333215e+01 -1.326230364259294348e+01
2.250000000000000000e+01 -1.318742759076871884e+01
2.291666666666666785e+01 -1.309859134814044523e+01
2.333333333333333215e+01 -1.299587339391275265e+01
2.375000000000000000e+01 -1.287936570650994206e+01
2.416666666666666785e+01 -1.274917396970599448e+01
2.458333333333333215e+01 -1.260541773033691193e+01
2.500000000000000000e+01 -1.244823018786087587e+01
2.541666666666666785e+01 -1.227775713422740367e+01
2.583333333333333215e+01 -1.209415586412607979e+01
2.625000000000000000e+01 -1.189759599593736539e+01
2.666666666666666785e+01 -1.168826026599900203e+01
2.708333333333333215e+01 -1.146634475858364510e+01
2.750000000000000000e+01 -1.123205885027974915e+01
2.791666666666666785e+01 -1.098562509445714497e+01
2.833333333333333215e+01 -1.072727911405141299e+01
2.875000000000000000e+01 -1.045726950172032232e+01
2.916666666666666785e+01 -1.017585771386184312e+01
2.958333333333333215e+01 -9.883317951213914654e+00
3.000000000000000000e+01 -9.579937029409654414e+00
3.041666666666666785e+01 -9.266014258253981950e+00
3.083333333333333215e+01 -8.941861365818926544e+00
3.125000000000000000e+01 -8.607802518162202432e+00
3.166666666666666785e+01 -8.264174476216679111e+00
3.208333333333333570e+01 -7.911326810034214674e+00
3.250000000000000000e+01 -7.549621731576767303e+00
3.291666666666666430e+01 -7.179432840078696643e+00
3.333333333333333570e+01 -6.801141475180836338e+00
3.375000000000000000e+01 -6.415139944688602824e+00
3.416666666666666430e+01 -6.021831724842689582e+00
3.458333333333333570e+01 -5.621631688893037548e+00
3.500000000000000000e+01 -5.214965791353473712e+00
3.541666666666666430e+01 -4.802270775519291490e+00
3.583333333333333570e+01 -4.383993959613492031e+00
3.625000000000000000e+01 -3.960593100501723640e+00
3.666666666666666430e+01 -3.532536344439507037e+00
3.708333333333333570e+01 -3.100302248562810892e+00
3.750000000000000000e+01 -2.664379782373389904e+00
3.791666666666666430e+01 -2.225268087874095801e+00
3.833333333333333570e+01 -1.783475755695665965e+00
3.875000000000000000e+01 -1.339520587007418717e+00
3.916666666666666430e+01 -8.939299494252308520e-01
3.958333333333333570e+01 -4.472409589838465815e-01
4.000000000000000000e+01 0.000000000000000000e+00
