0.000000000000000000e+00 0.000000000000000000e+00
4.166666666666666852e-01 -3.713402011607532249e-01
8.333333333333333703e-01 -7.421719724735073020e-01
1.250000000000000000e+00 -1.111997037315126002e+00
1.666666666666666741e+00 -1.480328692764470988e+00
2.083333333333333481e+00 -1.846691451424941732e+00
2.500000000000000000e+00 -2.210621055978210237e+00
2.916666666666666519e+00 -2.571664627164376604e+00
3.333333333333333481e+00 -2.929380820672756069e+00
3.750000000000000000e+00 -3.283339952640629722e+00
4.166666666666666963e+00 -3.633124097229067484e+00
4.583333333333333037e+00 -3.978327168254365720e+00
5.000000000000000000e+00 -4.318554991806076160e+00
5.416666666666666963e+00 -4.653425371721416681e+00
5.833333333333333037e+00 -4.982568148701443711e+00
6.250000000000000000e+00 -5.305625251015481325e+00
6.666666666666666963e+00 -5.622250737183001057e+00
7.083333333333333037e+00 -5.932110847911361340e+00
7.500000000000000000e+00 -6.234884100063697865e+00
7.916666666666666963e+00 -6.530261326820757439e+00
8.333333333333333925e+00 -6.817945238801630836e+00
8.750000000000000000e+00 -7.097648554557922651e+00
9.166666666666666075e+00 -7.369094354742875552e+00
9.583333333333333925e+00 -7.632016716550560353e+00
1.000000000000000000e+01 -7.886161029216616214e+00
1.041666666666666607e+01 -8.131284145705327759e+00
1.083333333333333393e+01 -8.367154396463890365e+00
1.125000000000000000e+01 -8.593551620068286212e+00
1.166666666666666607e+01 -8.810267220989270953e+00
1.208333333333333393e+01 -9.017104201955703502e+00
1.250000000000000000e+01 -9.213877155395341134e+00
1.291666666666666607e+01 -9.400412222863508305e+00
1.333333333333333393e+01 -9.576547058150129743e+00
1.375000000000000000e+01 -9.742130836828509999e+00
1.416666666666666607e+01 -9.897024395677377129e+00
1.458333333333333393e+01 -1.004110050310090330e+01
1.500000000000000000e+01 -1.017424393973265850e+01
1.541666666666666607e+01 -1.029635084492279695e+01
1.583333333333333393e+01 -1.040732780720269801e+01
1.625000000000000000e+01 -1.050709089093059312e+01
1.666666666666666785e+01 -1.059556722648758331e+01
1.708333333333333215e+01 -1.067269545733556591e+01
1.750000000000000000e+01 -1.073842561438913812e+01
1.791666666666666785e+01 -1.079271888254580247e+01
1.833333333333333215e+01 -1.083554741189967707e+01
1.875000000000000000e+01 -1.086689417933730084e+01
1.916666666666666785e+01 -1.088675288426990129e+01
1.958333333333333215e+01 -1.089512785362974157e+01
2.000000000000000000e+01 -1.089203394523785917e+01
2.041666666666666785e+01 -1.087749647788357699e+01
2.083333333333333215e+01 -1.085155123264997989e+01
2.125000000000000000e+01 -1.081424450152437977e+01
2.166666666666666785e+01 -1.076563310141310659e+01
2.208333333333333215e+01 -1.070578431617092718e+01
2.250000000000000000e+01 -1.063477578361637121e+01
2.291666666666666785e+01 -1.055269536327540436e+01
2.333333333333333215e+01 -1.045964104360233549e+01
2.375000000000000000e+01 -1.035572096060434966e+01
2.416666666666666785e+01 -1.024105357124302174e+01
2.458333333333333215e+01 -1.011576780534710274e+01
2.500000000000000000e+01 -9.980002373637729463e+00
2.541666666666666785e+01 -9.833903623117841164e+00
2.583333333333333215e+01 -9.677626515259536433e+00
2.625000000000000000e+01 -9.511336005184848119e+00
2.666666666666666785e+01 -9.335207315893191193e+00
2.708333333333333215e+01 -9.149425710378949361e+00
2.750000000000000000e+01 -8.954186067949372330e+00
2.791666666666666785e+01 -8.749692501931562560e+00
2.833333333333333215e+01 -8.536158090847061786e+00
2.875000000000000000e+01 -8.313804737212553420e+00
2.916666666666666785e+01 -8.082863166147131295e+00
2.958333333333333215e+01 -7.843573016883038207e+00
3.000000000000000000e+01 -7.596182759651608052e+00
3.041666666666666785e+01 -7.340948888011962659e+00
3.083333333333333215e+01 -7.078134041875040694e+00
3.125000000000000000e+01 -6.808009334131926771e+00
3.166666666666666785e+01 -6.530854250830164354e+00
3.208333333333333570e+01 -6.246956599197796223e+00
3.250000000000000000e+01 -5.956612281687377219e+00
3.291666666666666430e+01 -5.660125093311496158e+00
3.333333333333333570e+01 -5.357806455964834846e+00
3.375000000000000000e+01 -5.049975211940109787e+00
3.416666666666666430e+01 -4.736957190981041066e+00
3.458333333333333570e+01 -4.419084103109135242e+00
3.500000000000000000e+01 -4.096691289396246383e+00
3.541666666666666430e+01 -3.770116183221039918e+00
3.583333333333333570e+01 -3.439698033028616653e+00
3.625000000000000000e+01 -3.105777772836235684e+00
3.666666666666666430e+01 -2.768698030345067007e+00
3.708333333333333570e+01 -2.428803135505904098e+00
3.750000000000000000e+01 -2.086439129516785673e+00
3.791666666666666430e+01 -1.741953774229730856e+00
3.833333333333333570e+01 -1.395696561942215252e+00
3.875000000000000000e+01 -1.048018725548405250e+00
3.916666666666666430e+01 -6.992732490248778632e-01
3.958333333333333570e+01 -3.498148782228820419e-01
4.000000000000000000e+01 0.000000000000000000e+00
