0.000000000000000000e+00 0.000000000000000000e+00
4.166666666666666852e-01 -3.716069929902404145e-01
8.333333333333333703e-01 -7.427060180603101136e-01
1.250000000000000000e+00 -1.112798418680363000e+00
1.666666666666666741e+00 -1.481396447848566611e+00
2.083333333333333481e+00 -1.848023257783378837e+00
2.500000000000000000e+00 -2.212212967724231483e+00
2.916666666666666519e+00 -2.573510757696058082e+00
3.333333333333333481e+00 -2.931472966219093035e+00
3.750000000000000000e+00 -3.285667182832793021e+00
4.166666666666666963e+00 -3.635672333156211522e+00
4.583333333333333037e+00 -3.981078758529563721e+00
5.000000000000000000e+00 -4.321488290736332338e+00
5.416666666666666963e+00 -4.656514318648238060e+00
5.833333333333333037e+00 -4.985781841555658289e+00
6.250000000000000000e+00 -5.308927502515172314e+00
6.666666666666666963e+00 -5.625599596876362796e+00
7.083333333333333037e+00 -5.935458064453216664e+00
7.500000000000000000e+00 -6.238174502461620641e+00
7.916666666666666963e+00 -6.533432180907126074e+00
8.333333333333333925e+00 -6.820925815517080437e+00
8.750000000000000000e+00 -7.100360329669395121e+00
9.166666666666666075e+00 -7.371451847181262451e+00
9.583333333333333925e+00 -7.633928141893149721e+00
1.000000000000000000e+01 -7.887528788610413066e+00
1.041666666666666607e+01 -8.132005226884002624e+00
1.083333333333333393e+01 -8.367120800573102812e+00
1.125000000000000000e+01 -8.592650800892878138e+00
1.166666666666666607e+01 -8.808382502745159215e+00
1.208333333333333393e+01 -9.014115189932647709e+00
1.250000000000000000e+01 -9.209660171411938379e+00
1.291666666666666607e+01 -9.394840794257572014e+00
1.333333333333333393e+01 -9.569492456714648654e+00
1.375000000000000000e+01 -9.733462627388355770e+00
1.416666666666666607e+01 -9.886610883290881446e+00
1.458333333333333393e+01 -1.002880898197090787e+01
1.500000000000000000e+01 -1.015994096097351473e+01
1.541666666666666607e+01 -1.027990317503179440e+01
1.583333333333333393e+01 -1.038860407579144685e+01
1.625000000000000000e+01 -1.048596375891021637e+01
1.666666666666666785e+01 -1.057191425966376030e+01
1.708333333333333215e+01 -1.064639979352437571e+01
1.750000000000000000e+01 -1.070937673593131834e+01
1.791666666666666785e+01 -1.076081348828659578e+01
1.833333333333333215e+01 -1.080069031168210181e+01
1.875000000000000000e+01 -1.082899917232800924e+01
1.916666666666666785e+01 -1.084574360997248554e+01
1.958333333333333215e+01 -1.085093861992967490e+01
2.000000000000000000e+01 -1.084461054220648002e+01
2.041666666666666785e+01 -1.082679695943511256e+01
2.083333333333333215e+01 -1.079754660053319171e+01
2.125000000000000000e+01 -1.075691924656866227e+01
2.166666666666666785e+01 -1.070498563558875560e+01
2.208333333333333215e+01 -1.064182736994572487e+01
2.250000000000000000e+01 -1.056753683418404322e+01
2.291666666666666785e+01 -1.048221712643906223e+01
2.333333333333333215e+01 -1.038598199212949069e+01
2.375000000000000000e+01 -1.027895574864926509e+01
2.416666666666666785e+01 -1.016127320176998694e+01
2.458333333333333215e+01 -1.003307953454146961e+01
2.500000000000000000e+01 -9.894530078572833176e+00
2.541666666666666785e+01 -9.745789859466258420e+00
2.583333333333333215e+01 -9.587033624694159428e+00
2.625000000000000000e+01 -9.418445796823808891e+00
2.666666666666666785e+01 -9.240220320401498100e+00
2.708333333333333215e+01 -9.052560428143779703e+00
2.750000000000000000e+01 -8.855678429820018849e+00
2.791666666666666785e+01 -8.649795549589631705e+00
2.833333333333333215e+01 -8.435141755679719466e+00
2.875000000000000000e+01 -8.211955536252997234e+00
2.916666666666666785e+01 -7.980483676216159061e+00
2.958333333333333215e+01 -7.740981111657993630e+00
3.000000000000000000e+01 -7.493710814088965222e+00
3.041666666666666785e+01 -7.238943633615900097e+00
3.083333333333333215e+01 -6.976957924318621274e+00
3.125000000000000000e+01 -6.708039444613435265e+00
3.166666666666666785e+01 -6.432480861826022966e+00
3.208333333333333570e+01 -6.150580560883629033e+00
3.250000000000000000e+01 -5.862639304567219156e+00
3.291666666666666430e+01 -5.568959866040436246e+00
3.333333333333333570e+01 -5.269846683700847301e+00
3.375000000000000000e+01 -4.965605865029584898e+00
3.416666666666666430e+01 -4.656545190925118760e+00
3.458333333333333570e+01 -4.342974120505897595e+00
3.500000000000000000e+01 -4.025203796369125619e+00
3.541666666666666430e+01 -3.703547050291643217e+00
3.583333333333333570e+01 -3.378318409360456798e+00
3.625000000000000000e+01 -3.049834102517250844e+00
3.666666666666666430e+01 -2.718412067502510965e+00
3.708333333333333570e+01 -2.384371958182685436e+00
3.750000000000000000e+01 -2.048035152243585344e+00
3.791666666666666430e+01 -1.709724759231923130e+00
3.833333333333333570e+01 -1.369765628926380652e+00
3.875000000000000000e+01 -1.028484360018540267e+00
3.916666666666666430e+01 -6.862093090829343156e-01
3.958333333333333570e+01 -3.432705998145129112e-01
4.000000000000000000e+01 0.000000000000000000e+00
