0.000000000000000000e+00 0.000000000000000000e+00
4.166666666666666852e-01 -3.921937516170558302e-01
8.333333333333333703e-01 -7.837657190898120740e-01
1.250000000000000000e+00 -1.174109740396129142e+00
1.666666666666666741e+00 -1.562637503103071257e+00
2.083333333333333481e+00 -1.948778262466189348e+00
2.500000000000000000e+00 -2.331978879929037518e+00
2.916666666666666519e+00 -2.711703735275237115e+00
3.333333333333333481e+00 -3.087434507370081072e+00
3.750000000000000000e+00 -3.458669926057760247e+00
4.166666666666666963e+00 -3.824925571073277908e+00
4.583333333333333037e+00 -4.185733690322572365e+00
5.000000000000000000e+00 -4.540643011740703727e+00
5.416666666666666963e+00 -4.889218729140988096e+00
5.833333333333333037e+00 -5.231042971705992528e+00
6.250000000000000000e+00 -5.565715787798946934e+00
6.666666666666666963e+00 -5.892855962786342161e+00
7.083333333333333037e+00 -6.212098780749409244e+00
7.500000000000000000e+00 -6.523096250304156740e+00
7.916666666666666963e+00 -6.825518478162502234e+00
8.333333333333333925e+00 -7.119053953688220027e+00
8.750000000000000000e+00 -7.403409474442480764e+00
9.166666666666666075e+00 -7.678309828755010003e+00
9.583333333333333925e+00 -7.943497503279397520e+00
1.000000000000000000e+01 -8.198732673475157995e+00
1.041666666666666607e+01 -8.443793099550907399e+00
1.083333333333333393e+01 -8.678473766344358964e+00
1.125000000000000000e+01 -8.902586435332048964e+00
1.166666666666666607e+01 -9.115959072842899857e+00
1.208333333333333393e+01 -9.318435061425313748e+00
1.250000000000000000e+01 -9.509872322064660821e+00
1.291666666666666607e+01 -9.690142620039022603e+00
1.333333333333333393e+01 -9.859131314370436883e+00
1.375000000000000000e+01 -1.001673731720746119e+01
1.416666666666666607e+01 -1.016287238356665412e+01
1.458333333333333393e+01 -1.029746056774681939e+01
1.500000000000000000e+01 -1.042043829137726441e+01
1.541666666666666607e+01 -1.053175450229372601e+01
1.583333333333333393e+01 -1.063137097495507355e+01
1.625000000000000000e+01 -1.071926159669373568e+01
1.666666666666666785e+01 -1.079541068768408252e+01
1.708333333333333215e+01 -1.085980904718736717e+01
1.750000000000000000e+01 -1.091245224734932684e+01
1.791666666666666785e+01 -1.095334318323078016e+01
1.833333333333333215e+01 -1.098249722107728665e+01
1.875000000000000000e+01 -1.099994354478697289e+01
1.916666666666666785e+01 -1.100572435751555744e+01
1.958333333333333215e+01 -1.099989369466965528e+01
2.000000000000000000e+01 -1.098251645011710309e+01
2.041666666666666785e+01 -1.095366770898979780e+01
2.083333333333333215e+01 -1.091343233467680740e+01
2.125000000000000000e+01 -1.086190477835408785e+01
2.166666666666666785e+01 -1.079918907284598362e+01
2.208333333333333215e+01 -1.072539900794274459e+01
2.250000000000000000e+01 -1.064065845404650368e+01
2.291666666666666785e+01 -1.054510178310165536e+01
2.333333333333333215e+01 -1.043887424804593422e+01
2.375000000000000000e+01 -1.032213254901185095e+01
2.416666666666666785e+01 -1.019504520819694093e+01
2.458333333333333215e+01 -1.005779184183374930e+01
2.500000000000000000e+01 -9.910560121157153901e+00
2.541666666666666785e+01 -9.753541771807091365e+00
2.583333333333333215e+01 -9.586933385568718435e+00
2.625000000000000000e+01 -9.410942695500363442e+00
2.666666666666666785e+01 -9.225788322843365918e+00
2.708333333333333215e+01 -9.031697774563582470e+00
2.750000000000000000e+01 -8.828905307908311073e+00
2.791666666666666785e+01 -8.617650447686584059e+00
2.833333333333333215e+01 -8.398177252112958513e+00
2.875000000000000000e+01 -8.170733981695143200e+00
2.916666666666666785e+01 -7.935572801881951577e+00
2.958333333333333215e+01 -7.692949187462560623e+00
3.000000000000000000e+01 -7.443120996054566341e+00
3.041666666666666785e+01 -7.186348140989812450e+00
3.083333333333333215e+01 -6.922893273355610333e+00
3.125000000000000000e+01 -6.653022312096104507e+00
3.166666666666666785e+01 -6.377004043348510898e+00
3.208333333333333570e+01 -6.095109931415498394e+00
3.250000000000000000e+01 -5.807613910002483060e+00
3.291666666666666430e+01 -5.514792302765904708e+00
3.333333333333333570e+01 -5.216923827402529135e+00
3.375000000000000000e+01 -4.914289569916920009e+00
3.416666666666666430e+01 -4.607172712711703255e+00
3.458333333333333570e+01 -4.295857953639698579e+00
3.500000000000000000e+01 -3.980631838269222733e+00
3.541666666666666430e+01 -3.661782971443494628e+00
3.583333333333333570e+01 -3.339602124628314073e+00
3.625000000000000000e+01 -3.014382180873922845e+00
3.666666666666666430e+01 -2.686418104904687798e+00
3.708333333333333570e+01 -2.356006967187638246e+00
3.750000000000000000e+01 -2.023447968024881138e+00
3.791666666666666430e+01 -1.689042442738326377e+00
3.833333333333333570e+01 -1.353093765954726635e+00
3.875000000000000000e+01 -1.015907131127429475e+00
3.916666666666666430e+01 -6.777896438792182510e-01
3.958333333333333570e+01 -3.390503302553174447e-01
4.000000000000000000e+01 0.000000000000000000e+00
