0.000000000000000000e+00 0.000000000000000000e+00
4.166666666666666852e-01 -3.457390071591066594e-01
8.333333333333333703e-01 -6.909586152247513269e-01
1.250000000000000000e+00 -1.035149264667107438e+00
1.666666666666666741e+00 -1.377814769527246463e+00
2.083333333333333481e+00 -1.718473130225676604e+00
2.500000000000000000e+00 -2.056656307992072552e+00
2.916666666666666519e+00 -2.391909976681595662e+00
3.333333333333333481e+00 -2.723793523458781340e+00
3.750000000000000000e+00 -3.051880186499114078e+00
4.166666666666666963e+00 -3.375757237800859123e+00
4.583333333333333037e+00 -3.695026119129897868e+00
5.000000000000000000e+00 -4.009302489253494528e+00
5.416666666666666963e+00 -4.318216280372347171e+00
5.833333333333333037e+00 -4.621411822016267656e+00
6.250000000000000000e+00 -4.918547909857262646e+00
6.666666666666666963e+00 -5.209297685934014766e+00
7.083333333333333037e+00 -5.493348295414185678e+00
7.500000000000000000e+00 -5.770400456600479622e+00
7.916666666666666963e+00 -6.040168029858763887e+00
8.333333333333333925e+00 -6.302377612047259881e+00
8.750000000000000000e+00 -6.556768184914508524e+00
9.166666666666666075e+00 -6.803090933497561110e+00
9.583333333333333925e+00 -7.041109235457174265e+00
1.000000000000000000e+01 -7.270598670375802541e+00
1.041666666666666607e+01 -7.491347005364232814e+00
1.083333333333333393e+01 -7.703154142580562080e+00
1.125000000000000000e+01 -7.905832049692470775e+00
1.166666666666666607e+01 -8.099204628832143982e+00
1.208333333333333393e+01 -8.283107579150103206e+00
1.250000000000000000e+01 -8.457388252063738676e+00
1.291666666666666607e+01 -8.621905567135531356e+00
1.333333333333333393e+01 -8.776529868610202456e+00
1.375000000000000000e+01 -8.921142736962160313e+00
1.416666666666666607e+01 -9.055636818304760638e+00
1.458333333333333393e+01 -9.179915683914114055e+00
1.500000000000000000e+01 -9.293893563156457205e+00
1.541666666666666607e+01 -9.397495193896864052e+00
1.583333333333333393e+01 -9.490655655972906501e+00
1.625000000000000000e+01 -9.573320218076794674e+00
1.666666666666666785e+01 -9.645444253686193292e+00
1.708333333333333215e+01 -9.706993366406971191e+00
1.750000000000000000e+01 -9.757943629265772856e+00
1.791666666666666785e+01 -9.798281851770619610e+00
1.833333333333333215e+01 -9.828005908998047602e+00
1.875000000000000000e+01 -9.847125006191765451e+00
1.916666666666666785e+01 -9.855659862659958748e+00
1.958333333333333215e+01 -9.853642827122129688e+00
2.000000000000000000e+01 -9.841117938334869919e+00
2.041666666666666785e+01 -9.818140954320776714e+00
2.083333333333333215e+01 -9.784779365053598355e+00
2.125000000000000000e+01 -9.741112407629554326e+00
2.166666666666666785e+01 -9.687231067627603665e+00
2.208333333333333215e+01 -9.623237964333638317e+00
2.250000000000000000e+01 -9.549247058052527493e+00
2.291666666666666785e+01 -9.465383117364348564e+00
2.333333333333333215e+01 -9.371780891859540219e+00
2.375000000000000000e+01 -9.268584148309338744e+00
2.416666666666666785e+01 -9.155945048935221209e+00
2.458333333333333215e+01 -9.034026078450235531e+00
2.500000000000000000e+01 -8.902998671162162481e+00
2.541666666666666785e+01 -8.763042415616038028e+00
2.583333333333333215e+01 -8.614344708233717895e+00
2.625000000000000000e+01 -8.457100512129549941e+00
2.666666666666666785e+01 -8.291512061730200500e+00
2.708333333333333215e+01 -8.117788459734411433e+00
2.750000000000000000e+01 -7.936145213023960920e+00
2.791666666666666785e+01 -7.746803691914111667e+00
2.833333333333333215e+01 -7.549990473951023517e+00
2.875000000000000000e+01 -7.345936542492077059e+00
2.916666666666666785e+01 -7.134876357202254660e+00
2.958333333333333215e+01 -6.917046833621942170e+00
3.000000000000000000e+01 -6.692686743924070925e+00
3.041666666666666785e+01 -6.462036594556217928e+00
3.083333333333333215e+01 -6.225338613665754472e+00
3.125000000000000000e+01 -5.982836761434183082e+00
3.166666666666666785e+01 -5.734776723941026333e+00
3.208333333333333570e+01 -5.481405910892083178e+00
3.250000000000000000e+01 -5.222973453456360993e+00
3.291666666666666430e+01 -4.959730204757647698e+00
3.333333333333333570e+01 -4.691928742186950885e+00
3.375000000000000000e+01 -4.419823369464283225e+00
3.416666666666666430e+01 -4.143670114505221491e+00
3.458333333333333570e+01 -3.863726722079498188e+00
3.500000000000000000e+01 -3.580252663078693498e+00
3.541666666666666430e+01 -3.293509142187425187e+00
3.583333333333333570e+01 -3.003759103793528062e+00
3.625000000000000000e+01 -2.711267235208694171e+00
3.666666666666666430e+01 -2.416299970598548175e+00
3.708333333333333570e+01 -2.119125496152826749e+00
3.750000000000000000e+01 -1.820013755505051511e+00
3.791666666666666430e+01 -1.519236455032678901e+00
3.833333333333333570e+01 -1.217067067541097725e+00
3.875000000000000000e+01 -9.137808339244166689e-01
3.916666666666666430e+01 -6.096547706199457739e-01
3.958333333333333570e+01 -3.049676758424997303e-01
4.000000000000000000e+01 0.000000000000000000e+00
