0.000000000000000000e+00 0.000000000000000000e+00
4.166666666666666852e-01 -3.751655034498571628e-01
8.333333333333333703e-01 -7.498052324429237414e-01
1.250000000000000000e+00 -1.123403359260416012e+00
1.666666666666666741e+00 -1.495455723132967041e+00
2.083333333333333481e+00 -1.865469813805147314e+00
2.500000000000000000e+00 -2.232964846636224188e+00
2.916666666666666519e+00 -2.597471866482291336e+00
3.333333333333333481e+00 -2.958533834847107968e+00
3.750000000000000000e+00 -3.315705697234027305e+00
4.166666666666666963e+00 -3.668554445122668373e+00
4.583333333333333037e+00 -4.016659176561928390e+00
5.000000000000000000e+00 -4.359611153629673552e+00
5.416666666666666963e+00 -4.697013855020311546e+00
5.833333333333333037e+00 -5.028483020812679172e+00
6.250000000000000000e+00 -5.353646691152039949e+00
6.666666666666666963e+00 -5.672145260718046700e+00
7.083333333333333037e+00 -5.983631596233776051e+00
7.500000000000000000e+00 -6.287771228908207277e+00
7.916666666666666963e+00 -6.584242464129782313e+00
8.333333333333333925e+00 -6.872735968163042664e+00
8.750000000000000000e+00 -7.152954857440771974e+00
9.166666666666666075e+00 -7.424614800453984031e+00
9.583333333333333925e+00 -7.687444072853324428e+00
1.000000000000000000e+01 -7.941183591545102338e+00
1.041666666666666607e+01 -8.185586934604467402e+00
1.083333333333333393e+01 -8.420420359578139724e+00
1.125000000000000000e+01 -8.645462823684836096e+00
1.166666666666666607e+01 -8.860506001249724761e+00
1.208333333333333393e+01 -9.065354292982156892e+00
1.250000000000000000e+01 -9.259824825777872803e+00
1.291666666666666607e+01 -9.443747444510044886e+00
1.333333333333333393e+01 -9.616964699514538140e+00
1.375000000000000000e+01 -9.779331835414545537e+00
1.416666666666666607e+01 -9.930716787896377795e+00
1.458333333333333393e+01 -1.007100019695185011e+01
1.500000000000000000e+01 -1.020007543544311090e+01
1.541666666666666607e+01 -1.031784861292656075e+01
1.583333333333333393e+01 -1.042423846778019580e+01
1.625000000000000000e+01 -1.051917599557086191e+01
1.666666666666666785e+01 -1.060260387697526419e+01
1.708333333333333215e+01 -1.067447666114770577e+01
1.750000000000000000e+01 -1.073476104967591027e+01
1.791666666666666785e+01 -1.078343594442351083e+01
1.833333333333333215e+01 -1.082049236732850694e+01
1.875000000000000000e+01 -1.084593334280018340e+01
1.916666666666666785e+01 -1.085977376894154744e+01
1.958333333333333215e+01 -1.086204027340501455e+01
2.000000000000000000e+01 -1.085277104853483721e+01
2.041666666666666785e+01 -1.083201567514176489e+01
2.083333333333333215e+01 -1.079983495930445336e+01
2.125000000000000000e+01 -1.075630080039434944e+01
2.166666666666666785e+01 -1.070149608773858496e+01
2.208333333333333215e+01 -1.063551460282193695e+01
2.250000000000000000e+01 -1.055846090294870443e+01
2.291666666666666785e+01 -1.047045017078944262e+01
2.333333333333333215e+01 -1.037160802174281748e+01
2.375000000000000000e+01 -1.026207026481652562e+01
2.416666666666666785e+01 -1.014198262065761824e+01
2.458333333333333215e+01 -1.001150037494721268e+01
2.500000000000000000e+01 -9.870787811717271154e+00
2.541666666666666785e+01 -9.720017436227573526e+00
2.583333333333333215e+01 -9.559370383500681356e+00
2.625000000000000000e+01 -9.389036914392463018e+00
2.666666666666666785e+01 -9.209216483129250008e+00
2.708333333333333215e+01 -9.020117603608410306e+00
2.750000000000000000e+01 -8.821957647326868823e+00
2.791666666666666785e+01 -8.614962673152854578e+00
2.833333333333333215e+01 -8.399367330699741174e+00
2.875000000000000000e+01 -8.175414813939557490e+00
2.916666666666666785e+01 -7.943356784693952122e+00
2.958333333333333215e+01 -7.703453064264093264e+00
3.000000000000000000e+01 -7.455970838934788958e+00
3.041666666666666785e+01 -7.201182603028081886e+00
3.083333333333333215e+01 -6.939368293297865975e+00
3.125000000000000000e+01 -6.670812881337667477e+00
3.166666666666666785e+01 -6.395804353568835587e+00
3.208333333333333570e+01 -6.114633011847456778e+00
3.250000000000000000e+01 -5.827590915416771544e+00
3.291666666666666430e+01 -5.534971823867799401e+00
3.333333333333333570e+01 -5.237071170137747700e+00
3.375000000000000000e+01 -4.934186064142983774e+00
3.416666666666666430e+01 -4.626615296857417903e+00
3.458333333333333570e+01 -4.314659344825696685e+00
3.500000000000000000e+01 -3.998620375101144209e+00
3.541666666666666430e+01 -3.678802250596450385e+00
3.583333333333333570e+01 -3.355510535835232400e+00
3.625000000000000000e+01 -3.029052503091226978e+00
3.666666666666666430e+01 -2.699737138901772582e+00
3.708333333333333570e+01 -2.367875150940475848e+00
3.750000000000000000e+01 -2.033778975234264319e+00
3.791666666666666430e+01 -1.697762783708002488e+00
3.833333333333333570e+01 -1.360142492040165685e+00
3.875000000000000000e+01 -1.021235767811190742e+00
3.916666666666666430e+01 -6.813620389259100740e-01
3.958333333333333570e+01 -3.408425022902798474e-01
4.000000000000000000e+01 0.000000000000000000e+00
