0.000000000000000000e+00 0.000000000000000000e+00
4.166666666666666852e-01 -3.598757218865888952e-01
8.333333333333333703e-01 -7.192358689602688093e-01
1.250000000000000000e+00 -1.077574138681326010e+00
1.666666666666666741e+00 -1.434396135335001210e+00
2.083333333333333481e+00 -1.789219863228346696e+00
2.500000000000000000e+00 -2.141575613534415723e+00
2.916666666666666519e+00 -2.491005792507666516e+00
3.333333333333333481e+00 -2.837064901225053060e+00
3.750000000000000000e+00 -3.179319592197674904e+00
4.166666666666666963e+00 -3.517348745818960065e+00
4.583333333333333037e+00 -3.850743570966196572e+00
5.000000000000000000e+00 -4.179107740945596561e+00
5.416666666666666963e+00 -4.502057512565619923e+00
5.833333333333333037e+00 -4.819221728107604186e+00
6.250000000000000000e+00 -5.130241731675257100e+00
6.666666666666666963e+00 -5.434771372171681492e+00
7.083333333333333037e+00 -5.732477159202224115e+00
7.500000000000000000e+00 -6.023038472367296059e+00
7.916666666666666963e+00 -6.306147621070375742e+00
8.333333333333333925e+00 -6.581509667906124683e+00
8.750000000000000000e+00 -6.848841817731222470e+00
9.166666666666666075e+00 -7.107872530312844717e+00
9.583333333333333925e+00 -7.358340864171112550e+00
1.000000000000000000e+01 -7.599998850503699721e+00
1.041666666666666607e+01 -7.832612509404930812e+00
1.083333333333333393e+01 -8.055961767496768289e+00
1.125000000000000000e+01 -8.269840012676757723e+00
1.166666666666666607e+01 -8.474053672978062224e+00
1.208333333333333393e+01 -8.668421902259208167e+00
1.250000000000000000e+01 -8.852776299529990567e+00
1.291666666666666607e+01 -9.026960551363275798e+00
1.333333333333333393e+01 -9.190829993817867916e+00
1.375000000000000000e+01 -9.344251461547317561e+00
1.416666666666666607e+01 -9.487103768323343900e+00
1.458333333333333393e+01 -9.619278491630041117e+00
1.500000000000000000e+01 -9.740680119705537265e+00
1.541666666666666607e+01 -9.851225168356764428e+00
1.583333333333333393e+01 -9.950841469032015496e+00
1.625000000000000000e+01 -1.003946792908792318e+01
1.666666666666666785e+01 -1.011705466146677601e+01
1.708333333333333215e+01 -1.018356318027536211e+01
1.750000000000000000e+01 -1.023896660916126322e+01
1.791666666666666785e+01 -1.028324977243985927e+01
1.833333333333333215e+01 -1.031640920660595384e+01
1.875000000000000000e+01 -1.033845313722566495e+01
1.916666666666666785e+01 -1.034940144855889699e+01
1.958333333333333215e+01 -1.034928565449484061e+01
2.000000000000000000e+01 -1.033814886303831315e+01
2.041666666666666785e+01 -1.031604571801777759e+01
2.083333333333333215e+01 -1.028304231424871951e+01
2.125000000000000000e+01 -1.023921609734279770e+01
2.166666666666666785e+01 -1.018465573969731963e+01
2.208333333333333215e+01 -1.011946094006872521e+01
2.250000000000000000e+01 -1.004374212691570811e+01
2.291666666666666785e+01 -9.957620055954969018e+00
2.333333333333333215e+01 -9.861225240323310715e+00
2.375000000000000000e+01 -9.754697269191213493e+00
2.416666666666666785e+01 -9.638184271528640323e+00
2.458333333333333215e+01 -9.511843421094068773e+00
2.500000000000000000e+01 -9.375842287484772442e+00
2.541666666666666785e+01 -9.230357955705548179e+00
2.583333333333333215e+01 -9.075575530378181099e+00
2.625000000000000000e+01 -8.911687887505093997e+00
2.666666666666666785e+01 -8.738895919418947500e+00
2.708333333333333215e+01 -8.557408823502065331e+00
2.750000000000000000e+01 -8.367444256640414579e+00
2.791666666666666785e+01 -8.169228328997924393e+00
2.833333333333333215e+01 -7.962995389386513523e+00
2.875000000000000000e+01 -7.748987416102550263e+00
2.916666666666666785e+01 -7.527452673718545206e+00
2.958333333333333215e+01 -7.298644476083739008e+00
3.000000000000000000e+01 -7.062819997947015871e+00
3.041666666666666785e+01 -6.820239176144614390e+00
3.083333333333333215e+01 -6.571163761778497481e+00
3.125000000000000000e+01 -6.315857318917646346e+00
3.166666666666666785e+01 -6.054585127434305214e+00
3.208333333333333570e+01 -5.787614182341643598e+00
3.250000000000000000e+01 -5.515213185228078352e+00
3.291666666666666430e+01 -5.237652539594928491e+00
3.333333333333333570e+01 -4.955204349847536882e+00
3.375000000000000000e+01 -4.668142422013278114e+00
3.416666666666666430e+01 -4.376742265836705670e+00
3.458333333333333570e+01 -4.081281097583572937e+00
3.500000000000000000e+01 -3.782037843269961286e+00
3.541666666666666430e+01 -3.479293142588312460e+00
3.583333333333333570e+01 -3.173329353607774017e+00
3.625000000000000000e+01 -2.864430557849416470e+00
3.666666666666666430e+01 -2.552882565717350616e+00
3.708333333333333570e+01 -2.238972922229555351e+00
3.750000000000000000e+01 -1.922990913037524452e+00
3.791666666666666430e+01 -1.605227570721503794e+00
3.833333333333333570e+01 -1.285975681348764166e+00
3.875000000000000000e+01 -9.655297912804502447e-01
3.916666666666666430e+01 -6.441862142125449608e-01
3.958333333333333570e+01 -3.222430384354519894e-01
4.000000000000000000e+01 0.000000000000000000e+00
