0.000000000000000000e+00 0.000000000000000000e+00
4.166666666666666852e-01 -6.873133661454888712e-04
8.333333333333333703e-01 -1.372897488018548842e-03
1.250000000000000000e+00 -2.055137629060094229e-03
1.666666666666666741e+00 -2.732552198903212114e-03
2.083333333333333481e+00 -3.403788024697076888e-03
2.500000000000000000e+00 -4.067614918426525582e-03
2.916666666666666519e+00 -4.722920158049032438e-03
3.333333333333333481e+00 -5.368702943571604901e-03
3.750000000000000000e+00 -6.004068927784576154e-03
4.166666666666666963e+00 -6.628224700680432346e-03
4.583333333333333037e+00 -7.240469723059268087e-03
5.000000000000000000e+00 -7.840178362728185760e-03
5.416666666666666963e+00 -8.426773616934762207e-03
5.833333333333333037e+00 -8.999712940630276783e-03
6.250000000000000000e+00 -9.558501055445348463e-03
6.666666666666666963e+00 -1.010268957201146921e-02
7.083333333333333037e+00 -1.063187401648975870e-02
7.500000000000000000e+00 -1.114569106287599011e-02
7.916666666666666963e+00 -1.164381587920516881e-02
8.333333333333333925e+00 -1.212595952174306754e-02
8.750000000000000000e+00 -1.259186640694506983e-02
9.166666666666666075e+00 -1.304131188013479305e-02
9.583333333333333925e+00 -1.347409988641375123e-02
1.000000000000000000e+01 -1.389006073914691476e-02
1.041666666666666607e+01 -1.428904898055721913e-02
1.083333333333333393e+01 -1.467094133186787851e-02
1.125000000000000000e+01 -1.503563473203148142e-02
1.166666666666666607e+01 -1.538304446478373257e-02
1.208333333333333393e+01 -1.571310237434644236e-02
1.250000000000000000e+01 -1.602575517031009505e-02
1.291666666666666607e+01 -1.632096282176745405e-02
1.333333333333333393e+01 -1.659869704021443154e-02
1.375000000000000000e+01 -1.685893985038593168e-02
1.416666666666666607e+01 -1.710168224800562645e-02
1.458333333333333393e+01 -1.732692292691205213e-02
1.500000000000000000e+01 -1.753466705169789974e-02
1.541666666666666607e+01 -1.772492485839820275e-02
1.583333333333333393e+01 -1.789771004976251426e-02
1.625000000000000000e+01 -1.805303897784453146e-02
1.666666666666666785e+01 -1.819093023066322909e-02
1.708333333333333215e+01 -1.831140428548086452e-02
1.750000000000000000e+01 -1.841448313478280183e-02
1.791666666666666785e+01 -1.850018988218287905e-02
1.833333333333333215e+01 -1.856854834544791055e-02
1.875000000000000000e+01 -1.861958270658529979e-02
1.916666666666666785e+01 -1.865331722560027369e-02
1.958333333333333215e+01 -1.866977602303829947e-02
2.000000000000000000e+01 -1.866898293292572689e-02
2.041666666666666785e+01 -1.865096142676477692e-02
2.083333333333333215e+01 -1.861573460904104860e-02
2.125000000000000000e+01 -1.856332528457119158e-02
2.166666666666666785e+01 -1.849375609788014851e-02
2.208333333333333215e+01 -1.840704974479870706e-02
2.250000000000000000e+01 -1.830322925684377267e-02
2.291666666666666785e+01 -1.818231835990212833e-02
2.333333333333333215e+01 -1.804434190862272067e-02
2.375000000000000000e+01 -1.788932639187090431e-02
2.416666666666666785e+01 -1.771730048201925964e-02
2.458333333333333215e+01 -1.752829553164812065e-02
2.500000000000000000e+01 -1.732234558776906547e-02
2.541666666666666785e+01 -1.709948683223166607e-02
2.583333333333333215e+01 -1.685976227983269557e-02
2.625000000000000000e+01 -1.660322264112453622e-02
2.666666666666666785e+01 -1.632992594298019254e-02
2.708333333333333215e+01 -1.603993776710778418e-02
2.750000000000000000e+01 -1.573333222974099624e-02
2.791666666666666785e+01 -1.541019322501820804e-02
2.833333333333333215e+01 -1.507061583636344279e-02
2.875000000000000000e+01 -1.471470787475555840e-02
2.916666666666666785e+01 -1.434259152404697597e-02
2.958333333333333215e+01 -1.395440508233269060e-02
3.000000000000000000e+01 -1.355030478687127213e-02
3.041666666666666785e+01 -1.313046670714675124e-02
3.083333333333333215e+01 -1.269508869676288544e-02
3.125000000000000000e+01 -1.224439240388259034e-02
3.166666666666666785e+01 -1.177862534166265740e-02
3.208333333333333570e+01 -1.129806301769471430e-02
3.250000000000000000e+01 -1.080301112068718025e-02
3.291666666666666430e+01 -1.029380776433459939e-02
3.333333333333333570e+01 -9.770825796472992070e-03
3.375000000000000000e+01 -9.234475190433803077e-03
3.416666666666666430e+01 -8.685205487186507811e-03
3.458333333333333570e+01 -8.123507903510756092e-03
3.500000000000000000e+01 -7.549915616873160984e-03
3.541666666666666430e+01 -6.965000444118817080e-03
3.583333333333333570e+01 -6.369379401557633165e-03
3.625000000000000000e+01 -5.763719814804365085e-03
3.666666666666666430e+01 -5.148743329306958334e-03
3.708333333333333570e+01 -4.525228129125529776e-03
3.750000000000000000e+01 -3.894011676228128355e-03
3.791666666666666430e+01 -3.255993435571765283e-03
3.833333333333333570e+01 -2.612137452218471923e-03
3.875000000000000000e+01 -1.963474712956157428e-03
3.916666666666666430e+01 -1.311105227072162198e-03
3.958333333333333570e+01 -6.561995947495863823e-04
4.000000000000000000e+01 0.000000000000000000e+00
