0.000000000000000000e+00 0.000000000000000000e+00
4.166666666666666852e-01 -3.679732194469259587e-01
8.333333333333333703e-01 -7.354443376486009543e-01
1.250000000000000000e+00 -1.101919832339443239e+00
1.666666666666666741e+00 -1.466916805486652597e+00
2.083333333333333481e+00 -1.829963328317689042e+00
2.500000000000000000e+00 -2.190598474348217639e+00
2.916666666666666519e+00 -2.548372260264407885e+00
3.333333333333333481e+00 -2.902845640119773751e+00
3.750000000000000000e+00 -3.253590557594839172e+00
4.166666666666666963e+00 -3.600190015538091259e+00
4.583333333333333037e+00 -3.942238149277447867e+00
5.000000000000000000e+00 -4.279340301887875064e+00
5.416666666666666963e+00 -4.611113102178409306e+00
5.833333333333333037e+00 -4.937184549801710176e+00
6.250000000000000000e+00 -5.257194097397080768e+00
6.666666666666666963e+00 -5.570792695841790376e+00
7.083333333333333037e+00 -5.877642785341893550e+00
7.500000000000000000e+00 -6.177418232969085210e+00
7.916666666666666963e+00 -6.469804098170009787e+00
8.333333333333333925e+00 -6.754496009012187940e+00
8.750000000000000000e+00 -7.031199175163619586e+00
9.166666666666666075e+00 -7.299629579536170532e+00
9.583333333333333925e+00 -7.559514705400358636e+00
1.000000000000000000e+01 -7.810593838136058231e+00
1.041666666666666607e+01 -8.052618191223386290e+00
1.083333333333333393e+01 -8.285350986520345629e+00
1.125000000000000000e+01 -8.508567525877568372e+00
1.166666666666666607e+01 -8.722055249531738497e+00
1.208333333333333393e+01 -8.925613785479502127e+00
1.250000000000000000e+01 -9.119054991578922298e+00
1.291666666666666607e+01 -9.302202984477855097e+00
1.333333333333333393e+01 -9.474894145243176524e+00
1.375000000000000000e+01 -9.636977087969567535e+00
1.416666666666666607e+01 -9.788312585909499930e+00
1.458333333333333393e+01 -9.928773476457079639e+00
1.500000000000000000e+01 -1.005824459801777770e+01
1.541666666666666607e+01 -1.017662287645843655e+01
1.583333333333333393e+01 -1.028381773540575317e+01
1.625000000000000000e+01 -1.037975104822533723e+01
1.666666666666666785e+01 -1.046435681871252221e+01
1.708333333333333215e+01 -1.053758097808689698e+01
1.750000000000000000e+01 -1.059938131205880651e+01
1.791666666666666785e+01 -1.064972742872711109e+01
1.833333333333333215e+01 -1.068860072987729204e+01
1.875000000000000000e+01 -1.071599437798021981e+01
1.916666666666666785e+01 -1.073191326242779198e+01
1.958333333333333215e+01 -1.073637396075737094e+01
2.000000000000000000e+01 -1.072940468951247794e+01
2.041666666666666785e+01 -1.071104524005760616e+01
2.083333333333333215e+01 -1.068134689744709043e+01
2.125000000000000000e+01 -1.064037233882810085e+01
2.166666666666666785e+01 -1.058819550445994295e+01
2.208333333333333215e+01 -1.052490143928195465e+01
2.250000000000000000e+01 -1.045058611328742870e+01
2.291666666666666785e+01 -1.036535623518629201e+01
2.333333333333333215e+01 -1.026932907255495486e+01
2.375000000000000000e+01 -1.016263228531407137e+01
2.416666666666666785e+01 -1.004540376653727307e+01
2.458333333333333215e+01 -9.917791493804653413e+00
2.500000000000000000e+01 -9.779953476327069239e+00
2.541666666666666785e+01 -9.632057490780374209e+00
2.583333333333333215e+01 -9.474281553141995715e+00
2.625000000000000000e+01 -9.306813299430173103e+00
2.666666666666666785e+01 -9.129849746106968311e+00
2.708333333333333215e+01 -8.943597078382367727e+00
2.750000000000000000e+01 -8.748270459019295231e+00
2.791666666666666785e+01 -8.544093791495647849e+00
2.833333333333333215e+01 -8.331299441232344449e+00
2.875000000000000000e+01 -8.110127909434577731e+00
2.916666666666666785e+01 -7.880827431998901567e+00
2.958333333333333215e+01 -7.643653577575473257e+00
3.000000000000000000e+01 -7.398869319946996370e+00
3.041666666666666785e+01 -7.146745740726678342e+00
3.083333333333333215e+01 -6.887561373808477327e+00
3.125000000000000000e+01 -6.621600951793682910e+00
3.166666666666666785e+01 -6.349153982503450422e+00
3.208333333333333570e+01 -6.070512236992504640e+00
3.250000000000000000e+01 -5.785969403800605981e+00
3.291666666666666430e+01 -5.495820842097264070e+00
3.333333333333333570e+01 -5.200363584289450003e+00
3.375000000000000000e+01 -4.899896339328733141e+00
3.416666666666666430e+01 -4.594719496727514674e+00
3.458333333333333570e+01 -4.285135131068658509e+00
3.500000000000000000e+01 -3.971447006964659021e+00
3.541666666666666430e+01 -3.653960584434215786e+00
3.583333333333333570e+01 -3.332983024683585871e+00
3.625000000000000000e+01 -3.008823196279482914e+00
3.666666666666666430e+01 -2.681791681699428054e+00
3.708333333333333570e+01 -2.352200784244834253e+00
3.750000000000000000e+01 -2.020364535301183651e+00
3.791666666666666430e+01 -1.686598701928580857e+00
3.833333333333333570e+01 -1.351220794765588762e+00
3.875000000000000000e+01 -1.014550076227895170e+00
3.916666666666666430e+01 -6.769075689828386588e-01
3.958333333333333570e+01 -3.386160646795243756e-01
4.000000000000000000e+01 0.000000000000000000e+00
