0.000000000000000000e+00 0.000000000000000000e+00
4.166666666666666852e-01 -3.996461692916817299e-01
8.333333333333333703e-01 -7.986764684334688447e-01
1.250000000000000000e+00 -1.196490106899131378e+00
1.666666666666666741e+00 -1.592503139661258560e+00
2.083333333333333481e+00 -1.986148114336223403e+00
2.500000000000000000e+00 -2.376874285074687787e+00
2.916666666666666519e+00 -2.764147711536902197e+00
3.333333333333333481e+00 -3.147451202999510755e+00
3.750000000000000000e+00 -3.526284171034248516e+00
4.166666666666666963e+00 -3.900162480143939625e+00
4.583333333333333037e+00 -4.268618358852371841e+00
5.000000000000000000e+00 -4.631200283223647851e+00
5.416666666666666963e+00 -4.987472845834465929e+00
5.833333333333333037e+00 -5.337016959991287557e+00
6.250000000000000000e+00 -5.679430602832832520e+00
6.666666666666666963e+00 -6.014329632344812993e+00
7.083333333333333037e+00 -6.341345957104594255e+00
7.500000000000000000e+00 -6.660127585084119950e+00
7.916666666666666963e+00 -6.970339517418498332e+00
8.333333333333333925e+00 -7.271664164309532552e+00
8.750000000000000000e+00 -7.563801881476431177e+00
9.166666666666666075e+00 -7.846471192693052821e+00
9.583333333333333925e+00 -8.119408521307422077e+00
1.000000000000000000e+01 -8.382367839384018637e+00
1.041666666666666607e+01 -8.635120483048478235e+00
1.083333333333333393e+01 -8.877455015375410596e+00
1.125000000000000000e+01 -9.109176854257260203e+00
1.166666666666666607e+01 -9.330107482675256136e+00
1.208333333333333393e+01 -9.540083436136862716e+00
1.250000000000000000e+01 -9.738955669523729597e+00
1.291666666666666607e+01 -9.926589435923062865e+00
1.333333333333333393e+01 -1.010286450585071805e+01
1.375000000000000000e+01 -1.026767559724431678e+01
1.416666666666666607e+01 -1.042093204613120427e+01
1.458333333333333393e+01 -1.056255552620634042e+01
1.500000000000000000e+01 -1.069247853336316645e+01
1.541666666666666607e+01 -1.081064369063188835e+01
1.583333333333333393e+01 -1.091700344464913641e+01
1.625000000000000000e+01 -1.101151814818319963e+01
1.666666666666666785e+01 -1.109415563361597457e+01
1.708333333333333215e+01 -1.116489068853490352e+01
1.750000000000000000e+01 -1.122370316817097446e+01
1.791666666666666785e+01 -1.127057839417943974e+01
1.833333333333333215e+01 -1.130551160614935391e+01
1.875000000000000000e+01 -1.132851123924438674e+01
1.916666666666666785e+01 -1.133959839653325297e+01
1.958333333333333215e+01 -1.133880566038752669e+01
2.000000000000000000e+01 -1.132617604190028260e+01
2.041666666666666785e+01 -1.130176227317140736e+01
2.083333333333333215e+01 -1.126562639177424785e+01
2.125000000000000000e+01 -1.121783965785204984e+01
2.166666666666666785e+01 -1.115848282502655131e+01
2.208333333333333215e+01 -1.108764683112029736e+01
2.250000000000000000e+01 -1.100543379095797825e+01
2.291666666666666785e+01 -1.091195801682426492e+01
2.333333333333333215e+01 -1.080734647719282826e+01
2.375000000000000000e+01 -1.069173915617417947e+01
2.416666666666666785e+01 -1.056528861788846996e+01
2.458333333333333215e+01 -1.042815773382487343e+01
2.500000000000000000e+01 -1.028051542432825727e+01
2.541666666666666785e+01 -1.012253423328949964e+01
2.583333333333333215e+01 -9.954391883963509713e+00
2.625000000000000000e+01 -9.776278112857111680e+00
2.666666666666666785e+01 -9.588395102908343404e+00
2.708333333333333215e+01 -9.390956511465363477e+00
2.750000000000000000e+01 -9.184186221156085850e+00
2.791666666666666785e+01 -8.968317498640654861e+00
2.833333333333333215e+01 -8.743592626578477578e+00
2.875000000000000000e+01 -8.510262328953093203e+00
2.916666666666666785e+01 -8.268585051601824887e+00
2.958333333333333215e+01 -8.018825342433038017e+00
3.000000000000000000e+01 -7.761251328564616081e+00
3.041666666666666785e+01 -7.496133824961397352e+00
3.083333333333333215e+01 -7.223748192982881733e+00
3.125000000000000000e+01 -6.944375782948998044e+00
3.166666666666666785e+01 -6.658302832936552562e+00
3.208333333333333570e+01 -6.365819958341369933e+00
3.250000000000000000e+01 -6.067221579499864959e+00
3.291666666666666430e+01 -5.762805701123044244e+00
3.333333333333333570e+01 -5.452873918903918593e+00
3.375000000000000000e+01 -5.137731344796641508e+00
3.416666666666666430e+01 -4.817685861981434670e+00
3.458333333333333570e+01 -4.493046529448089466e+00
3.500000000000000000e+01 -4.164124492015318424e+00
3.541666666666666430e+01 -3.831233541135518728e+00
3.583333333333333570e+01 -3.494690399682053528e+00
3.625000000000000000e+01 -3.154814563925745663e+00
3.666666666666666430e+01 -2.811928213875821481e+00
3.708333333333333570e+01 -2.466356269684257807e+00
3.750000000000000000e+01 -2.118426447070940632e+00
3.791666666666666430e+01 -1.768469261255650515e+00
3.833333333333333570e+01 -1.416817755681254454e+00
3.875000000000000000e+01 -1.063806887797938749e+00
3.916666666666666430e+01 -7.097737774771125663e-01
3.958333333333333570e+01 -3.550577134236630461e-01
4.000000000000000000e+01 0.000000000000000000e+00
