0.000000000000000000e+00 0.000000000000000000e+00
4.166666666666666852e-01 -3.745901507889288218e-01
8.333333333333333703e-01 -7.486597836219324176e-01
1.250000000000000000e+00 -1.121697880129892688e+00
1.666666666666666741e+00 -1.493204736774526031e+00
2.083333333333333481e+00 -1.862692062652399727e+00
2.500000000000000000e+00 -2.229683045668354069e+00
2.916666666666666519e+00 -2.593712408427563343e+00
3.333333333333333481e+00 -2.954326467726415828e+00
3.750000000000000000e+00 -3.311083199254888143e+00
4.166666666666666963e+00 -3.663552303600239757e+00
4.583333333333333037e+00 -4.011315272162355505e+00
5.000000000000000000e+00 -4.353965453175478117e+00
5.416666666666666963e+00 -4.691108118500639357e+00
5.833333333333333037e+00 -5.022360532366644037e+00
6.250000000000000000e+00 -5.347352023219099415e+00
6.666666666666666963e+00 -5.665724055468826847e+00
7.083333333333333037e+00 -5.977130292322502925e+00
7.500000000000000000e+00 -6.281236626093369857e+00
7.916666666666666963e+00 -6.577721166008027254e+00
8.333333333333333925e+00 -6.866274215137406323e+00
8.750000000000000000e+00 -7.146598464453667532e+00
9.166666666666666075e+00 -7.418409082371250740e+00
9.583333333333333925e+00 -7.681433718087145479e+00
1.000000000000000000e+01 -7.935412495318853843e+00
1.041666666666666607e+01 -8.180098016898785573e+00
1.083333333333333393e+01 -8.415255377287200744e+00
1.125000000000000000e+01 -8.640662176210728518e+00
1.166666666666666607e+01 -8.856108532377236386e+00
1.208333333333333393e+01 -9.061397096865549727e+00
1.250000000000000000e+01 -9.256343063974988183e+00
1.291666666666666607e+01 -9.440774177574413173e+00
1.333333333333333393e+01 -9.614530730979913287e+00
1.375000000000000000e+01 -9.777465560610703932e+00
1.416666666666666607e+01 -9.929444034769419503e+00
1.458333333333333393e+01 -1.007034403992075333e+01
1.500000000000000000e+01 -1.020005596798998404e+01
1.541666666666666607e+01 -1.031848269261264761e+01
1.583333333333333393e+01 -1.042553951309007410e+01
1.625000000000000000e+01 -1.052115401925058791e+01
1.666666666666666785e+01 -1.060526574272970457e+01
1.708333333333333215e+01 -1.067782641325769433e+01
1.750000000000000000e+01 -1.073879991915804766e+01
1.791666666666666785e+01 -1.078816221478030535e+01
1.833333333333333215e+01 -1.082590122644808162e+01
1.875000000000000000e+01 -1.085201676943443161e+01
1.916666666666666785e+01 -1.086652046618542933e+01
1.958333333333333215e+01 -1.086943565620801522e+01
2.000000000000000000e+01 -1.086079729359117785e+01
2.041666666666666785e+01 -1.084065183502296748e+01
2.083333333333333215e+01 -1.080905712285055387e+01
2.125000000000000000e+01 -1.076608226561057435e+01
2.166666666666666785e+01 -1.071180751935115438e+01
2.208333333333333215e+01 -1.064632416806076343e+01
2.250000000000000000e+01 -1.056973439053285979e+01
2.291666666666666785e+01 -1.048215109670540990e+01
2.333333333333333215e+01 -1.038369773073057445e+01
2.375000000000000000e+01 -1.027450804764454872e+01
2.416666666666666785e+01 -1.015472586957379697e+01
2.458333333333333215e+01 -1.002450484510065465e+01
2.500000000000000000e+01 -9.884008296456896048e+00
2.541666666666666785e+01 -9.733409203624349360e+00
2.583333333333333215e+01 -9.572890009893583851e+00
2.625000000000000000e+01 -9.402642372668577053e+00
2.666666666666666785e+01 -9.222867027917793337e+00
2.708333333333333215e+01 -9.033773669539209905e+00
2.750000000000000000e+01 -8.835580801552529451e+00
2.791666666666666785e+01 -8.628515557607402187e+00
2.833333333333333215e+01 -8.412813529116782263e+00
2.875000000000000000e+01 -8.188718635125901812e+00
2.916666666666666785e+01 -7.956482982552857131e+00
2.958333333333333215e+01 -7.716366589974057888e+00
3.000000000000000000e+01 -7.468636938075792209e+00
3.041666666666666785e+01 -7.213567791754992520e+00
3.083333333333333215e+01 -6.951440274680389386e+00
3.125000000000000000e+01 -6.682541281528884269e+00
3.166666666666666785e+01 -6.407160394233121892e+00
3.208333333333333570e+01 -6.125589373375420976e+00
3.250000000000000000e+01 -5.838121677760477191e+00
3.291666666666666430e+01 -5.545052445249569750e+00
3.333333333333333570e+01 -5.246678484916670548e+00
3.375000000000000000e+01 -4.943298280762880026e+00
3.416666666666666430e+01 -4.635211995881749480e+00
3.458333333333333570e+01 -4.322721477065051054e+00
3.500000000000000000e+01 -4.006130259837642704e+00
3.541666666666666430e+01 -3.685743573910857940e+00
3.583333333333333570e+01 -3.361868349040714410e+00
3.625000000000000000e+01 -3.034813221278530371e+00
3.666666666666666430e+01 -2.704888539599810571e+00
3.708333333333333570e+01 -2.372406372896122662e+00
3.750000000000000000e+01 -2.037680517315012541e+00
3.791666666666666430e+01 -1.701026503930926026e+00
3.833333333333333570e+01 -1.362761606729911534e+00
3.875000000000000000e+01 -1.023204850890015116e+00
3.916666666666666430e+01 -6.826770213380958241e-01
3.958333333333333570e+01 -3.415006715631019318e-01
4.000000000000000000e+01 0.000000000000000000e+00
