0.000000000000000000e+00 0.000000000000000000e+00
4.166666666666666852e-01 -3.814643906504472937e-01
8.333333333333333703e-01 -7.623862167091700615e-01
1.250000000000000000e+00 -1.142233947038334474e+00
1.666666666666666741e+00 -1.520487879910164652e+00
2.083333333333333481e+00 -1.896639610340527193e+00
2.500000000000000000e+00 -2.270192386094735948e+00
2.916666666666666519e+00 -2.640661584958304609e+00
3.333333333333333481e+00 -3.007574978214524908e+00
3.750000000000000000e+00 -3.370472864557448212e+00
4.166666666666666963e+00 -3.728908165520532059e+00
4.583333333333333037e+00 -4.082446487536466329e+00
5.000000000000000000e+00 -4.430666130301433192e+00
5.416666666666666963e+00 -4.773158059712915957e+00
5.833333333333333037e+00 -5.109525971797074462e+00
6.250000000000000000e+00 -5.439386590437335300e+00
6.666666666666666963e+00 -5.762370266360505866e+00
7.083333333333333037e+00 -6.078121778855145152e+00
7.500000000000000000e+00 -6.386300640256605377e+00
7.916666666666666963e+00 -6.686578409280258484e+00
8.333333333333333925e+00 -6.978640000245590613e+00
8.750000000000000000e+00 -7.262184046120304437e+00
9.166666666666666075e+00 -7.536922900662785807e+00
9.583333333333333925e+00 -7.802582571278196433e+00
1.000000000000000000e+01 -8.058902648971503879e+00
1.041666666666666607e+01 -8.305636273672108771e+00
1.083333333333333393e+01 -8.542550164872578122e+00
1.125000000000000000e+01 -8.769424658001211625e+00
1.166666666666666607e+01 -8.986053767122420766e+00
1.208333333333333393e+01 -9.192245264416058603e+00
1.250000000000000000e+01 -9.387820727095762763e+00
1.291666666666666607e+01 -9.572615539391490458e+00
1.333333333333333393e+01 -9.746478861964289919e+00
1.375000000000000000e+01 -9.909273646004608693e+00
1.416666666666666607e+01 -1.006087665161962086e+01
1.458333333333333393e+01 -1.020117853165511157e+01
1.500000000000000000e+01 -1.033008400639550928e+01
1.541666666666666607e+01 -1.044751200312014738e+01
1.583333333333333393e+01 -1.055339546110776716e+01
1.625000000000000000e+01 -1.064768014267447249e+01
1.666666666666666785e+01 -1.073032136537643666e+01
1.708333333333333215e+01 -1.080128070191707579e+01
1.750000000000000000e+01 -1.086052995073345961e+01
1.791666666666666785e+01 -1.090805356274321625e+01
1.833333333333333215e+01 -1.094384909621136615e+01
1.875000000000000000e+01 -1.096792682506705674e+01
1.916666666666666785e+01 -1.098030924225527372e+01
1.958333333333333215e+01 -1.098103065972175507e+01
2.000000000000000000e+01 -1.097013691773764066e+01
2.041666666666666785e+01 -1.094768515982298851e+01
2.083333333333333215e+01 -1.091374362375462859e+01
2.125000000000000000e+01 -1.086839141746746229e+01
2.166666666666666785e+01 -1.081171826428210991e+01
2.208333333333333215e+01 -1.074382421114439623e+01
2.250000000000000000e+01 -1.066481930969332659e+01
2.291666666666666785e+01 -1.057482329516014374e+01
2.333333333333333215e+01 -1.047396532024351146e+01
2.375000000000000000e+01 -1.036238386993692018e+01
2.416666666666666785e+01 -1.024022692754258657e+01
2.458333333333333215e+01 -1.010765195906753888e+01
2.500000000000000000e+01 -9.964824315809909905e+00
2.541666666666666785e+01 -9.811913923598522658e+00
2.583333333333333215e+01 -9.649097004944630740e+00
2.625000000000000000e+01 -9.476559718769156149e+00
2.666666666666666785e+01 -9.294498765263037754e+00
2.708333333333333215e+01 -9.103121206291019618e+00
2.750000000000000000e+01 -8.902643955984208546e+00
2.791666666666666785e+01 -8.693293433991200914e+00
2.833333333333333215e+01 -8.475305424204911731e+00
2.875000000000000000e+01 -8.248925115752243187e+00
2.916666666666666785e+01 -8.014407163868630946e+00
2.958333333333333215e+01 -7.772015419302969796e+00
3.000000000000000000e+01 -7.522021432779486538e+00
3.041666666666666785e+01 -7.264701884712248869e+00
3.083333333333333215e+01 -7.000336024568980520e+00
3.125000000000000000e+01 -6.729206919500447803e+00
3.166666666666666785e+01 -6.451600914377457308e+00
3.208333333333333570e+01 -6.167807521424521155e+00
3.250000000000000000e+01 -5.878118845609415111e+00
3.291666666666666430e+01 -5.582829205773502501e+00
3.333333333333333570e+01 -5.282234935318647295e+00
3.375000000000000000e+01 -4.976634257069046718e+00
3.416666666666666430e+01 -4.666327214644869770e+00
3.458333333333333570e+01 -4.351615623552844703e+00
3.500000000000000000e+01 -4.032803026910759314e+00
3.541666666666666430e+01 -3.710194671081195938e+00
3.583333333333333570e+01 -3.384097506161769520e+00
3.625000000000000000e+01 -3.054820189629865013e+00
3.666666666666666430e+01 -2.722673092856338073e+00
3.708333333333333570e+01 -2.387968307981504168e+00
3.750000000000000000e+01 -2.051019655138323294e+00
3.791666666666666430e+01 -1.712142690006251966e+00
3.833333333333333570e+01 -1.371654711678665706e+00
3.875000000000000000e+01 -1.029874770825754293e+00
3.916666666666666430e+01 -6.871236781338598831e-01
3.958333333333333570e+01 -3.437240130016096518e-01
4.000000000000000000e+01 0.000000000000000000e+00
