0.000000000000000000e+00 0.000000000000000000e+00
4.166666666666666852e-01 -3.604332443048275381e-01
8.333333333333333703e-01 -7.203840263522304221e-01
1.250000000000000000e+00 -1.079377134671206884e+00
1.666666666666666741e+00 -1.436947394039177039e+00
2.083333333333333481e+00 -1.792640035613347393e+00
2.500000000000000000e+00 -2.146010711489231948e+00
2.916666666666666519e+00 -2.496625404573065587e+00
3.333333333333333481e+00 -2.844060394989075036e+00
3.750000000000000000e+00 -3.187902317975585653e+00
4.166666666666666963e+00 -3.527748240537737168e+00
4.583333333333333037e+00 -3.863205725976478710e+00
5.000000000000000000e+00 -4.193892888229623139e+00
5.416666666666666963e+00 -4.519438452580353704e+00
5.833333333333333037e+00 -4.839481844150934187e+00
6.250000000000000000e+00 -5.153673296083784550e+00
6.666666666666666963e+00 -5.461673934040610412e+00
7.083333333333333037e+00 -5.763155827201446257e+00
7.500000000000000000e+00 -6.057802077759715687e+00
7.916666666666666963e+00 -6.345306992221091846e+00
8.333333333333333925e+00 -6.625376166179341553e+00
8.750000000000000000e+00 -6.897726135035906481e+00
9.166666666666666075e+00 -7.162083637239417655e+00
9.583333333333333925e+00 -7.418185670740786719e+00
1.000000000000000000e+01 -7.665780532121979185e+00
1.041666666666666607e+01 -7.904628585905585147e+00
1.083333333333333393e+01 -8.134502316564741875e+00
1.125000000000000000e+01 -8.355186066158223568e+00
1.166666666666666607e+01 -8.566475793770303326e+00
1.208333333333333393e+01 -8.768178853088896219e+00
1.250000000000000000e+01 -8.960113799263787371e+00
1.291666666666666607e+01 -9.142110199689193806e+00
1.333333333333333393e+01 -9.314008461283831863e+00
1.375000000000000000e+01 -9.475659628317018246e+00
1.416666666666666607e+01 -9.626925455237390850e+00
1.458333333333333393e+01 -9.767678778439583098e+00
1.500000000000000000e+01 -9.897803464165953358e+00
1.541666666666666607e+01 -1.001719400774920565e+01
1.583333333333333393e+01 -1.012575580205978198e+01
1.625000000000000000e+01 -1.022340513092059844e+01
1.666666666666666785e+01 -1.031006911580923813e+01
1.708333333333333215e+01 -1.038568566614270772e+01
1.750000000000000000e+01 -1.045020344380675326e+01
1.791666666666666785e+01 -1.050358183453387539e+01
1.833333333333333215e+01 -1.054579091193722107e+01
1.875000000000000000e+01 -1.057681138266576681e+01
1.916666666666666785e+01 -1.059663451535187129e+01
1.958333333333333215e+01 -1.060526206267065419e+01
2.000000000000000000e+01 -1.060270619155911120e+01
2.041666666666666785e+01 -1.058898943661068515e+01
2.083333333333333215e+01 -1.056414467697480042e+01
2.125000000000000000e+01 -1.052821512397071757e+01
2.166666666666666785e+01 -1.048125430976194217e+01
2.208333333333333215e+01 -1.042332607541828970e+01
2.250000000000000000e+01 -1.035450455227291400e+01
2.291666666666666785e+01 -1.027487412097937991e+01
2.333333333333333215e+01 -1.018452932008125167e+01
2.375000000000000000e+01 -1.008357468181533001e+01
2.416666666666666785e+01 -9.972124594414783161e+00
2.458333333333333215e+01 -9.850303403216170040e+00
2.500000000000000000e+01 -9.718245764926395580e+00
2.541666666666666785e+01 -9.576096124362825535e+00
2.583333333333333215e+01 -9.424009131300548958e+00
2.625000000000000000e+01 -9.262148951396056873e+00
2.666666666666666785e+01 -9.090689060070605620e+00
2.708333333333333215e+01 -8.909812081864481925e+00
2.750000000000000000e+01 -8.719709654072747895e+00
2.791666666666666785e+01 -8.520582245285321932e+00
2.833333333333333215e+01 -8.312638892110557620e+00
2.875000000000000000e+01 -8.096096821782206021e+00
2.916666666666666785e+01 -7.871180986702901450e+00
2.958333333333333215e+01 -7.638123772522127375e+00
3.000000000000000000e+01 -7.397165682203630688e+00
3.041666666666666785e+01 -7.148557194021204708e+00
3.083333333333333215e+01 -6.892557915138433522e+00
3.125000000000000000e+01 -6.629435395613495707e+00
3.166666666666666785e+01 -6.359464926023059128e+00
3.208333333333333570e+01 -6.082929614384816830e+00
3.250000000000000000e+01 -5.800120522671935674e+00
3.291666666666666430e+01 -5.511336551829668196e+00
3.333333333333333570e+01 -5.216884026718979328e+00
3.375000000000000000e+01 -4.917076052774361550e+00
3.416666666666666430e+01 -4.612231521454601690e+00
3.458333333333333570e+01 -4.302673687081338905e+00
3.500000000000000000e+01 -3.988728081953405447e+00
3.541666666666666430e+01 -3.670722059808828597e+00
3.583333333333333570e+01 -3.348984676260451820e+00
3.625000000000000000e+01 -3.023846681509583245e+00
3.666666666666666430e+01 -2.695640527816562049e+00
3.708333333333333570e+01 -2.364700377393812225e+00
3.750000000000000000e+01 -2.031362110701297574e+00
3.791666666666666430e+01 -1.695963335122894655e+00
3.833333333333333570e+01 -1.358843394000397664e+00
3.875000000000000000e+01 -1.020343376002343927e+00
3.916666666666666430e+01 -6.808061248107960539e-01
3.958333333333333570e+01 -3.405762490947276122e-01
4.000000000000000000e+01 0.000000000000000000e+00
