0.000000000000000000e+00 0.000000000000000000e+00
4.166666666666666852e-01 -6.343551712391098940e-01
8.333333333333333703e-01 -1.267935096357581060e+00
1.250000000000000000e+00 -1.899974863088946586e+00
1.666666666666666741e+00 -2.529721792624735954e+00
2.083333333333333481e+00 -3.156435697567687271e+00
2.500000000000000000e+00 -3.779388168720833718e+00
2.916666666666666519e+00 -4.397863631001992957e+00
3.333333333333333481e+00 -5.011159602240263133e+00
3.750000000000000000e+00 -5.618586856418257724e+00
4.166666666666666963e+00 -6.219469585494712405e+00
4.583333333333333037e+00 -6.813145564787568276e+00
5.000000000000000000e+00 -7.398966402559483235e+00
5.416666666666666963e+00 -7.976297824808336046e+00
5.833333333333333037e+00 -8.544520171180437274e+00
6.250000000000000000e+00 -9.103028044976241517e+00
6.666666666666666963e+00 -9.651230657605866625e+00
7.083333333333333037e+00 -1.018855199584300664e+01
7.500000000000000000e+00 -1.071443106137842349e+01
7.916666666666666963e+00 -1.122832212458087575e+01
8.333333333333333925e+00 -1.172969500234906270e+01
8.750000000000000000e+00 -1.221803542926202546e+01
9.166666666666666075e+00 -1.269284542778705038e+01
9.583333333333333925e+00 -1.315364399628587222e+01
1.000000000000000000e+01 -1.359996649649530376e+01
1.041666666666666607e+01 -1.403136519441416752e+01
1.083333333333333393e+01 -1.444740948670149905e+01
1.125000000000000000e+01 -1.484768601903547669e+01
1.166666666666666607e+01 -1.523179886935049332e+01
1.208333333333333393e+01 -1.559936974394077325e+01
1.250000000000000000e+01 -1.595003818158442144e+01
1.291666666666666607e+01 -1.628346175865693013e+01
1.333333333333333393e+01 -1.659931629925065621e+01
1.375000000000000000e+01 -1.689729611164953127e+01
1.416666666666666607e+01 -1.717711429718755411e+01
1.458333333333333393e+01 -1.743850307352402851e+01
1.500000000000000000e+01 -1.768121417236239168e+01
1.541666666666666607e+01 -1.790501793082874471e+01
1.583333333333333393e+01 -1.810970401720145517e+01
1.625000000000000000e+01 -1.829508162374463964e+01
1.666666666666666785e+01 -1.846097954479398595e+01
1.708333333333333215e+01 -1.860724627537581810e+01
1.750000000000000000e+01 -1.873375000752654884e+01
1.791666666666666785e+01 -1.884037861622055132e+01
1.833333333333333215e+01 -1.892703966378476110e+01
1.875000000000000000e+01 -1.899366041533514959e+01
1.916666666666666785e+01 -1.904018785584615259e+01
1.958333333333333215e+01 -1.906658870436307041e+01
2.000000000000000000e+01 -1.907284940914831139e+01
2.041666666666666785e+01 -1.905897612281011178e+01
2.083333333333333215e+01 -1.902499465404166656e+01
2.125000000000000000e+01 -1.897095039268339534e+01
2.166666666666666785e+01 -1.889690820528653603e+01
2.208333333333333215e+01 -1.880295230419175212e+01
2.250000000000000000e+01 -1.868918610386107915e+01
2.291666666666666785e+01 -1.855573208909378025e+01
2.333333333333333215e+01 -1.840273172645112254e+01
2.375000000000000000e+01 -1.823034544495486386e+01
2.416666666666666785e+01 -1.803875269022872274e+01
2.458333333333333215e+01 -1.782815193355675376e+01
2.500000000000000000e+01 -1.759876038922802621e+01
2.541666666666666785e+01 -1.735081294619885028e+01
2.583333333333333215e+01 -1.708456189577756490e+01
2.625000000000000000e+01 -1.680027533032843579e+01
2.666666666666666785e+01 -1.649823854927185707e+01
2.708333333333333215e+01 -1.617875416584714898e+01
2.750000000000000000e+01 -1.584214197924131540e+01
2.791666666666666785e+01 -1.548873861400786645e+01
2.833333333333333215e+01 -1.511889720879077892e+01
2.875000000000000000e+01 -1.473298719437563520e+01
2.916666666666666785e+01 -1.433139416329230365e+01
2.958333333333333215e+01 -1.391451983512929935e+01
3.000000000000000000e+01 -1.348278210675737832e+01
3.041666666666666785e+01 -1.303661511866934575e+01
3.083333333333333215e+01 -1.257646899408152485e+01
3.125000000000000000e+01 -1.210280851268085378e+01
3.166666666666666785e+01 -1.161611051499435199e+01
3.208333333333333570e+01 -1.111686599040042722e+01
3.250000000000000000e+01 -1.060558020318450012e+01
3.291666666666666430e+01 -1.008277289192040094e+01
3.333333333333333570e+01 -9.548977978155789970e+00
3.375000000000000000e+01 -9.004743281945179589e+00
3.416666666666666430e+01 -8.450630339319932460e+00
3.458333333333333570e+01 -7.887214255053723200e+00
3.500000000000000000e+01 -7.315083201304124039e+00
3.541666666666666430e+01 -6.734836973972193164e+00
3.583333333333333570e+01 -6.147086916130835021e+00
3.625000000000000000e+01 -5.552456400337947073e+00
3.666666666666666430e+01 -4.951580978690616419e+00
3.708333333333333570e+01 -4.345108362763501653e+00
3.750000000000000000e+01 -3.733698352990468372e+00
3.791666666666666430e+01 -3.118022820512310833e+00
3.833333333333333570e+01 -2.498765633808608833e+00
3.875000000000000000e+01 -1.876622428979039636e+00
3.916666666666666430e+01 -1.252299996375714652e+00
3.958333333333333570e+01 -6.265163309977808126e-01
4.000000000000000000e+01 0.000000000000000000e+00
