0.000000000000000000e+00 3.379973384509682433e-11
4.166666666666666852e-01 2.253925875805233829e+02
8.333333333333333703e-01 4.475825703361928163e+02
1.250000000000000000e+00 6.664803260518573325e+02
1.666666666666666741e+00 8.820070073353375619e+02
2.083333333333333481e+00 1.094080159442620243e+03
2.500000000000000000e+00 1.302621712772278897e+03
2.916666666666666519e+00 1.507554300438433302e+03
3.333333333333333481e+00 1.708800924185616623e+03
3.750000000000000000e+00 1.906285774402347897e+03
4.166666666666666963e+00 2.099934175880198836e+03
4.583333333333333037e+00 2.289668530197753171e+03
5.000000000000000000e+00 2.475408422230884753e+03
5.416666666666666963e+00 2.657076757744922816e+03
5.833333333333333037e+00 2.834598449952281044e+03
6.250000000000000000e+00 3.007899622005580568e+03
6.666666666666666963e+00 3.176908253601612159e+03
7.083333333333333037e+00 3.341554017745612782e+03
7.500000000000000000e+00 3.501766273126064334e+03
7.916666666666666963e+00 3.657471469205890116e+03
8.333333333333333925e+00 3.808599555779699585e+03
8.750000000000000000e+00 3.955083254911177391e+03
9.166666666666666075e+00 4.096856871300984494e+03
9.583333333333333925e+00 4.233856128066443489e+03
1.000000000000000000e+01 4.366019144797389345e+03
1.041666666666666607e+01 4.493286475241679000e+03
1.083333333333333393e+01 4.615599838625412303e+03
1.125000000000000000e+01 4.732899326955892320e+03
1.166666666666666607e+01 4.845128772716094318e+03
1.208333333333333393e+01 4.952235376418545457e+03
1.250000000000000000e+01 5.054168616198694508e+03
1.291666666666666607e+01 5.150879876737991253e+03
1.333333333333333393e+01 5.242322267360668775e+03
1.375000000000000000e+01 5.328450711774436058e+03
1.416666666666666607e+01 5.409222640091284120e+03
1.458333333333333393e+01 5.484599065328037796e+03
1.500000000000000000e+01 5.554544464372731454e+03
1.541666666666666607e+01 5.619025304922099167e+03
1.583333333333333393e+01 5.678007932643679851e+03
1.625000000000000000e+01 5.731462221416270950e+03
1.666666666666666785e+01 5.779361480119759108e+03
1.708333333333333215e+01 5.821681805382004313e+03
1.750000000000000000e+01 5.858402096112653453e+03
1.791666666666666785e+01 5.889504070970499924e+03
1.833333333333333215e+01 5.914972273927889546e+03
1.875000000000000000e+01 5.934793884209820135e+03
1.916666666666666785e+01 5.948958683331111388e+03
1.958333333333333215e+01 5.957459319293999215e+03
2.000000000000000000e+01 5.960291611204788751e+03
2.041666666666666785e+01 5.957454144439290758e+03
2.083333333333333215e+01 5.948948034991607528e+03
2.125000000000000000e+01 5.934777180576326828e+03
2.166666666666666785e+01 5.914948736870392167e+03
2.208333333333333215e+01 5.889473182651675415e+03
2.250000000000000000e+01 5.858363999375562344e+03
2.291666666666666785e+01 5.821637441158452930e+03
2.333333333333333215e+01 5.779312398823661169e+03
2.375000000000000000e+01 5.731410135438561156e+03
2.416666666666666785e+01 5.677954158717146129e+03
2.458333333333333215e+01 5.618970252410629655e+03
2.500000000000000000e+01 5.554486719355200876e+03
2.541666666666666785e+01 5.484534710710212494e+03
2.583333333333333215e+01 5.409147770400179979e+03
2.625000000000000000e+01 5.328364393354636377e+03
2.666666666666666785e+01 5.242225839403070495e+03
2.708333333333333215e+01 5.150775234786532565e+03
2.750000000000000000e+01 5.054057172661518052e+03
2.791666666666666785e+01 4.952117759366103201e+03
2.833333333333333215e+01 4.845004979296791134e+03
2.875000000000000000e+01 4.732769051894670156e+03
2.916666666666666785e+01 4.615462622082789494e+03
2.958333333333333215e+01 4.493140881969266957e+03
3.000000000000000000e+01 4.365861977087350169e+03
3.041666666666666785e+01 4.233684779644549963e+03
3.083333333333333215e+01 4.096670184535776571e+03
3.125000000000000000e+01 3.954881233764569060e+03
3.166666666666666785e+01 3.808382546451042344e+03
3.208333333333333570e+01 3.657240047187709479e+03
3.250000000000000000e+01 3.501521004176755014e+03
3.291666666666666430e+01 3.341294349935750688e+03
3.333333333333333570e+01 3.176631744899344994e+03
3.375000000000000000e+01 3.007604487216533926e+03
3.416666666666666430e+01 2.834283463294923422e+03
3.458333333333333570e+01 2.656741672230996301e+03
3.500000000000000000e+01 2.475053818042571493e+03
3.541666666666666430e+01 2.289296032695944632e+03
3.583333333333333570e+01 2.099546875277901563e+03
3.625000000000000000e+01 1.905884995078219163e+03
3.666666666666666430e+01 1.708386065268842231e+03
3.708333333333333570e+01 1.507126066704739060e+03
3.750000000000000000e+01 1.302182755376686146e+03
3.791666666666666430e+01 1.093634316136946836e+03
3.833333333333333570e+01 8.815597689714537637e+02
3.875000000000000000e+01 6.660398069878549450e+02
3.916666666666666430e+01 4.471521321486936245e+02
3.958333333333333570e+01 2.249741446459119061e+02
4.000000000000000000e+01 6.949740088968425766e-11
