0.000000000000000000e+00 1.289855236508152814e-10
4.166666666666666852e-01 1.137740704191979404e+02
8.333333333333333703e-01 2.253245123327067176e+02
1.250000000000000000e+00 3.344464832140277508e+02
1.666666666666666741e+00 4.410468510953257351e+02
2.083333333333333481e+00 5.451242293472340634e+02
2.500000000000000000e+00 6.466989252989927763e+02
2.916666666666666519e+00 7.457702203792598539e+02
3.333333333333333481e+00 8.423228335734822849e+02
3.750000000000000000e+00 9.363368748311527270e+02
4.166666666666666963e+00 1.027789750118454322e+03
4.583333333333333037e+00 1.116659069787272983e+03
5.000000000000000000e+00 1.202922902650967444e+03
5.416666666666666963e+00 1.286553923822148363e+03
5.833333333333333037e+00 1.367522228649010003e+03
6.250000000000000000e+00 1.445812171270253430e+03
6.666666666666666963e+00 1.521440067039293126e+03
7.083333333333333037e+00 1.594456695988357524e+03
7.500000000000000000e+00 1.664992791303637887e+03
7.916666666666666963e+00 1.733260921095180265e+03
8.333333333333333925e+00 1.799254551782244789e+03
8.750000000000000000e+00 1.862784371085143675e+03
9.166666666666666075e+00 1.923789820008957122e+03
9.583333333333333925e+00 1.982248800548080908e+03
1.000000000000000000e+01 2.038120525993781712e+03
1.041666666666666607e+01 2.091353224502087869e+03
1.083333333333333393e+01 2.141903882052881727e+03
1.125000000000000000e+01 2.189746783880102157e+03
1.166666666666666607e+01 2.234869383718224526e+03
1.208333333333333393e+01 2.277268431918006627e+03
1.250000000000000000e+01 2.316949912154786489e+03
1.291666666666666607e+01 2.353931452698689554e+03
1.333333333333333393e+01 2.388249484480809770e+03
1.375000000000000000e+01 2.419963409718003277e+03
1.416666666666666607e+01 2.449154871754843498e+03
1.458333333333333393e+01 2.475902883239446510e+03
1.500000000000000000e+01 2.500170194481446742e+03
1.541666666666666607e+01 2.521625664201929339e+03
1.583333333333333393e+01 2.540378349138768499e+03
1.625000000000000000e+01 2.556677971939869622e+03
1.666666666666666785e+01 2.570584221830324168e+03
1.708333333333333215e+01 2.582105516793333209e+03
1.750000000000000000e+01 2.591248281028570091e+03
1.791666666666666785e+01 2.598027868715869772e+03
1.833333333333333215e+01 2.602465542147333508e+03
1.875000000000000000e+01 2.604585800325261516e+03
1.916666666666666785e+01 2.604416381438675671e+03
1.958333333333333215e+01 2.601988374712434961e+03
2.000000000000000000e+01 2.597336597188090764e+03
2.041666666666666785e+01 2.590499483694040464e+03
2.083333333333333215e+01 2.581521903162839862e+03
2.125000000000000000e+01 2.570457175803341670e+03
2.166666666666666785e+01 2.557350870035829303e+03
2.208333333333333215e+01 2.542199054809948848e+03
2.250000000000000000e+01 2.524907828496857292e+03
2.291666666666666785e+01 2.505262119736743443e+03
2.333333333333333215e+01 2.482900147443404421e+03
2.375000000000000000e+01 2.457282759460784746e+03
2.416666666666666785e+01 2.427711239430120258e+03
2.458333333333333215e+01 2.393469770826301101e+03
2.500000000000000000e+01 2.354040517852741687e+03
2.541666666666666785e+01 2.310395613830271031e+03
2.583333333333333215e+01 2.263423187452070124e+03
2.625000000000000000e+01 2.213789863030192919e+03
2.666666666666666785e+01 2.161946942346961350e+03
2.708333333333333215e+01 2.108187749453114066e+03
2.750000000000000000e+01 2.052705629528404643e+03
2.791666666666666785e+01 1.995638856345251497e+03
2.833333333333333215e+01 1.937095695602418800e+03
2.875000000000000000e+01 1.877202815583904794e+03
2.916666666666666785e+01 1.816113061506719305e+03
2.958333333333333215e+01 1.753818916664381959e+03
3.000000000000000000e+01 1.689998254202328098e+03
3.041666666666666785e+01 1.624729737370324528e+03
3.083333333333333215e+01 1.558294107982663263e+03
3.125000000000000000e+01 1.490840980253365160e+03
3.166666666666666785e+01 1.422987406924227798e+03
3.208333333333333570e+01 1.354851620395572127e+03
3.250000000000000000e+01 1.286430085338236950e+03
3.291666666666666430e+01 1.217718879879463202e+03
3.333333333333333570e+01 1.148713664068515754e+03
3.375000000000000000e+01 1.079409650698050882e+03
3.416666666666666430e+01 1.009801630356770488e+03
3.458333333333333570e+01 9.398840141185551147e+02
3.500000000000000000e+01 8.696507839560539423e+02
3.541666666666666430e+01 7.990954866687187632e+02
3.583333333333333570e+01 7.282112665952732868e+02
3.625000000000000000e+01 6.569909122399020589e+02
3.666666666666666430e+01 5.854269335214378316e+02
3.708333333333333570e+01 5.135115941736476088e+02
3.750000000000000000e+01 4.412369453436900244e+02
3.791666666666666430e+01 3.685948727117528279e+02
3.833333333333333570e+01 2.955771654351133861e+02
3.875000000000000000e+01 2.221755595644108325e+02
3.916666666666666430e+01 1.483817116573769965e+02
3.958333333333333570e+01 7.418720355996089211e+01
4.000000000000000000e+01 -4.930526126267764653e-11
