0.000000000000000000e+00 -5.758727816482234196e-07
4.166666666666666852e-01 1.234282201859785317e+02
8.333333333333333703e-01 2.441569908840976382e+02
1.250000000000000000e+00 3.621944587118254617e+02
1.666666666666666741e+00 4.775289046187880899e+02
2.083333333333333481e+00 5.901307321743663579e+02
2.500000000000000000e+00 6.999654718944650540e+02
2.916666666666666519e+00 8.070036512522922294e+02
3.333333333333333481e+00 9.112194189444492167e+02
3.750000000000000000e+00 1.012586920886343023e+03
4.166666666666666963e+00 1.111080426187766989e+03
4.583333333333333037e+00 1.206675122964318234e+03
5.000000000000000000e+00 1.299347727738242156e+03
5.416666666666666963e+00 1.389077469079930779e+03
5.833333333333333037e+00 1.475845613902072273e+03
6.250000000000000000e+00 1.559625631919688658e+03
6.666666666666666963e+00 1.640364470501050846e+03
7.083333333333333037e+00 1.717961155613224037e+03
7.500000000000000000e+00 1.792272328840324917e+03
7.916666666666666963e+00 1.863404548353735208e+03
8.333333333333333925e+00 1.931395172863224616e+03
8.750000000000000000e+00 1.996298867304976739e+03
9.166666666666666075e+00 2.058163670586091030e+03
9.583333333333333925e+00 2.117025111003337315e+03
1.000000000000000000e+01 2.172902548120724532e+03
1.041666666666666607e+01 2.225804645130346671e+03
1.083333333333333393e+01 2.275736248202315892e+03
1.125000000000000000e+01 2.322703693355912947e+03
1.166666666666666607e+01 2.366716930137719828e+03
1.208333333333333393e+01 2.407789207218585489e+03
1.250000000000000000e+01 2.445936581786207626e+03
1.291666666666666607e+01 2.481176835909578585e+03
1.333333333333333393e+01 2.513528126702366990e+03
1.375000000000000000e+01 2.543007643932055089e+03
1.416666666666666607e+01 2.569629601505196206e+03
1.458333333333333393e+01 2.593404542162024427e+03
1.500000000000000000e+01 2.614341809359973013e+03
1.541666666666666607e+01 2.632459362033590878e+03
1.583333333333333393e+01 2.647811838478399295e+03
1.625000000000000000e+01 2.660530475143154945e+03
1.666666666666666785e+01 2.670591917984063912e+03
1.708333333333333215e+01 2.677938528700195093e+03
1.750000000000000000e+01 2.682564168150804562e+03
1.791666666666666785e+01 2.684477933955505705e+03
1.833333333333333215e+01 2.683692107714105077e+03
1.875000000000000000e+01 2.680220105829233034e+03
1.916666666666666785e+01 2.674077439172330742e+03
1.958333333333333215e+01 2.665283001640113980e+03
2.000000000000000000e+01 2.653859890849877502e+03
2.041666666666666785e+01 2.639834784221254722e+03
2.083333333333333215e+01 2.623235852050144331e+03
2.125000000000000000e+01 2.604091160538989698e+03
2.166666666666666785e+01 2.582429432344817542e+03
2.208333333333333215e+01 2.558281981459534109e+03
2.250000000000000000e+01 2.531683993346333409e+03
2.291666666666666785e+01 2.502676647400461661e+03
2.333333333333333215e+01 2.471311819292672226e+03
2.375000000000000000e+01 2.437653642709037740e+03
2.416666666666666785e+01 2.401787969253771735e+03
2.458333333333333215e+01 2.363849699615759619e+03
2.500000000000000000e+01 2.324063110620482803e+03
2.541666666666666785e+01 2.282345829117082303e+03
2.583333333333333215e+01 2.238591721111074548e+03
2.625000000000000000e+01 2.192828701138042106e+03
2.666666666666666785e+01 2.145156242774374277e+03
2.708333333333333215e+01 2.095641712241761525e+03
2.750000000000000000e+01 2.044268891024480581e+03
2.791666666666666785e+01 1.990930430282530097e+03
2.833333333333333215e+01 1.935513779703258024e+03
2.875000000000000000e+01 1.877968707014347729e+03
2.916666666666666785e+01 1.818391351740938944e+03
2.958333333333333215e+01 1.757019492787449508e+03
3.000000000000000000e+01 1.695146611468782567e+03
3.041666666666666785e+01 1.631189211114359978e+03
3.083333333333333215e+01 1.564964850475613048e+03
3.125000000000000000e+01 1.498089758737065495e+03
3.166666666666666785e+01 1.430810757131511991e+03
3.208333333333333570e+01 1.363127530901012278e+03
3.250000000000000000e+01 1.295039613554072957e+03
3.291666666666666430e+01 1.226546390304710940e+03
3.333333333333333570e+01 1.157647193320692395e+03
3.375000000000000000e+01 1.088341384203987900e+03
3.416666666666666430e+01 1.018628365486137909e+03
3.458333333333333570e+01 9.485075497173188523e+02
3.500000000000000000e+01 8.779783993168384768e+02
3.541666666666666430e+01 8.070404203880023033e+02
3.583333333333333570e+01 7.356931321246839843e+02
3.625000000000000000e+01 6.639360425794724279e+02
3.666666666666666430e+01 5.917686105186271561e+02
3.708333333333333570e+01 5.191902601753524777e+02
3.750000000000000000e+01 4.462003992308283955e+02
3.791666666666666430e+01 3.727984244121518032e+02
3.833333333333333570e+01 2.989836992798537381e+02
3.875000000000000000e+01 2.247555418101019313e+02
3.916666666666666430e+01 1.501132642948525699e+02
3.958333333333333570e+01 7.505617525261112633e+01
4.000000000000000000e+01 -9.912327660066555524e-09
