0.000000000000000000e+00 -3.506095067051795411e-10
4.166666666666666852e-01 1.191920254468454061e+02
8.333333333333333703e-01 2.360215326369867910e+02
1.250000000000000000e+00 3.503639877490119829e+02
1.666666666666666741e+00 4.621637911705082047e+02
2.083333333333333481e+00 5.714181178508301855e+02
2.500000000000000000e+00 6.781366247102794205e+02
2.916666666666666519e+00 7.823158373585606569e+02
3.333333333333333481e+00 8.839417638759385909e+02
3.750000000000000000e+00 9.829985999980713132e+02
4.166666666666666963e+00 1.079471795952520097e+03
4.583333333333333037e+00 1.173347408034941509e+03
5.000000000000000000e+00 1.264610859118214194e+03
5.416666666666666963e+00 1.353244871527455189e+03
5.833333333333333037e+00 1.439226362602303425e+03
6.250000000000000000e+00 1.522528276246220230e+03
6.666666666666666963e+00 1.603128358675979143e+03
7.083333333333333037e+00 1.681018192358232227e+03
7.500000000000000000e+00 1.756235303620855120e+03
7.916666666666666963e+00 1.828882953333256864e+03
8.333333333333333925e+00 1.898832938252032818e+03
8.750000000000000000e+00 1.965961600599022404e+03
9.166666666666666075e+00 2.030261969670937333e+03
9.583333333333333925e+00 2.091767672210527962e+03
1.000000000000000000e+01 2.150500255855065006e+03
1.041666666666666607e+01 2.206468196363380684e+03
1.083333333333333393e+01 2.259675381183194077e+03
1.125000000000000000e+01 2.310123497299720839e+03
1.166666666666666607e+01 2.357809998834845373e+03
1.208333333333333393e+01 2.402725462663081544e+03
1.250000000000000000e+01 2.444847103797701493e+03
1.291666666666666607e+01 2.484125412423701164e+03
1.333333333333333393e+01 2.520462929667448407e+03
1.375000000000000000e+01 2.553683488232462878e+03
1.416666666666666607e+01 2.583507985784006451e+03
1.458333333333333393e+01 2.609586661678820747e+03
1.500000000000000000e+01 2.631904784983565150e+03
1.541666666666666607e+01 2.650861207970139731e+03
1.583333333333333393e+01 2.669390210050997666e+03
1.625000000000000000e+01 2.684632981784686308e+03
1.666666666666666785e+01 2.696384228614435415e+03
1.708333333333333215e+01 2.704867596057401897e+03
1.750000000000000000e+01 2.710345740168078009e+03
1.791666666666666785e+01 2.713006554025641890e+03
1.833333333333333215e+01 2.712954279252357537e+03
1.875000000000000000e+01 2.710241677397375952e+03
1.916666666666666785e+01 2.704895368848547605e+03
1.958333333333333215e+01 2.696930472725585332e+03
2.000000000000000000e+01 2.686359405297112971e+03
2.041666666666666785e+01 2.673196079478650518e+03
2.083333333333333215e+01 2.657458798948144249e+03
2.125000000000000000e+01 2.639171589911952196e+03
2.166666666666666785e+01 2.618361939172941220e+03
2.208333333333333215e+01 2.595058322909137587e+03
2.250000000000000000e+01 2.569294830097611339e+03
2.291666666666666785e+01 2.541119793929917705e+03
2.333333333333333215e+01 2.510599312453648054e+03
2.375000000000000000e+01 2.477812418185807473e+03
2.416666666666666785e+01 2.442826332440622082e+03
2.458333333333333215e+01 2.405609028447891433e+03
2.500000000000000000e+01 2.365863003924765508e+03
2.541666666666666785e+01 2.323739993499771117e+03
2.583333333333333215e+01 2.279553647202700631e+03
2.625000000000000000e+01 2.233358448199261147e+03
2.666666666666666785e+01 2.185130533934109735e+03
2.708333333333333215e+01 2.134857663529306592e+03
2.750000000000000000e+01 2.082559623577967614e+03
2.791666666666666785e+01 2.028286430710473951e+03
2.833333333333333215e+01 1.972110011503765691e+03
2.875000000000000000e+01 1.914107634784362745e+03
2.916666666666666785e+01 1.854331991309016303e+03
2.958333333333333215e+01 1.792743705486309409e+03
3.000000000000000000e+01 1.729035834724229289e+03
3.041666666666666785e+01 1.663478100984613093e+03
3.083333333333333215e+01 1.596512852990586680e+03
3.125000000000000000e+01 1.528331537994188693e+03
3.166666666666666785e+01 1.459592806021565593e+03
3.208333333333333570e+01 1.390450878875887383e+03
3.250000000000000000e+01 1.320905306576391467e+03
3.291666666666666430e+01 1.250955844224444036e+03
3.333333333333333570e+01 1.180602326468836281e+03
3.375000000000000000e+01 1.109844548235751517e+03
3.416666666666666430e+01 1.038682227202069498e+03
3.458333333333333570e+01 9.671150171652634526e+02
3.500000000000000000e+01 8.951424567577113294e+02
3.541666666666666430e+01 8.227639678368856266e+02
3.583333333333333570e+01 7.499788805398547993e+02
3.625000000000000000e+01 6.767864543590476387e+02
3.666666666666666430e+01 6.031859166688677760e+02
3.708333333333333570e+01 5.291764521661328899e+02
3.750000000000000000e+01 4.547571923535464862e+02
3.791666666666666430e+01 3.799272189619410938e+02
3.833333333333333570e+01 3.046855958727990696e+02
3.875000000000000000e+01 2.290313913357331330e+02
3.916666666666666430e+01 1.529636472865920211e+02
3.958333333333333570e+01 7.648138497760500343e+01
4.000000000000000000e+01 -3.834869227725690166e-11
