0.000000000000000000e+00 4.495380848817953634e-08
4.166666666666666852e-01 1.347598500732054276e+02
8.333333333333333703e-01 2.663151008982289341e+02
1.250000000000000000e+00 3.946079090166182937e+02
1.666666666666666741e+00 5.196747671416680987e+02
2.083333333333333481e+00 6.415558159044726381e+02
2.500000000000000000e+00 7.602661727701829477e+02
2.916666666666666519e+00 8.758136683659450910e+02
3.333333333333333481e+00 9.882061040669943850e+02
3.750000000000000000e+00 1.097455516267105395e+03
4.166666666666666963e+00 1.203583338336230781e+03
4.583333333333333037e+00 1.306620760434989734e+03
5.000000000000000000e+00 1.406597528512983899e+03
5.416666666666666963e+00 1.503535060366610878e+03
5.833333333333333037e+00 1.597450300687216668e+03
6.250000000000000000e+00 1.688357938757115562e+03
6.666666666666666963e+00 1.776265313294801217e+03
7.083333333333333037e+00 1.861170196706345450e+03
7.500000000000000000e+00 1.943056919090483916e+03
7.916666666666666963e+00 2.021910248379725999e+03
8.333333333333333925e+00 2.097718004536789067e+03
8.750000000000000000e+00 2.170463772762280314e+03
9.166666666666666075e+00 2.240134549872189837e+03
9.583333333333333925e+00 2.306730434122692259e+03
1.000000000000000000e+01 2.370263920246057296e+03
1.041666666666666607e+01 2.430761907243895621e+03
1.083333333333333393e+01 2.488274913369886235e+03
1.125000000000000000e+01 2.542863719398430021e+03
1.166666666666666607e+01 2.594578340730373839e+03
1.208333333333333393e+01 2.643451975882566785e+03
1.250000000000000000e+01 2.689509449163085719e+03
1.291666666666666607e+01 2.732769468730732115e+03
1.333333333333333393e+01 2.773255079163318896e+03
1.375000000000000000e+01 2.811001019119758894e+03
1.416666666666666607e+01 2.846061368460995709e+03
1.458333333333333393e+01 2.878519246382976689e+03
1.500000000000000000e+01 2.908434187696485424e+03
1.541666666666666607e+01 2.935791609936468376e+03
1.583333333333333393e+01 2.960581968097801564e+03
1.625000000000000000e+01 2.982889522741396831e+03
1.666666666666666785e+01 3.002823231507795299e+03
1.708333333333333215e+01 3.020416660894629786e+03
1.750000000000000000e+01 3.035637748276183174e+03
1.791666666666666785e+01 3.048490384037065724e+03
1.833333333333333215e+01 3.059038111761432901e+03
1.875000000000000000e+01 3.067317271099349455e+03
1.916666666666666785e+01 3.073335611846976008e+03
1.958333333333333215e+01 3.077149685413451152e+03
2.000000000000000000e+01 3.078857344715467207e+03
2.041666666666666785e+01 3.078521368785778577e+03
2.083333333333333215e+01 3.076178591292624333e+03
2.125000000000000000e+01 3.071897773017605687e+03
2.166666666666666785e+01 3.065668300528135660e+03
2.208333333333333215e+01 3.057231261318002908e+03
2.250000000000000000e+01 3.046295306415862797e+03
2.291666666666666785e+01 3.033058464117436415e+03
2.333333333333333215e+01 3.019369968393475574e+03
2.375000000000000000e+01 3.005282346965053421e+03
2.416666666666666785e+01 2.988256951935313282e+03
2.458333333333333215e+01 2.968286888310604354e+03
2.500000000000000000e+01 2.945692456222367127e+03
2.541666666666666785e+01 2.920667431205952198e+03
2.583333333333333215e+01 2.893245213565933227e+03
2.625000000000000000e+01 2.863291898596523424e+03
2.666666666666666785e+01 2.830471104851676500e+03
2.708333333333333215e+01 2.794347472484917944e+03
2.750000000000000000e+01 2.755350961034407646e+03
2.791666666666666785e+01 2.715446908296401034e+03
2.833333333333333215e+01 2.669661080853479234e+03
2.875000000000000000e+01 2.617685329568309044e+03
2.916666666666666785e+01 2.560596596900498753e+03
2.958333333333333215e+01 2.494127904668607698e+03
3.000000000000000000e+01 2.424771975145953093e+03
3.041666666666666785e+01 2.352520702295746560e+03
3.083333333333333215e+01 2.277807810659153802e+03
3.125000000000000000e+01 2.200930756678264515e+03
3.166666666666666785e+01 2.122033327176822240e+03
3.208333333333333570e+01 2.041131069079085592e+03
3.250000000000000000e+01 1.958167782962766978e+03
3.291666666666666430e+01 1.873071408936605394e+03
3.333333333333333570e+01 1.785924227837536364e+03
3.375000000000000000e+01 1.697232249069304771e+03
3.416666666666666430e+01 1.608063221470037206e+03
3.458333333333333570e+01 1.516822237657434471e+03
3.500000000000000000e+01 1.423111177770512995e+03
3.541666666666666430e+01 1.326587832366527209e+03
3.583333333333333570e+01 1.227226960332570570e+03
3.625000000000000000e+01 1.126119811775061407e+03
3.666666666666666430e+01 1.018945772251945641e+03
3.708333333333333570e+01 9.050943320305660791e+02
3.750000000000000000e+01 7.848756799066319445e+02
3.791666666666666430e+01 6.594786892770669056e+02
3.833333333333333570e+01 5.315222463926384080e+02
3.875000000000000000e+01 4.013094937843761727e+02
3.916666666666666430e+01 2.687861181049696597e+02
3.958333333333333570e+01 1.344909072203553535e+02
4.000000000000000000e+01 1.585774286189112203e-08
