0.000000000000000000e+00 1.246654238173938722e-10
4.166666666666666852e-01 1.101069081531067297e+02
8.333333333333333703e-01 2.196777541867218133e+02
1.250000000000000000e+00 3.271941056678297173e+02
1.666666666666666741e+00 4.325818037907940834e+02
2.083333333333333481e+00 5.356879465843910566e+02
2.500000000000000000e+00 6.364447170178341366e+02
2.916666666666666519e+00 7.347873697253039609e+02
3.333333333333333481e+00 8.306533780461259084e+02
3.750000000000000000e+00 9.239917338433847362e+02
4.166666666666666963e+00 1.014764144610175890e+03
4.583333333333333037e+00 1.102941925219870427e+03
5.000000000000000000e+00 1.188495413080630442e+03
5.416666666666666963e+00 1.271383329223890087e+03
5.833333333333333037e+00 1.351566649496505306e+03
6.250000000000000000e+00 1.429032471420966431e+03
6.666666666666666963e+00 1.503774256746653919e+03
7.083333333333333037e+00 1.575746474277431616e+03
7.500000000000000000e+00 1.644872705671409676e+03
7.916666666666666963e+00 1.711079920598822810e+03
8.333333333333333925e+00 1.774345628593231595e+03
8.750000000000000000e+00 1.834864887212099802e+03
9.166666666666666075e+00 1.893095678612473648e+03
9.583333333333333925e+00 1.948588193542911768e+03
1.000000000000000000e+01 2.000930410835654584e+03
1.041666666666666607e+01 2.050090673781267924e+03
1.083333333333333393e+01 2.096198013104708025e+03
1.125000000000000000e+01 2.139394389071698242e+03
1.166666666666666607e+01 2.179825081528786541e+03
1.208333333333333393e+01 2.217655031240292374e+03
1.250000000000000000e+01 2.253102675539614211e+03
1.291666666666666607e+01 2.286490822044485867e+03
1.333333333333333393e+01 2.318314126424828373e+03
1.375000000000000000e+01 2.349106652720641250e+03
1.416666666666666607e+01 2.379668485625294579e+03
1.458333333333333393e+01 2.408763278621353493e+03
1.500000000000000000e+01 2.436034740108234018e+03
1.541666666666666607e+01 2.461220723305657430e+03
1.583333333333333393e+01 2.484126641487411689e+03
1.625000000000000000e+01 2.504625299588965390e+03
1.666666666666666785e+01 2.522640044921187837e+03
1.708333333333333215e+01 2.538117833876836357e+03
1.750000000000000000e+01 2.551018968847773067e+03
1.791666666666666785e+01 2.561330327291498179e+03
1.833333333333333215e+01 2.569076872016865764e+03
1.875000000000000000e+01 2.574315145147614203e+03
1.916666666666666785e+01 2.577110592832428210e+03
1.958333333333333215e+01 2.577503860297525534e+03
2.000000000000000000e+01 2.575491908092994890e+03
2.041666666666666785e+01 2.571047238566294254e+03
2.083333333333333215e+01 2.564141499043519616e+03
2.125000000000000000e+01 2.554747354314099539e+03
2.166666666666666785e+01 2.542825980426650858e+03
2.208333333333333215e+01 2.528324889509860441e+03
2.250000000000000000e+01 2.511191870256804577e+03
2.291666666666666785e+01 2.491411514088340937e+03
2.333333333333333215e+01 2.469111382895692714e+03
2.375000000000000000e+01 2.444487818073424933e+03
2.416666666666666785e+01 2.417365303577658779e+03
2.458333333333333215e+01 2.387002202841253620e+03
2.500000000000000000e+01 2.353634152599192021e+03
2.541666666666666785e+01 2.317966179274003480e+03
2.583333333333333215e+01 2.280185207682488453e+03
2.625000000000000000e+01 2.240287015109491676e+03
2.666666666666666785e+01 2.198221875527451630e+03
2.708333333333333215e+01 2.153968970042934416e+03
2.750000000000000000e+01 2.107552269565067945e+03
2.791666666666666785e+01 2.059028058555028110e+03
2.833333333333333215e+01 2.008485337936038377e+03
2.875000000000000000e+01 1.956039404525608006e+03
2.916666666666666785e+01 1.901790056789372329e+03
2.958333333333333215e+01 1.845620036538682371e+03
3.000000000000000000e+01 1.786818174122185383e+03
3.041666666666666785e+01 1.725523515234085608e+03
3.083333333333333215e+01 1.662301008436861139e+03
3.125000000000000000e+01 1.597215845725203280e+03
3.166666666666666785e+01 1.530230612390707847e+03
3.208333333333333570e+01 1.461350552359014955e+03
3.250000000000000000e+01 1.390607553898644483e+03
3.291666666666666430e+01 1.318126284035503431e+03
3.333333333333333570e+01 1.244051308366867033e+03
3.375000000000000000e+01 1.169417369740406230e+03
3.416666666666666430e+01 1.094360549270108777e+03
3.458333333333333570e+01 1.018881923599720267e+03
3.500000000000000000e+01 9.429825736606464943e+02
3.541666666666666430e+01 8.666634637857923735e+02
3.583333333333333570e+01 7.899253604884042943e+02
3.625000000000000000e+01 7.127688046926192555e+02
3.666666666666666430e+01 6.351941730345507722e+02
3.708333333333333570e+01 5.572017403387478680e+02
3.750000000000000000e+01 4.787917609565600401e+02
3.791666666666666430e+01 3.999645447828842748e+02
3.833333333333333570e+01 3.207205037879783163e+02
3.875000000000000000e+01 2.410601092295879937e+02
3.916666666666666430e+01 1.609837398666705326e+02
3.958333333333333570e+01 8.049157841878908926e+01
4.000000000000000000e+01 -8.181259142370223003e-11
