0.000000000000000000e+00 -6.058364573902075279e-10
4.166666666666666852e-01 1.400811907470002780e+02
8.333333333333333703e-01 2.760645307866694225e+02
1.250000000000000000e+00 4.078966608057662029e+02
1.666666666666666741e+00 5.355656234035354828e+02
2.083333333333333481e+00 6.590826674694139911e+02
2.500000000000000000e+00 7.784690931428851854e+02
2.916666666666666519e+00 8.937600062366914244e+02
3.333333333333333481e+00 1.005010383599462102e+03
3.750000000000000000e+00 1.112300743694789162e+03
4.166666666666666963e+00 1.215737195599650931e+03
4.583333333333333037e+00 1.315438713003033627e+03
5.000000000000000000e+00 1.411525187671694994e+03
5.416666666666666963e+00 1.504119980894799710e+03
5.833333333333333037e+00 1.593357146675493368e+03
6.250000000000000000e+00 1.679383766900500632e+03
6.666666666666666963e+00 1.762367229557069095e+03
7.083333333333333037e+00 1.842501200908914143e+03
7.500000000000000000e+00 1.920043086997742648e+03
7.916666666666666963e+00 1.997083227930895646e+03
8.333333333333333925e+00 2.070148144552162194e+03
8.750000000000000000e+00 2.137614036271368150e+03
9.166666666666666075e+00 2.198002125642440660e+03
9.583333333333333925e+00 2.250948249596144251e+03
1.000000000000000000e+01 2.297060355673645063e+03
1.041666666666666607e+01 2.337315651483602323e+03
1.083333333333333393e+01 2.372574768874415895e+03
1.125000000000000000e+01 2.403596483084118972e+03
1.166666666666666607e+01 2.431089718665720738e+03
1.208333333333333393e+01 2.455721691654701772e+03
1.250000000000000000e+01 2.478243411042670232e+03
1.291666666666666607e+01 2.498912853787894619e+03
1.333333333333333393e+01 2.517749252530031299e+03
1.375000000000000000e+01 2.534538550585622488e+03
1.416666666666666607e+01 2.549057525468173935e+03
1.458333333333333393e+01 2.561143682909186282e+03
1.500000000000000000e+01 2.570947701826803041e+03
1.541666666666666607e+01 2.579354913343277076e+03
1.583333333333333393e+01 2.585917747271172630e+03
1.625000000000000000e+01 2.589825049557220154e+03
1.666666666666666785e+01 2.590866591726889965e+03
1.708333333333333215e+01 2.589030622427275375e+03
1.750000000000000000e+01 2.584354617624841012e+03
1.791666666666666785e+01 2.576882449857953816e+03
1.833333333333333215e+01 2.566650178474212225e+03
1.875000000000000000e+01 2.553688136285045402e+03
1.916666666666666785e+01 2.538037314618006349e+03
1.958333333333333215e+01 2.519755626533205941e+03
2.000000000000000000e+01 2.498891540941809126e+03
2.041666666666666785e+01 2.475465285798326931e+03
2.083333333333333215e+01 2.449486103963567530e+03
2.125000000000000000e+01 2.420973688848699567e+03
2.166666666666666785e+01 2.389967973348471787e+03
2.208333333333333215e+01 2.356516598345770944e+03
2.250000000000000000e+01 2.320647687740503443e+03
2.291666666666666785e+01 2.282341163665969361e+03
2.333333333333333215e+01 2.241514846149646928e+03
2.375000000000000000e+01 2.198060446699682871e+03
2.416666666666666785e+01 2.152094135117750739e+03
2.458333333333333215e+01 2.104376715429861179e+03
2.500000000000000000e+01 2.055218555652706527e+03
2.541666666666666785e+01 2.005467895550345702e+03
2.583333333333333215e+01 1.955296334366297515e+03
2.625000000000000000e+01 1.904704876758532919e+03
2.666666666666666785e+01 1.853693897817391417e+03
2.708333333333333215e+01 1.802263425751739305e+03
2.750000000000000000e+01 1.750413291818233574e+03
2.791666666666666785e+01 1.698143298687520428e+03
2.833333333333333215e+01 1.645453291981156781e+03
2.875000000000000000e+01 1.592343173680046220e+03
2.916666666666666785e+01 1.538812784333742229e+03
2.958333333333333215e+01 1.484861860834806748e+03
3.000000000000000000e+01 1.430490058064246341e+03
3.041666666666666785e+01 1.375697099454609997e+03
3.083333333333333215e+01 1.320483009137388763e+03
3.125000000000000000e+01 1.264848097111046172e+03
3.166666666666666785e+01 1.208792546183883132e+03
3.208333333333333570e+01 1.152316422455481415e+03
3.250000000000000000e+01 1.095419630981372848e+03
3.291666666666666430e+01 1.038101986651401148e+03
3.333333333333333570e+01 9.803633582514953559e+02
3.375000000000000000e+01 9.222038286373312985e+02
3.416666666666666430e+01 8.636238159590495798e+02
3.458333333333333570e+01 8.046239450586622297e+02
3.500000000000000000e+01 7.452051028640930781e+02
3.541666666666666430e+01 6.853680429398237948e+02
3.583333333333333570e+01 6.251132005693880274e+02
3.625000000000000000e+01 5.644406270234726435e+02
3.666666666666666430e+01 5.033501095078630669e+02
3.708333333333333570e+01 4.418413471622873203e+02
3.750000000000000000e+01 3.799141506166968725e+02
3.791666666666666430e+01 3.175686053266923068e+02
3.833333333333333570e+01 2.548051281158938082e+02
3.875000000000000000e+01 1.916243272042771935e+02
3.916666666666666430e+01 1.280268692703272109e+02
3.958333333333333570e+01 6.401319197216184875e+01
4.000000000000000000e+01 1.256036351315881205e-09
