0.000000000000000000e+00 -7.611263702633763728e-11
4.166666666666666852e-01 1.149142863856059904e+02
8.333333333333333703e-01 2.274387522915353372e+02
1.250000000000000000e+00 3.370371446151864916e+02
1.666666666666666741e+00 4.435721825106851384e+02
2.083333333333333481e+00 5.471101124466554211e+02
2.500000000000000000e+00 6.476871608538417604e+02
2.916666666666666519e+00 7.452738385137572550e+02
3.333333333333333481e+00 8.397921384919112597e+02
3.750000000000000000e+00 9.311304584573779266e+02
4.166666666666666963e+00 1.019211814671618413e+03
4.583333333333333037e+00 1.103995872495843514e+03
5.000000000000000000e+00 1.185395649898433476e+03
5.416666666666666963e+00 1.263303115145975198e+03
5.833333333333333037e+00 1.337697073472292459e+03
6.250000000000000000e+00 1.408657651630518103e+03
6.666666666666666963e+00 1.476324158533641821e+03
7.083333333333333037e+00 1.540847588309309231e+03
7.500000000000000000e+00 1.602369753234559994e+03
7.916666666666666963e+00 1.661016526241216525e+03
8.333333333333333925e+00 1.716895825497250826e+03
8.750000000000000000e+00 1.770086313394211174e+03
9.166666666666666075e+00 1.820634036957350418e+03
9.583333333333333925e+00 1.868561381986614151e+03
1.000000000000000000e+01 1.913879904502297904e+03
1.041666666666666607e+01 1.956600956344066617e+03
1.083333333333333393e+01 1.996748106578944316e+03
1.125000000000000000e+01 2.034346616408350201e+03
1.166666666666666607e+01 2.069401811387296220e+03
1.208333333333333393e+01 2.101913566068997625e+03
1.250000000000000000e+01 2.131895886973670713e+03
1.291666666666666607e+01 2.159372122335417316e+03
1.333333333333333393e+01 2.184376711184441774e+03
1.375000000000000000e+01 2.206951418613763963e+03
1.416666666666666607e+01 2.227143848200087177e+03
1.458333333333333393e+01 2.244998930952414867e+03
1.500000000000000000e+01 2.260556284534822680e+03
1.541666666666666607e+01 2.273856093809728918e+03
1.583333333333333393e+01 2.284926363864489758e+03
1.625000000000000000e+01 2.293764291667069756e+03
1.666666666666666785e+01 2.300339767754810964e+03
1.708333333333333215e+01 2.304604705601695059e+03
1.750000000000000000e+01 2.306495757859677269e+03
1.791666666666666785e+01 2.305949216121786321e+03
1.833333333333333215e+01 2.302913151452434249e+03
1.875000000000000000e+01 2.297356295541483178e+03
1.916666666666666785e+01 2.289272581212977457e+03
1.958333333333333215e+01 2.278705103108904950e+03
2.000000000000000000e+01 2.265668653841154082e+03
2.041666666666666785e+01 2.250094619943070484e+03
2.083333333333333215e+01 2.232050322233054430e+03
2.125000000000000000e+01 2.211553771210218656e+03
2.166666666666666785e+01 2.188624597435102714e+03
2.208333333333333215e+01 2.163363558229089904e+03
2.250000000000000000e+01 2.135712083359612279e+03
2.291666666666666785e+01 2.105861991350013795e+03
2.333333333333333215e+01 2.073916709665557846e+03
2.375000000000000000e+01 2.041510059158738386e+03
2.416666666666666785e+01 2.007392483272595200e+03
2.458333333333333215e+01 1.971284071433665304e+03
2.500000000000000000e+01 1.933213114927243168e+03
2.541666666666666785e+01 1.893241730751946307e+03
2.583333333333333215e+01 1.851405144555333209e+03
2.625000000000000000e+01 1.807709356148205188e+03
2.666666666666666785e+01 1.762166769463145101e+03
2.708333333333333215e+01 1.714866920474449671e+03
2.750000000000000000e+01 1.665824556469739946e+03
2.791666666666666785e+01 1.616256124119955302e+03
2.833333333333333215e+01 1.566288781088572705e+03
2.875000000000000000e+01 1.515921581432258790e+03
2.916666666666666785e+01 1.465153269301414184e+03
2.958333333333333215e+01 1.413982230175680343e+03
3.000000000000000000e+01 1.362406555598579871e+03
3.041666666666666785e+01 1.310424216702814874e+03
3.083333333333333215e+01 1.258033267526124519e+03
3.125000000000000000e+01 1.205231893192131338e+03
3.166666666666666785e+01 1.152018251031957107e+03
3.208333333333333570e+01 1.098390442570197820e+03
3.250000000000000000e+01 1.044346527061747565e+03
3.291666666666666430e+01 9.898846189879966460e+02
3.333333333333333570e+01 9.350030376523317273e+02
3.375000000000000000e+01 8.797004681695357249e+02
3.416666666666666430e+01 8.239760963867439614e+02
3.458333333333333570e+01 7.678296072608360419e+02
3.500000000000000000e+01 7.112610454202092569e+02
3.541666666666666430e+01 6.542705741622203277e+02
3.583333333333333570e+01 5.968583132897390442e+02
3.625000000000000000e+01 5.390242668020941892e+02
3.666666666666666430e+01 4.807683921827774043e+02
3.708333333333333570e+01 4.220907035503114457e+02
3.750000000000000000e+01 3.629914015197022650e+02
3.791666666666666430e+01 3.034709764022935019e+02
3.833333333333333570e+01 2.435302378849325748e+02
3.875000000000000000e+01 1.831702030571208581e+02
3.916666666666666430e+01 1.223918794120815647e+02
3.958333333333333570e+01 6.119606830275471765e+01
4.000000000000000000e+01 -1.601759426483884141e-09
