0.000000000000000000e+00 -1.515062494211738553e-08
4.166666666666666852e-01 1.170831531468370059e+02
8.333333333333333703e-01 2.320007709670759368e+02
1.250000000000000000e+00 3.444519226544197750e+02
1.666666666666666741e+00 4.543224361777479885e+02
2.083333333333333481e+00 5.616375043799700961e+02
2.500000000000000000e+00 6.664437658391741479e+02
2.916666666666666519e+00 7.687457297662199380e+02
3.333333333333333481e+00 8.685215793473678332e+02
3.750000000000000000e+00 9.657485496714712099e+02
4.166666666666666963e+00 1.060406828485861752e+03
4.583333333333333037e+00 1.152471992123708560e+03
5.000000000000000000e+00 1.241905424936916233e+03
5.416666666666666963e+00 1.328654371965482824e+03
5.833333333333333037e+00 1.412678741398376587e+03
6.250000000000000000e+00 1.493954327000805733e+03
6.666666666666666963e+00 1.572435950856738600e+03
7.083333333333333037e+00 1.648086543266995704e+03
7.500000000000000000e+00 1.721053186643297749e+03
7.916666666666666963e+00 1.791700980444386460e+03
8.333333333333333925e+00 1.859747163544210252e+03
8.750000000000000000e+00 1.924846484687659085e+03
9.166666666666666075e+00 1.986959931087981658e+03
9.583333333333333925e+00 2.046163106817572043e+03
1.000000000000000000e+01 2.102517742352031291e+03
1.041666666666666607e+01 2.156060866386735142e+03
1.083333333333333393e+01 2.206811284749450806e+03
1.125000000000000000e+01 2.254772013563755536e+03
1.166666666666666607e+01 2.299932322064059917e+03
1.208333333333333393e+01 2.342266579163020651e+03
1.250000000000000000e+01 2.381728887707461581e+03
1.291666666666666607e+01 2.418239729832239391e+03
1.333333333333333393e+01 2.451664668572289884e+03
1.375000000000000000e+01 2.481797049325535681e+03
1.416666666666666607e+01 2.508388324959702459e+03
1.458333333333333393e+01 2.531477841862606056e+03
1.500000000000000000e+01 2.551420902441735961e+03
1.541666666666666607e+01 2.570922969028665648e+03
1.583333333333333393e+01 2.587364979040499747e+03
1.625000000000000000e+01 2.600535993084617076e+03
1.666666666666666785e+01 2.610606689616681706e+03
1.708333333333333215e+01 2.617779627034909481e+03
1.750000000000000000e+01 2.622231058042621044e+03
1.791666666666666785e+01 2.624086562955792942e+03
1.833333333333333215e+01 2.623414830052842262e+03
1.875000000000000000e+01 2.620244062944436791e+03
1.916666666666666785e+01 2.614585762044392141e+03
1.958333333333333215e+01 2.606454409381262849e+03
2.000000000000000000e+01 2.595873051970090273e+03
2.041666666666666785e+01 2.582861823344280310e+03
2.083333333333333215e+01 2.567425864748358890e+03
2.125000000000000000e+01 2.549556086208092893e+03
2.166666666666666785e+01 2.529242885511266650e+03
2.208333333333333215e+01 2.506489510164120020e+03
2.250000000000000000e+01 2.481325790325695380e+03
2.291666666666666785e+01 2.453823788283553768e+03
2.333333333333333215e+01 2.424101723209458214e+03
2.375000000000000000e+01 2.392364499306870130e+03
2.416666666666666785e+01 2.358798270644851982e+03
2.458333333333333215e+01 2.323111076819610389e+03
2.500000000000000000e+01 2.284396576350047326e+03
2.541666666666666785e+01 2.242874229010442377e+03
2.583333333333333215e+01 2.199257068182954754e+03
2.625000000000000000e+01 2.153723525996166245e+03
2.666666666666666785e+01 2.106252301250180153e+03
2.708333333333333215e+01 2.056788061996441684e+03
2.750000000000000000e+01 2.005305633920996570e+03
2.791666666666666785e+01 1.951828272216182313e+03
2.833333333333333215e+01 1.896438651379059365e+03
2.875000000000000000e+01 1.839327194379427510e+03
2.916666666666666785e+01 1.780781857514499052e+03
2.958333333333333215e+01 1.720797269313374727e+03
3.000000000000000000e+01 1.658660689685702891e+03
3.041666666666666785e+01 1.594467075029774378e+03
3.083333333333333215e+01 1.529635844670120605e+03
3.125000000000000000e+01 1.464395923203521761e+03
3.166666666666666785e+01 1.398747098398357139e+03
3.208333333333333570e+01 1.332689193274964964e+03
3.250000000000000000e+01 1.266222085268855153e+03
3.291666666666666430e+01 1.199345697565695900e+03
3.333333333333333570e+01 1.132059977053949979e+03
3.375000000000000000e+01 1.064364861181137258e+03
3.416666666666666430e+01 9.962602025685274612e+02
3.458333333333333570e+01 9.277457074480563506e+02
3.500000000000000000e+01 8.588210080091084819e+02
3.541666666666666430e+01 7.894857214942036308e+02
3.583333333333333570e+01 7.197394801251583658e+02
3.625000000000000000e+01 6.495819399923840365e+02
3.666666666666666430e+01 5.790127443983990361e+02
3.708333333333333570e+01 5.080315190694724947e+02
3.750000000000000000e+01 4.366378581576804550e+02
3.791666666666666430e+01 3.648312968636597020e+02
3.833333333333333570e+01 2.926112723721107045e+02
3.875000000000000000e+01 2.199771274657176434e+02
3.916666666666666430e+01 1.469281962051634309e+02
3.958333333333333570e+01 7.346385324254515581e+01
4.000000000000000000e+01 9.251152829903297459e-10
