0.000000000000000000e+00 -1.903963306459921512e-10
4.166666666666666852e-01 1.189164837411157407e+02
8.333333333333333703e-01 2.356408654582167799e+02
1.250000000000000000e+00 3.499188193137505323e+02
1.666666666666666741e+00 4.616509707724397344e+02
2.083333333333333481e+00 5.708566279349265642e+02
2.500000000000000000e+00 6.775747034870248626e+02
2.916666666666666519e+00 7.818070701642219547e+02
3.333333333333333481e+00 8.835365657167576501e+02
3.750000000000000000e+00 9.827465697394916333e+02
4.166666666666666963e+00 1.079418656385737449e+03
4.583333333333333037e+00 1.173529165061435378e+03
5.000000000000000000e+00 1.265046677710631229e+03
5.416666666666666963e+00 1.353928251022736276e+03
5.833333333333333037e+00 1.440128423495532388e+03
6.250000000000000000e+00 1.523615597163265647e+03
6.666666666666666963e+00 1.604358437462755319e+03
7.083333333333333037e+00 1.682328890593695633e+03
7.500000000000000000e+00 1.757630994187696388e+03
7.916666666666666963e+00 1.830544471580758682e+03
8.333333333333333925e+00 1.900818652688916245e+03
8.750000000000000000e+00 1.968167009836078250e+03
9.166666666666666075e+00 2.032555171496588173e+03
9.583333333333333925e+00 2.094044323046653972e+03
1.000000000000000000e+01 2.152681709212630722e+03
1.041666666666666607e+01 2.208487666237709163e+03
1.083333333333333393e+01 2.261468846094106993e+03
1.125000000000000000e+01 2.311621791506674526e+03
1.166666666666666607e+01 2.358933790941919597e+03
1.208333333333333393e+01 2.403388657604451964e+03
1.250000000000000000e+01 2.444973431048111252e+03
1.291666666666666607e+01 2.483688470224652065e+03
1.333333333333333393e+01 2.519558311938852967e+03
1.375000000000000000e+01 2.552641730119526983e+03
1.416666666666666607e+01 2.583037388369170458e+03
1.458333333333333393e+01 2.610834628985878680e+03
1.500000000000000000e+01 2.635907323331318366e+03
1.541666666666666607e+01 2.657602685805084548e+03
1.583333333333333393e+01 2.676018489050548396e+03
1.625000000000000000e+01 2.691571517283191497e+03
1.666666666666666785e+01 2.704327704994054329e+03
1.708333333333333215e+01 2.714258940197014454e+03
1.750000000000000000e+01 2.721319756087549194e+03
1.791666666666666785e+01 2.725464121634780895e+03
1.833333333333333215e+01 2.726655015511052170e+03
1.875000000000000000e+01 2.724875162865251696e+03
1.916666666666666785e+01 2.720129641706937491e+03
1.958333333333333215e+01 2.712447645198595637e+03
2.000000000000000000e+01 2.701884786381462618e+03
2.041666666666666785e+01 2.688516814193333630e+03
2.083333333333333215e+01 2.672416155183291266e+03
2.125000000000000000e+01 2.653628081597664277e+03
2.166666666666666785e+01 2.632157920282472787e+03
2.208333333333333215e+01 2.607998484690023361e+03
2.250000000000000000e+01 2.581179171652621790e+03
2.291666666666666785e+01 2.551798842590756067e+03
2.333333333333333215e+01 2.520044760104690795e+03
2.375000000000000000e+01 2.486227016718327832e+03
2.416666666666666785e+01 2.450819250240241217e+03
2.458333333333333215e+01 2.414325034298872197e+03
2.500000000000000000e+01 2.377267032082881997e+03
2.541666666666666785e+01 2.338930650381729720e+03
2.583333333333333215e+01 2.298964780061837700e+03
2.625000000000000000e+01 2.257122186222198252e+03
2.666666666666666785e+01 2.213177247034643642e+03
2.708333333333333215e+01 2.166947003033721103e+03
2.750000000000000000e+01 2.118307869535040481e+03
2.791666666666666785e+01 2.067204595398924994e+03
2.833333333333333215e+01 2.013591752768687002e+03
2.875000000000000000e+01 1.957364833134688979e+03
2.916666666666666785e+01 1.898505690588377092e+03
2.958333333333333215e+01 1.837169689414145523e+03
3.000000000000000000e+01 1.775225413332469998e+03
3.041666666666666785e+01 1.710777827993706069e+03
3.083333333333333215e+01 1.643598142871087930e+03
3.125000000000000000e+01 1.573971968248485609e+03
3.166666666666666785e+01 1.503609251013865560e+03
3.208333333333333570e+01 1.432768311258290851e+03
3.250000000000000000e+01 1.361450617918913395e+03
3.291666666666666430e+01 1.289658042312760244e+03
3.333333333333333570e+01 1.217392841186469468e+03
3.375000000000000000e+01 1.144657634355287428e+03
3.416666666666666430e+01 1.071455414921100555e+03
3.458333333333333570e+01 9.977895427515737765e+02
3.500000000000000000e+01 9.236636061588721986e+02
3.541666666666666430e+01 8.490813016692483188e+02
3.583333333333333570e+01 7.740463486906484150e+02
3.625000000000000000e+01 6.985624318851525913e+02
3.666666666666666430e+01 6.226331961238081476e+02
3.708333333333333570e+01 5.462622179979814518e+02
3.750000000000000000e+01 4.694529957455361568e+02
3.791666666666666430e+01 3.922089626364237915e+02
3.833333333333333570e+01 3.145335225063831786e+02
3.875000000000000000e+01 2.364300527072691693e+02
3.916666666666666430e+01 1.579018333126460618e+02
3.958333333333333570e+01 7.895201775000771249e+01
4.000000000000000000e+01 4.130089346909837644e-09
