0.000000000000000000e+00 3.171771102705722711e-09
4.166666666666666852e-01 1.208490182687986447e+02
8.333333333333333703e-01 2.387260784739551980e+02
1.250000000000000000e+00 3.537289899667573536e+02
1.666666666666666741e+00 4.658917533623215945e+02
2.083333333333333481e+00 5.751887089757306057e+02
2.500000000000000000e+00 6.815723838566976838e+02
2.916666666666666519e+00 7.850072101562523130e+02
3.333333333333333481e+00 8.854704536612016454e+02
3.750000000000000000e+00 9.829424116372167646e+02
4.166666666666666963e+00 1.077406792697395304e+03
4.583333333333333037e+00 1.168857755639165816e+03
5.000000000000000000e+00 1.257304700938519090e+03
5.416666666666666963e+00 1.342779024836019062e+03
5.833333333333333037e+00 1.425348123898597805e+03
6.250000000000000000e+00 1.505127658592322405e+03
6.666666666666666963e+00 1.582286399700948095e+03
7.083333333333333037e+00 1.657048358401637870e+03
7.500000000000000000e+00 1.729685626849327946e+03
7.916666666666666963e+00 1.800562896780356823e+03
8.333333333333333925e+00 1.871021929815135536e+03
8.750000000000000000e+00 1.940190726879081467e+03
9.166666666666666075e+00 2.007520230855805039e+03
9.583333333333333925e+00 2.072507565823314962e+03
1.000000000000000000e+01 2.134820566395505466e+03
1.041666666666666607e+01 2.194262380887651943e+03
1.083333333333333393e+01 2.250718855498966605e+03
1.125000000000000000e+01 2.304123361898446547e+03
1.166666666666666607e+01 2.354435143923186843e+03
1.208333333333333393e+01 2.401627784763523778e+03
1.250000000000000000e+01 2.445681700712590100e+03
1.291666666666666607e+01 2.486585635723660744e+03
1.333333333333333393e+01 2.524335918839587976e+03
1.375000000000000000e+01 2.558929290932467666e+03
1.416666666666666607e+01 2.590348487215772820e+03
1.458333333333333393e+01 2.618545070970648339e+03
1.500000000000000000e+01 2.643464992846922542e+03
1.541666666666666607e+01 2.665196502141196106e+03
1.583333333333333393e+01 2.684190148256220255e+03
1.625000000000000000e+01 2.700388822710297973e+03
1.666666666666666785e+01 2.713501620226559680e+03
1.708333333333333215e+01 2.723491931593368463e+03
1.750000000000000000e+01 2.730410443779983325e+03
1.791666666666666785e+01 2.734329526475879447e+03
1.833333333333333215e+01 2.735318971331678313e+03
1.875000000000000000e+01 2.733438781866627323e+03
1.916666666666666785e+01 2.728743924652134410e+03
1.958333333333333215e+01 2.721292829086165057e+03
2.000000000000000000e+01 2.711143470404714208e+03
2.041666666666666785e+01 2.698353574902332184e+03
2.083333333333333215e+01 2.682981263799328190e+03
2.125000000000000000e+01 2.665088422346704192e+03
2.166666666666666785e+01 2.644737333322455925e+03
2.208333333333333215e+01 2.621991401891978967e+03
2.250000000000000000e+01 2.596911215122451722e+03
2.291666666666666785e+01 2.569533766843369449e+03
2.333333333333333215e+01 2.539849409374534844e+03
2.375000000000000000e+01 2.507795799328160683e+03
2.416666666666666785e+01 2.473314880378081398e+03
2.458333333333333215e+01 2.436514585758516660e+03
2.500000000000000000e+01 2.397957021882956724e+03
2.541666666666666785e+01 2.357467955275024906e+03
2.583333333333333215e+01 2.314586747114645732e+03
2.625000000000000000e+01 2.269280610374660228e+03
2.666666666666666785e+01 2.221679800096730560e+03
2.708333333333333215e+01 2.171912535039692557e+03
2.750000000000000000e+01 2.120050886183376861e+03
2.791666666666666785e+01 2.066140768652011047e+03
2.833333333333333215e+01 2.010219749758011631e+03
2.875000000000000000e+01 1.952287357454946687e+03
2.916666666666666785e+01 1.892282054814406138e+03
2.958333333333333215e+01 1.830240214258987180e+03
3.000000000000000000e+01 1.766608626032971642e+03
3.041666666666666785e+01 1.701421335800728230e+03
3.083333333333333215e+01 1.634389952040424305e+03
3.125000000000000000e+01 1.565572002830638212e+03
3.166666666666666785e+01 1.495147640429681587e+03
3.208333333333333570e+01 1.424155330699129991e+03
3.250000000000000000e+01 1.352768041494157615e+03
3.291666666666666430e+01 1.280985896816966942e+03
3.333333333333333570e+01 1.208808710801421057e+03
3.375000000000000000e+01 1.136236095232787648e+03
3.416666666666666430e+01 1.063267505620881138e+03
3.458333333333333570e+01 9.899022473151703707e+02
3.500000000000000000e+01 9.161395486890062330e+02
3.541666666666666430e+01 8.419785802416848810e+02
3.583333333333333570e+01 7.674184390356720087e+02
3.625000000000000000e+01 6.924581300612458108e+02
3.666666666666666430e+01 6.170965268400925652e+02
3.708333333333333570e+01 5.413323813190238525e+02
3.750000000000000000e+01 4.651643362397909982e+02
3.791666666666666430e+01 3.885909266930903527e+02
3.833333333333333570e+01 3.116105574472706508e+02
3.875000000000000000e+01 2.342214954746539206e+02
3.916666666666666430e+01 1.564219206971361302e+02
3.958333333333333570e+01 7.820994400949976466e+01
4.000000000000000000e+01 -2.030169712896601197e-10
