0.000000000000000000e+00 -1.618843024908667161e-09
4.166666666666666852e-01 1.193463956207799868e+02
8.333333333333333703e-01 2.360490632866692238e+02
1.250000000000000000e+00 3.502601978764243427e+02
1.666666666666666741e+00 4.620378634157528381e+02
2.083333333333333481e+00 5.713723079282705157e+02
2.500000000000000000e+00 6.782309186665436300e+02
2.916666666666666519e+00 7.825853627813851290e+02
3.333333333333333481e+00 8.844161017181902480e+02
3.750000000000000000e+00 9.837071316922027790e+02
4.166666666666666963e+00 1.080440788664708180e+03
4.583333333333333037e+00 1.174593515432982940e+03
5.000000000000000000e+00 1.266131773580690606e+03
5.416666666666666963e+00 1.355007517599953189e+03
5.833333333333333037e+00 1.441152787215774651e+03
6.250000000000000000e+00 1.524473572314295325e+03
6.666666666666666963e+00 1.604841714076506832e+03
7.083333333333333037e+00 1.682079186038831267e+03
7.500000000000000000e+00 1.755925269019526013e+03
7.916666666666666963e+00 1.826092968110659967e+03
8.333333333333333925e+00 1.892327798691909493e+03
8.750000000000000000e+00 1.954781874501976290e+03
9.166666666666666075e+00 2.013739615054556225e+03
9.583333333333333925e+00 2.069479889609868678e+03
1.000000000000000000e+01 2.122214107456153670e+03
1.041666666666666607e+01 2.172097039002203474e+03
1.083333333333333393e+01 2.219241865645243251e+03
1.125000000000000000e+01 2.263725431147217932e+03
1.166666666666666607e+01 2.305593347161212478e+03
1.208333333333333393e+01 2.344871839564805668e+03
1.250000000000000000e+01 2.381580407654663304e+03
1.291666666666666607e+01 2.415741831812598775e+03
1.333333333333333393e+01 2.447389417197143757e+03
1.375000000000000000e+01 2.476569031212806294e+03
1.416666666666666607e+01 2.503334197072385905e+03
1.458333333333333393e+01 2.527732042859515786e+03
1.500000000000000000e+01 2.549791458890651938e+03
1.541666666666666607e+01 2.569571751113432583e+03
1.583333333333333393e+01 2.587296126106610700e+03
1.625000000000000000e+01 2.602855166177587762e+03
1.666666666666666785e+01 2.616059947648653633e+03
1.708333333333333215e+01 2.626829788551752245e+03
1.750000000000000000e+01 2.635116978720636780e+03
1.791666666666666785e+01 2.640888769828373370e+03
1.833333333333333215e+01 2.644127797913404720e+03
1.875000000000000000e+01 2.644836837565150745e+03
1.916666666666666785e+01 2.643035490079594183e+03
1.958333333333333215e+01 2.638747603038316356e+03
2.000000000000000000e+01 2.631996648913301215e+03
2.041666666666666785e+01 2.622811173591000170e+03
2.083333333333333215e+01 2.611234696891085150e+03
2.125000000000000000e+01 2.597326201619772746e+03
2.166666666666666785e+01 2.581150851847138711e+03
2.208333333333333215e+01 2.562758860434591043e+03
2.250000000000000000e+01 2.542166708381986155e+03
2.291666666666666785e+01 2.519349690247812759e+03
2.333333333333333215e+01 2.494254079092292159e+03
2.375000000000000000e+01 2.466821209182463008e+03
2.416666666666666785e+01 2.437015262093107140e+03
2.458333333333333215e+01 2.404890268426422153e+03
2.500000000000000000e+01 2.370712980708251962e+03
2.541666666666666785e+01 2.334418580564025433e+03
2.583333333333333215e+01 2.295789784826765754e+03
2.625000000000000000e+01 2.254806111236892320e+03
2.666666666666666785e+01 2.211519292820417377e+03
2.708333333333333215e+01 2.165992966781029736e+03
2.750000000000000000e+01 2.118278639791654314e+03
2.791666666666666785e+01 2.068407272957210353e+03
2.833333333333333215e+01 2.016370498206397997e+03
2.875000000000000000e+01 1.962079791236668370e+03
2.916666666666666785e+01 1.905350063578327990e+03
2.958333333333333215e+01 1.846127903312232320e+03
3.000000000000000000e+01 1.784566016036391375e+03
3.041666666666666785e+01 1.722470675319715610e+03
3.083333333333333215e+01 1.658554000505559770e+03
3.125000000000000000e+01 1.592568049681021421e+03
3.166666666666666785e+01 1.524559099953568648e+03
3.208333333333333570e+01 1.454630280578355951e+03
3.250000000000000000e+01 1.382988614801151016e+03
3.291666666666666430e+01 1.309869447817692617e+03
3.333333333333333570e+01 1.236185455488644038e+03
3.375000000000000000e+01 1.162075100610278469e+03
3.416666666666666430e+01 1.087538660128823722e+03
3.458333333333333570e+01 1.012576440949165885e+03
3.500000000000000000e+01 9.371888260501743844e+02
3.541666666666666430e+01 8.613762996739728806e+02
3.583333333333333570e+01 7.851394445979303782e+02
3.625000000000000000e+01 7.084789263351711952e+02
3.666666666666666430e+01 6.313954432776127987e+02
3.708333333333333570e+01 5.538897172155958515e+02
3.750000000000000000e+01 4.759624797414522277e+02
3.791666666666666430e+01 3.976144446319877943e+02
3.833333333333333570e+01 3.188462626950052936e+02
3.875000000000000000e+01 2.396585101362197179e+02
3.916666666666666430e+01 1.600517528607123268e+02
3.958333333333333570e+01 8.002657812441970009e+01
4.000000000000000000e+01 1.602337915129758983e-10
