0.000000000000000000e+00 -7.676221188551712871e-08
4.166666666666666852e-01 1.112792342013159015e+02
8.333333333333333703e-01 2.204828111400386206e+02
1.250000000000000000e+00 3.275137743949373998e+02
1.666666666666666741e+00 4.323202236537406407e+02
2.083333333333333481e+00 5.348962435424875821e+02
2.500000000000000000e+00 6.352581162783914124e+02
2.916666666666666519e+00 7.334131576047136605e+02
3.333333333333333481e+00 8.293504864576161708e+02
3.750000000000000000e+00 9.230449490780276847e+02
4.166666666666666963e+00 1.014460269270960225e+03
4.583333333333333037e+00 1.103553187496857845e+03
5.000000000000000000e+00 1.190284209141750580e+03
5.416666666666666963e+00 1.274624611786803143e+03
5.833333333333333037e+00 1.356555500753651131e+03
6.250000000000000000e+00 1.436065298281249852e+03
6.666666666666666963e+00 1.513144964642532841e+03
7.083333333333333037e+00 1.587787742669116369e+03
7.500000000000000000e+00 1.659990313726011891e+03
7.916666666666666963e+00 1.729762622161433910e+03
8.333333333333333925e+00 1.797126809309553892e+03
8.750000000000000000e+00 1.862052471654540568e+03
9.166666666666666075e+00 1.924502584625102372e+03
9.583333333333333925e+00 1.984459979525959170e+03
1.000000000000000000e+01 2.041913723488020423e+03
1.041666666666666607e+01 2.096847292939227827e+03
1.083333333333333393e+01 2.149239589754191002e+03
1.125000000000000000e+01 2.199067778268540678e+03
1.166666666666666607e+01 2.246309433687261389e+03
1.208333333333333393e+01 2.290941767619024176e+03
1.250000000000000000e+01 2.332942337248595322e+03
1.291666666666666607e+01 2.372290233503827494e+03
1.333333333333333393e+01 2.408967359564896469e+03
1.375000000000000000e+01 2.442959968259594007e+03
1.416666666666666607e+01 2.474256937220029613e+03
1.458333333333333393e+01 2.502846416042104011e+03
1.500000000000000000e+01 2.528699241833783162e+03
1.541666666666666607e+01 2.551732259989578779e+03
1.583333333333333393e+01 2.571995969465280723e+03
1.625000000000000000e+01 2.589533643218066118e+03
1.666666666666666785e+01 2.604355880860414345e+03
1.708333333333333215e+01 2.616466938987578942e+03
1.750000000000000000e+01 2.625874419626718009e+03
1.791666666666666785e+01 2.632597038077882644e+03
1.833333333333333215e+01 2.636668547075857532e+03
1.875000000000000000e+01 2.638126328553922576e+03
1.916666666666666785e+01 2.636995072957549382e+03
1.958333333333333215e+01 2.633287246801312904e+03
2.000000000000000000e+01 2.627011238165615850e+03
2.041666666666666785e+01 2.618179436690790226e+03
2.083333333333333215e+01 2.606810129468763989e+03
2.125000000000000000e+01 2.592920785298448209e+03
2.166666666666666785e+01 2.576522534414526945e+03
2.208333333333333215e+01 2.557620441102135374e+03
2.250000000000000000e+01 2.536220728958407108e+03
2.291666666666666785e+01 2.512336113984885287e+03
2.333333333333333215e+01 2.485991896391544287e+03
2.375000000000000000e+01 2.457234166698016452e+03
2.416666666666666785e+01 2.426120729179630416e+03
2.458333333333333215e+01 2.392657762507071766e+03
2.500000000000000000e+01 2.356685292445526557e+03
2.541666666666666785e+01 2.318292924513772505e+03
2.583333333333333215e+01 2.277673590430206787e+03
2.625000000000000000e+01 2.234891403911393354e+03
2.666666666666666785e+01 2.189974170994100405e+03
2.708333333333333215e+01 2.142957876916487294e+03
2.750000000000000000e+01 2.093892242804056423e+03
2.791666666666666785e+01 2.042822669180088496e+03
2.833333333333333215e+01 1.989772423474260904e+03
2.875000000000000000e+01 1.934759339870026224e+03
2.916666666666666785e+01 1.877820645846275738e+03
2.958333333333333215e+01 1.818961168790388456e+03
3.000000000000000000e+01 1.757905727965568531e+03
3.041666666666666785e+01 1.694822152582558601e+03
3.083333333333333215e+01 1.629972945987378353e+03
3.125000000000000000e+01 1.563451296686452224e+03
3.166666666666666785e+01 1.495271467301849498e+03
3.208333333333333570e+01 1.425493941316775363e+03
3.250000000000000000e+01 1.354230611440835446e+03
3.291666666666666430e+01 1.282414128966457611e+03
3.333333333333333570e+01 1.210194372995596041e+03
3.375000000000000000e+01 1.137571589382109551e+03
3.416666666666666430e+01 1.064545844990656860e+03
3.458333333333333570e+01 9.911170027789661390e+02
3.500000000000000000e+01 9.172847896300390858e+02
3.541666666666666430e+01 8.430488255907424673e+02
3.583333333333333570e+01 7.684086232307980708e+02
3.625000000000000000e+01 6.933635831264932676e+02
3.666666666666666430e+01 6.179129664594516953e+02
3.708333333333333570e+01 5.420559159019993558e+02
3.750000000000000000e+01 4.657914758686478081e+02
3.791666666666666430e+01 3.891185972207748591e+02
3.833333333333333570e+01 3.120361148415375396e+02
3.875000000000000000e+01 2.345427424006419130e+02
3.916666666666666430e+01 1.566371289160904894e+02
3.958333333333333570e+01 7.831788128482473610e+01
4.000000000000000000e+01 3.380264256003240320e-09
