0.000000000000000000e+00 -1.651363065041655531e-08
4.166666666666666852e-01 1.208562172092497633e+02
8.333333333333333703e-01 2.389017030755033204e+02
1.250000000000000000e+00 3.545626658747013948e+02
1.666666666666666741e+00 4.678748547050746538e+02
2.083333333333333481e+00 5.786571209481812730e+02
2.500000000000000000e+00 6.867482191185862348e+02
2.916666666666666519e+00 7.920501704262703697e+02
3.333333333333333481e+00 8.944815119985905767e+02
3.750000000000000000e+00 9.939681739169748198e+02
4.166666666666666963e+00 1.090435130935206644e+03
4.583333333333333037e+00 1.183821611654073877e+03
5.000000000000000000e+00 1.274077068426591950e+03
5.416666666666666963e+00 1.361107826621838740e+03
5.833333333333333037e+00 1.444784100194120356e+03
6.250000000000000000e+00 1.525029430218090965e+03
6.666666666666666963e+00 1.601846543641594053e+03
7.083333333333333037e+00 1.675434424699521060e+03
7.500000000000000000e+00 1.747977788279387141e+03
7.916666666666666963e+00 1.818043034460192303e+03
8.333333333333333925e+00 1.885576852244962311e+03
8.750000000000000000e+00 1.950332077797340844e+03
9.166666666666666075e+00 2.012208296458954010e+03
9.583333333333333925e+00 2.071114646878277199e+03
1.000000000000000000e+01 2.127025519867593630e+03
1.041666666666666607e+01 2.179922611282868729e+03
1.083333333333333393e+01 2.229748827533090207e+03
1.125000000000000000e+01 2.276377144279217646e+03
1.166666666666666607e+01 2.319620418984431126e+03
1.208333333333333393e+01 2.359283805930436756e+03
1.250000000000000000e+01 2.395247863721378508e+03
1.291666666666666607e+01 2.427537553309898612e+03
1.333333333333333393e+01 2.456320930437088464e+03
1.375000000000000000e+01 2.481813325779055049e+03
1.416666666666666607e+01 2.504153763437615908e+03
1.458333333333333393e+01 2.523369111777802118e+03
1.500000000000000000e+01 2.539503670924770176e+03
1.541666666666666607e+01 2.552586410341391911e+03
1.583333333333333393e+01 2.562401602766586620e+03
1.625000000000000000e+01 2.569370828564370640e+03
1.666666666666666785e+01 2.574962344793592820e+03
1.708333333333333215e+01 2.578621330005019900e+03
1.750000000000000000e+01 2.579309356329341426e+03
1.791666666666666785e+01 2.576909537456738690e+03
1.833333333333333215e+01 2.571577656135329562e+03
1.875000000000000000e+01 2.563514964310328651e+03
1.916666666666666785e+01 2.552894111508991500e+03
1.958333333333333215e+01 2.539844398035788345e+03
2.000000000000000000e+01 2.524459682007858191e+03
2.041666666666666785e+01 2.506812719860437937e+03
2.083333333333333215e+01 2.486970070134228536e+03
2.125000000000000000e+01 2.465002455757670759e+03
2.166666666666666785e+01 2.440980635412915490e+03
2.208333333333333215e+01 2.414952895250136407e+03
2.250000000000000000e+01 2.386952921242356751e+03
2.291666666666666785e+01 2.357023217882063364e+03
2.333333333333333215e+01 2.325187096716891119e+03
2.375000000000000000e+01 2.291401897557499524e+03
2.416666666666666785e+01 2.255675233381082307e+03
2.458333333333333215e+01 2.218262412575611961e+03
2.500000000000000000e+01 2.180404676908663987e+03
2.541666666666666785e+01 2.140239474608973524e+03
2.583333333333333215e+01 2.097598137105690967e+03
2.625000000000000000e+01 2.052635867864762531e+03
2.666666666666666785e+01 2.005462558562950107e+03
2.708333333333333215e+01 1.956117793452252045e+03
2.750000000000000000e+01 1.904643227540776024e+03
2.791666666666666785e+01 1.851036732364940008e+03
2.833333333333333215e+01 1.795256688181056916e+03
2.875000000000000000e+01 1.737527606460340394e+03
2.916666666666666785e+01 1.678223915641703115e+03
2.958333333333333215e+01 1.618456516879663468e+03
3.000000000000000000e+01 1.558316857615239087e+03
3.041666666666666785e+01 1.497804014831192490e+03
3.083333333333333215e+01 1.436915273235872064e+03
3.125000000000000000e+01 1.375650861529558824e+03
3.166666666666666785e+01 1.314009647631714643e+03
3.208333333333333570e+01 1.251990504229388534e+03
3.250000000000000000e+01 1.189591991010155198e+03
3.291666666666666430e+01 1.126812528706050216e+03
3.333333333333333570e+01 1.063650495570408339e+03
3.375000000000000000e+01 1.000104197488983345e+03
3.416666666666666430e+01 9.361719547000502644e+02
3.458333333333333570e+01 8.718521643366303806e+02
3.500000000000000000e+01 8.071432125566923332e+02
3.541666666666666430e+01 7.420433928066494218e+02
3.583333333333333570e+01 6.765508870280796145e+02
3.625000000000000000e+01 6.106637474681662070e+02
3.666666666666666430e+01 5.443799464229160776e+02
3.708333333333333570e+01 4.776974031406169843e+02
3.750000000000000000e+01 4.106140216356477595e+02
3.791666666666666430e+01 3.431277362988215032e+02
3.833333333333333570e+01 2.752365570761238587e+02
3.875000000000000000e+01 2.069385581116787307e+02
3.916666666666666430e+01 1.382317758885324395e+02
3.958333333333333570e+01 6.911414551674521078e+01
4.000000000000000000e+01 -5.989524244631727612e-09
