0.000000000000000000e+00 -8.500507936437529111e-11
4.166666666666666852e-01 1.144119357602051537e+02
8.333333333333333703e-01 2.264610178773229165e+02
1.250000000000000000e+00 3.360696917337906484e+02
1.666666666666666741e+00 4.431895872776800047e+02
2.083333333333333481e+00 5.478054525530546925e+02
2.500000000000000000e+00 6.499129598879964078e+02
2.916666666666666519e+00 7.494968701516293095e+02
3.333333333333333481e+00 8.465343901382087779e+02
3.750000000000000000e+00 9.410040088647181165e+02
4.166666666666666963e+00 1.032886487700537828e+03
4.583333333333333037e+00 1.122164679419990534e+03
5.000000000000000000e+00 1.208822666319084647e+03
5.416666666666666963e+00 1.292845008466670151e+03
5.833333333333333037e+00 1.374217372412117584e+03
6.250000000000000000e+00 1.452933729976292625e+03
6.666666666666666963e+00 1.529012831882432238e+03
7.083333333333333037e+00 1.602513848214320205e+03
7.500000000000000000e+00 1.673557653025574837e+03
7.916666666666666963e+00 1.742295784034911776e+03
8.333333333333333925e+00 1.808787514335780088e+03
8.750000000000000000e+00 1.872925616116795709e+03
9.166666666666666075e+00 1.934647232283799440e+03
9.583333333333333925e+00 1.993900223828163234e+03
1.000000000000000000e+01 2.050633020445345210e+03
1.041666666666666607e+01 2.104804498639924532e+03
1.083333333333333393e+01 2.156386063072164688e+03
1.125000000000000000e+01 2.205357038567317886e+03
1.166666666666666607e+01 2.251703858064649012e+03
1.208333333333333393e+01 2.295419644325261288e+03
1.250000000000000000e+01 2.336503898913542798e+03
1.291666666666666607e+01 2.374963792217974515e+03
1.333333333333333393e+01 2.410814905607751825e+03
1.375000000000000000e+01 2.444077178348307825e+03
1.416666666666666607e+01 2.474765686457742959e+03
1.458333333333333393e+01 2.502877476300287981e+03
1.500000000000000000e+01 2.528362967898684474e+03
1.541666666666666607e+01 2.551082891130471580e+03
1.583333333333333393e+01 2.571085257076680591e+03
1.625000000000000000e+01 2.588447933370458486e+03
1.666666666666666785e+01 2.603202377697805787e+03
1.708333333333333215e+01 2.615374542293285685e+03
1.750000000000000000e+01 2.624993556428892134e+03
1.791666666666666785e+01 2.632092615462753656e+03
1.833333333333333215e+01 2.636710007526266054e+03
1.875000000000000000e+01 2.638890359041578449e+03
1.916666666666666785e+01 2.638682754939312417e+03
1.958333333333333215e+01 2.636131330330611490e+03
2.000000000000000000e+01 2.631268321706289498e+03
2.041666666666666785e+01 2.624114392125015911e+03
2.083333333333333215e+01 2.614681753200773528e+03
2.125000000000000000e+01 2.602968275316391555e+03
2.166666666666666785e+01 2.588952156003515938e+03
2.208333333333333215e+01 2.572595766989692493e+03
2.250000000000000000e+01 2.553853138699158990e+03
2.291666666666666785e+01 2.532660185252382234e+03
2.333333333333333215e+01 2.508905727178981124e+03
2.375000000000000000e+01 2.482407191245653848e+03
2.416666666666666785e+01 2.452919481974411610e+03
2.458333333333333215e+01 2.420175284605528304e+03
2.500000000000000000e+01 2.383942921205909897e+03
2.541666666666666785e+01 2.344662770931205614e+03
2.583333333333333215e+01 2.302712583736684337e+03
2.625000000000000000e+01 2.258366625797683355e+03
2.666666666666666785e+01 2.211820528906416257e+03
2.708333333333333215e+01 2.163215774876319301e+03
2.750000000000000000e+01 2.112659817175496755e+03
2.791666666666666785e+01 2.060249319511525755e+03
2.833333333333333215e+01 2.006083745896129585e+03
2.875000000000000000e+01 1.950255888203701033e+03
2.916666666666666785e+01 1.892801437733209696e+03
2.958333333333333215e+01 1.833613735179244031e+03
3.000000000000000000e+01 1.772353766588188364e+03
3.041666666666666785e+01 1.709231894372057923e+03
3.083333333333333215e+01 1.644477303392741305e+03
3.125000000000000000e+01 1.578050211580856740e+03
3.166666666666666785e+01 1.509895442184793865e+03
3.208333333333333570e+01 1.440040951172056566e+03
3.250000000000000000e+01 1.368631027316055224e+03
3.291666666666666430e+01 1.295837692518084168e+03
3.333333333333333570e+01 1.222565703244079486e+03
3.375000000000000000e+01 1.148939629482543296e+03
3.416666666666666430e+01 1.074955751597620520e+03
3.458333333333333570e+01 1.000610548901098127e+03
3.500000000000000000e+01 9.259005863539354095e+02
3.541666666666666430e+01 8.508224223381025695e+02
3.583333333333333570e+01 7.753725493144761458e+02
3.625000000000000000e+01 6.995473559794793346e+02
3.666666666666666430e+01 6.233431343077660358e+02
3.708333333333333570e+01 5.467560574315547228e+02
3.750000000000000000e+01 4.697821727693672074e+02
3.791666666666666430e+01 3.924174191460766110e+02
3.833333333333333570e+01 3.146576699653415972e+02
3.875000000000000000e+01 2.364987496726102165e+02
3.916666666666666430e+01 1.579363802457498025e+02
3.958333333333333570e+01 7.896616632382045964e+01
4.000000000000000000e+01 1.173774064056054556e-10
