0.000000000000000000e+00 -6.414488593065037492e-10
4.166666666666666852e-01 1.222239528843482645e+02
8.333333333333333703e-01 2.417887703032782838e+02
1.250000000000000000e+00 3.587250317173431995e+02
1.666666666666666741e+00 4.730323803915202916e+02
2.083333333333333481e+00 5.846896867165905860e+02
2.500000000000000000e+00 6.936774185493702589e+02
2.916666666666666519e+00 7.999877517103540185e+02
3.333333333333333481e+00 9.036179164801555999e+02
3.750000000000000000e+00 1.004563745674739039e+03
4.166666666666666963e+00 1.102817035113885368e+03
4.583333333333333037e+00 1.198362810513860268e+03
5.000000000000000000e+00 1.291174298896663458e+03
5.416666666666666963e+00 1.381205960657067180e+03
5.833333333333333037e+00 1.468380536695501632e+03
6.250000000000000000e+00 1.552569752611267404e+03
6.666666666666666963e+00 1.633568473315886422e+03
7.083333333333333037e+00 1.711062735727466361e+03
7.500000000000000000e+00 1.784729009590325404e+03
7.916666666666666963e+00 1.854134713621500168e+03
8.333333333333333925e+00 1.919467348543040544e+03
8.750000000000000000e+00 1.981067845114765305e+03
9.166666666666666075e+00 2.039294555895494341e+03
9.583333333333333925e+00 2.094421936053711761e+03
1.000000000000000000e+01 2.146633947147478466e+03
1.041666666666666607e+01 2.196050145239988069e+03
1.083333333333333393e+01 2.242745654561324045e+03
1.125000000000000000e+01 2.286764761061959689e+03
1.166666666666666607e+01 2.328130389629763158e+03
1.208333333333333393e+01 2.366850926528298260e+03
1.250000000000000000e+01 2.402924586517992793e+03
1.291666666666666607e+01 2.436342126924417244e+03
1.333333333333333393e+01 2.467088409150491316e+03
1.375000000000000000e+01 2.495141764010414136e+03
1.416666666666666607e+01 2.520473276467317191e+03
1.458333333333333393e+01 2.543050685658958628e+03
1.500000000000000000e+01 2.562854768649368452e+03
1.541666666666666607e+01 2.579919459962365181e+03
1.583333333333333393e+01 2.594384502388969850e+03
1.625000000000000000e+01 2.606204996809282875e+03
1.666666666666666785e+01 2.615278394443423622e+03
1.708333333333333215e+01 2.621590064299728510e+03
1.750000000000000000e+01 2.625153564099412961e+03
1.791666666666666785e+01 2.625985767883593780e+03
1.833333333333333215e+01 2.624100858434282600e+03
1.875000000000000000e+01 2.619510061091908938e+03
1.916666666666666785e+01 2.612222679284925562e+03
1.958333333333333215e+01 2.602247356343248157e+03
2.000000000000000000e+01 2.589593750674606781e+03
2.041666666666666785e+01 2.574274312721835486e+03
2.083333333333333215e+01 2.556305520481342228e+03
2.125000000000000000e+01 2.535709997801950067e+03
2.166666666666666785e+01 2.512522362621648881e+03
2.208333333333333215e+01 2.486798985837287546e+03
2.250000000000000000e+01 2.458631318532717614e+03
2.291666666666666785e+01 2.428159040479419673e+03
2.333333333333333215e+01 2.395575361935033470e+03
2.375000000000000000e+01 2.361124685594394123e+03
2.416666666666666785e+01 2.325133577462290759e+03
2.458333333333333215e+01 2.287992780708745158e+03
2.500000000000000000e+01 2.250321106994218098e+03
2.541666666666666785e+01 2.210642575121087702e+03
2.583333333333333215e+01 2.168608220906177394e+03
2.625000000000000000e+01 2.124173662858705939e+03
2.666666666666666785e+01 2.077360909076693133e+03
2.708333333333333215e+01 2.028218754651121117e+03
2.750000000000000000e+01 1.976779348937770692e+03
2.791666666666666785e+01 1.923046142290819262e+03
2.833333333333333215e+01 1.867087565745777965e+03
2.875000000000000000e+01 1.809024159895386447e+03
2.916666666666666785e+01 1.749021306158104380e+03
2.958333333333333215e+01 1.687346310412054208e+03
3.000000000000000000e+01 1.625114470023310787e+03
3.041666666666666785e+01 1.562426184916393368e+03
3.083333333333333215e+01 1.499283564098598390e+03
3.125000000000000000e+01 1.435689315085696990e+03
3.166666666666666785e+01 1.371645895582998946e+03
3.208333333333333570e+01 1.307155622292870703e+03
3.250000000000000000e+01 1.242220851879550082e+03
3.291666666666666430e+01 1.176843930937856612e+03
3.333333333333333570e+01 1.111027132893343378e+03
3.375000000000000000e+01 1.044772628050934600e+03
3.416666666666666430e+01 9.780824872704005202e+02
3.458333333333333570e+01 9.109587117092811468e+02
3.500000000000000000e+01 8.434031777268223777e+02
3.541666666666666430e+01 7.754176215421013012e+02
3.583333333333333570e+01 7.070036508320058601e+02
3.625000000000000000e+01 6.381627565653623151e+02
3.666666666666666430e+01 5.688963456495654327e+02
3.708333333333333570e+01 4.992057255355596794e+02
3.750000000000000000e+01 4.290920912874149167e+02
3.791666666666666430e+01 3.585565308982706370e+02
3.833333333333333570e+01 2.876000621941174700e+02
3.875000000000000000e+01 2.162236588956755838e+02
3.916666666666666430e+01 1.444282211922036936e+02
3.958333333333333570e+01 7.221458429127125100e+01
4.000000000000000000e+01 -1.566816815179450373e-11
