0.000000000000000000e+00 -1.483982139047212989e-07
4.166666666666666852e-01 1.199754165352604218e+02
8.333333333333333703e-01 2.375974384591378907e+02
1.250000000000000000e+00 3.527231237998391293e+02
1.666666666666666741e+00 4.652918419987352650e+02
2.083333333333333481e+00 5.753034018024461602e+02
2.500000000000000000e+00 6.827672000412916304e+02
2.916666666666666519e+00 7.876755751679739888e+02
3.333333333333333481e+00 8.900109304666632397e+02
3.750000000000000000e+00 9.897529050424429897e+02
4.166666666666666963e+00 1.086879099213490917e+03
4.583333333333333037e+00 1.181366396692767921e+03
5.000000000000000000e+00 1.273189851360681132e+03
5.416666666666666963e+00 1.362317363764640277e+03
5.833333333333333037e+00 1.448710658668497899e+03
6.250000000000000000e+00 1.532336511383080051e+03
6.666666666666666963e+00 1.613185295434339423e+03
7.083333333333333037e+00 1.691305807349540828e+03
7.500000000000000000e+00 1.766809257261351604e+03
7.916666666666666963e+00 1.839549311928134557e+03
8.333333333333333925e+00 1.909366990718298439e+03
8.750000000000000000e+00 1.976236311198815656e+03
9.166666666666666075e+00 2.040188373203335004e+03
9.583333333333333925e+00 2.101249693327246405e+03
1.000000000000000000e+01 2.159429575061173637e+03
1.041666666666666607e+01 2.214727472602764465e+03
1.083333333333333393e+01 2.267141233804862168e+03
1.125000000000000000e+01 2.316667557312613098e+03
1.166666666666666607e+01 2.363301147675748325e+03
1.208333333333333393e+01 2.407036303674798546e+03
1.250000000000000000e+01 2.447869190430327308e+03
1.291666666666666607e+01 2.485801061131708593e+03
1.333333333333333393e+01 2.520841338519835062e+03
1.375000000000000000e+01 2.553012758074023623e+03
1.416666666666666607e+01 2.582359147967340505e+03
1.458333333333333393e+01 2.608944852393765359e+03
1.500000000000000000e+01 2.632820069842093289e+03
1.541666666666666607e+01 2.653925944315529705e+03
1.583333333333333393e+01 2.671967441403178782e+03
1.625000000000000000e+01 2.687005934398599038e+03
1.666666666666666785e+01 2.699252723953009081e+03
1.708333333333333215e+01 2.708739926947534514e+03
1.750000000000000000e+01 2.715444365776215818e+03
1.791666666666666785e+01 2.719344140144489756e+03
1.833333333333333215e+01 2.720432827065510537e+03
1.875000000000000000e+01 2.718717042340774242e+03
1.916666666666666785e+01 2.714211984545797350e+03
1.958333333333333215e+01 2.706937432728654585e+03
2.000000000000000000e+01 2.696915041085918801e+03
2.041666666666666785e+01 2.684168790534389700e+03
2.083333333333333215e+01 2.668728397669116475e+03
2.125000000000000000e+01 2.650632270207399415e+03
2.166666666666666785e+01 2.629928610576039318e+03
2.208333333333333215e+01 2.606677639585786437e+03
2.250000000000000000e+01 2.580953371090118708e+03
2.291666666666666785e+01 2.552832842694893770e+03
2.333333333333333215e+01 2.522384110234647778e+03
2.375000000000000000e+01 2.489658709304991135e+03
2.416666666666666785e+01 2.454688573652014838e+03
2.458333333333333215e+01 2.417428076373396379e+03
2.500000000000000000e+01 2.377609228674161386e+03
2.541666666666666785e+01 2.335335481704620179e+03
2.583333333333333215e+01 2.290858127246016920e+03
2.625000000000000000e+01 2.244213553691407469e+03
2.666666666666666785e+01 2.195379440911931852e+03
2.708333333333333215e+01 2.144347282454941706e+03
2.750000000000000000e+01 2.091154786704476464e+03
2.791666666666666785e+01 2.035845901733128358e+03
2.833333333333333215e+01 1.978424695358911322e+03
2.875000000000000000e+01 1.918987081737170683e+03
2.916666666666666785e+01 1.857611665555845775e+03
2.958333333333333215e+01 1.794360241066063963e+03
3.000000000000000000e+01 1.729071325198980503e+03
3.041666666666666785e+01 1.661966978964179589e+03
3.083333333333333215e+01 1.594236498376703821e+03
3.125000000000000000e+01 1.526096668744592989e+03
3.166666666666666785e+01 1.457546998445317058e+03
3.208333333333333570e+01 1.388586873689676850e+03
3.250000000000000000e+01 1.319215566919037883e+03
3.291666666666666430e+01 1.249432274920191276e+03
3.333333333333333570e+01 1.179236189205978917e+03
3.375000000000000000e+01 1.108626562052883401e+03
3.416666666666666430e+01 1.037602712695878836e+03
3.458333333333333570e+01 9.661640042927524519e+02
3.500000000000000000e+01 8.943099024262050989e+02
3.541666666666666430e+01 8.220399905786059662e+02
3.583333333333333570e+01 7.493539566112565353e+02
3.625000000000000000e+01 6.762515776013455024e+02
3.666666666666666430e+01 6.027326827100321225e+02
3.708333333333333570e+01 5.287971626654273223e+02
3.750000000000000000e+01 4.544449767520090404e+02
3.791666666666666430e+01 3.796761426171019025e+02
3.833333333333333570e+01 3.044906963484119160e+02
3.875000000000000000e+01 2.288886649122553649e+02
3.916666666666666430e+01 1.528700958493262192e+02
3.958333333333333570e+01 7.643505237981145228e+01
4.000000000000000000e+01 -7.889798040588980044e-08
