0.000000000000000000e+00 -1.353392801647923527e-07
4.166666666666666852e-01 3.723720480971591229e+01
8.333333333333333703e-01 7.028750440722495796e+01
1.250000000000000000e+00 9.929060169811987180e+01
1.666666666666666741e+00 1.244183211813126491e+02
2.083333333333333481e+00 1.458650716588886382e+02
2.500000000000000000e+00 1.638408372578385013e+02
2.916666666666666519e+00 1.785657408442138205e+02
3.333333333333333481e+00 1.902657403859991518e+02
3.750000000000000000e+00 1.991691316237013609e+02
4.166666666666666963e+00 2.055036765617769845e+02
4.583333333333333037e+00 2.094942395617833881e+02
5.000000000000000000e+00 2.113608477241193384e+02
5.416666666666666963e+00 2.113171128810720916e+02
5.833333333333333037e+00 2.095689656806052881e+02
6.250000000000000000e+00 2.063136611085587617e+02
6.666666666666666963e+00 2.017390211045403419e+02
7.083333333333333037e+00 1.960228846037667552e+02
7.500000000000000000e+00 1.893327389559084111e+02
7.916666666666666963e+00 1.818255095859862820e+02
8.333333333333333925e+00 1.736474871655348124e+02
8.750000000000000000e+00 1.649343736311296880e+02
9.166666666666666075e+00 1.558114301646940589e+02
9.583333333333333925e+00 1.463937118508365813e+02
1.000000000000000000e+01 1.367863751400503247e+02
1.041666666666666607e+01 1.270850455460814743e+02
1.083333333333333393e+01 1.173762341824417348e+02
1.125000000000000000e+01 1.077377928173651895e+02
1.166666666666666607e+01 9.823939812575459030e+01
1.208333333333333393e+01 8.894305672494353132e+01
1.250000000000000000e+01 7.990362341963006543e+01
1.291666666666666607e+01 7.116932586386323578e+01
1.333333333333333393e+01 6.278228954809186035e+01
1.375000000000000000e+01 5.477905768176930223e+01
1.416666666666666607e+01 4.719110113533685791e+01
1.458333333333333393e+01 4.004531415788051163e+01
1.500000000000000000e+01 3.336449208411009693e+01
1.541666666666666607e+01 2.716778769828934870e+01
1.583333333333333393e+01 2.147114334158948523e+01
1.625000000000000000e+01 1.628769621766458542e+01
1.666666666666666785e+01 1.162815469136860003e+01
1.708333333333333215e+01 7.501143683342902158e+00
1.750000000000000000e+01 3.913517530633355168e+00
1.791666666666666785e+01 8.706389360208142136e-01
1.833333333333333215e+01 -1.623377151631790749e+00
1.875000000000000000e+01 -3.565455686670831792e+00
1.916666666666666785e+01 -4.953390482833314401e+00
1.958333333333333215e+01 -5.785710589438878948e+00
2.000000000000000000e+01 -6.061584552604672993e+00
2.041666666666666785e+01 -5.780762881946255760e+00
2.083333333333333215e+01 -4.943558914914762958e+00
2.125000000000000000e+01 -3.550868134124922193e+00
2.166666666666666785e+01 -1.604225878351959622e+00
2.208333333333333215e+01 8.940967575131838485e-01
2.250000000000000000e+01 3.940959154314832791e+00
2.291666666666666785e+01 7.532180007248048703e+00
2.333333333333333215e+01 1.166232939023829118e+01
2.375000000000000000e+01 1.632448483293978470e+01
2.416666666666666785e+01 2.150995237318541342e+01
2.458333333333333215e+01 2.720795375375022473e+01
2.500000000000000000e+01 3.340528114978370411e+01
2.541666666666666785e+01 4.008592106206086925e+01
2.583333333333333215e+01 4.723064928469655399e+01
2.625000000000000000e+01 5.481659915944714356e+01
2.666666666666666785e+01 6.281680567600525933e+01
2.708333333333333215e+01 7.119972833774320975e+01
2.750000000000000000e+01 7.992875614182050015e+01
2.791666666666666785e+01 8.896169846918829194e+01
2.833333333333333215e+01 9.825026618470469941e+01
2.875000000000000000e+01 1.077395477965065851e+02
2.916666666666666785e+01 1.173674861255706645e+02
2.958333333333333215e+01 1.270643615876748953e+02
3.000000000000000000e+01 1.367522889089241289e+02
3.041666666666666785e+01 1.463447348663758305e+02
3.083333333333333215e+01 1.557460654914160614e+02
3.125000000000000000e+01 1.648511320849794686e+02
3.166666666666666785e+01 1.735449063924994562e+02
3.208333333333333570e+01 1.817021763547797093e+02
3.250000000000000000e+01 1.891873150471424765e+02
3.291666666666666430e+01 1.958541366806406927e+02
3.333333333333333570e+01 2.015458549796225611e+02
3.375000000000000000e+01 2.060951607994214214e+02
3.416666666666666430e+01 2.093244376218231935e+02
3.458333333333333570e+01 2.110461355558816194e+02
3.500000000000000000e+01 2.110633268148217496e+02
3.541666666666666430e+01 2.091704684059498049e+02
3.583333333333333570e+01 2.051544012188229829e+02
3.625000000000000000e+01 1.987956191127684633e+02
3.666666666666666430e+01 1.898698475759141786e+02
3.708333333333333570e+01 1.781499800380088629e+02
3.750000000000000000e+01 1.634084327061162014e+02
3.791666666666666430e+01 1.454199993028948086e+02
3.833333333333333570e+01 1.239653226220200537e+02
3.875000000000000000e+01 9.883516384211580430e+01
3.916666666666666430e+01 6.983581501186358764e+01
3.958333333333333570e+01 3.679624693675171443e+01
4.000000000000000000e+01 -1.376864382507392293e-07
