0.000000000000000000e+00 -2.543218677528158445e-07
4.166666666666666852e-01 1.135193455548791093e+02
8.333333333333333703e-01 2.249000013982670794e+02
1.250000000000000000e+00 3.336905869140470600e+02
1.666666666666666741e+00 4.397107682429995634e+02
2.083333333333333481e+00 5.429892989121715345e+02
2.500000000000000000e+00 6.435880295198278418e+02
2.916666666666666519e+00 7.415116044880685422e+02
3.333333333333333481e+00 8.367389341221261247e+02
3.750000000000000000e+00 9.292530097822868811e+02
4.166666666666666963e+00 1.019034067669570845e+03
4.583333333333333037e+00 1.106045714681996287e+03
5.000000000000000000e+00 1.190251547700865103e+03
5.416666666666666963e+00 1.271648267691791943e+03
5.833333333333333037e+00 1.350248375158009594e+03
6.250000000000000000e+00 1.426031362188353341e+03
6.666666666666666963e+00 1.498959813511195989e+03
7.083333333333333037e+00 1.569006717267495560e+03
7.500000000000000000e+00 1.636164396626100142e+03
7.916666666666666963e+00 1.700443666580337776e+03
8.333333333333333925e+00 1.761863099957127133e+03
8.750000000000000000e+00 1.820442691097044417e+03
9.166666666666666075e+00 1.876202480787370177e+03
9.583333333333333925e+00 1.929160412070023085e+03
1.000000000000000000e+01 1.979340603989962801e+03
1.041666666666666607e+01 2.026769458342839471e+03
1.083333333333333393e+01 2.071467504398141045e+03
1.125000000000000000e+01 2.113451784671920450e+03
1.166666666666666607e+01 2.152734622821226822e+03
1.208333333333333393e+01 2.189325825386551514e+03
1.250000000000000000e+01 2.223235068216442414e+03
1.291666666666666607e+01 2.254474512245925780e+03
1.333333333333333393e+01 2.283067520217688980e+03
1.375000000000000000e+01 2.309047489774210135e+03
1.416666666666666607e+01 2.332449098856856381e+03
1.458333333333333393e+01 2.353320690823775749e+03
1.500000000000000000e+01 2.371734220281680336e+03
1.541666666666666607e+01 2.387769569237044379e+03
1.583333333333333393e+01 2.401501084748292669e+03
1.625000000000000000e+01 2.412988501645703764e+03
1.666666666666666785e+01 2.422275402029039924e+03
1.708333333333333215e+01 2.429400387715241777e+03
1.750000000000000000e+01 2.434400549164894528e+03
1.791666666666666785e+01 2.437296280884651878e+03
1.833333333333333215e+01 2.438084573191331856e+03
1.875000000000000000e+01 2.436751487812276082e+03
1.916666666666666785e+01 2.433278051798226898e+03
1.958333333333333215e+01 2.427629000265339528e+03
2.000000000000000000e+01 2.419741814077397066e+03
2.041666666666666785e+01 2.409534457578503407e+03
2.083333333333333215e+01 2.396922507186245639e+03
2.125000000000000000e+01 2.381832788543549214e+03
2.166666666666666785e+01 2.364206772678969628e+03
2.208333333333333215e+01 2.344000042915608901e+03
2.250000000000000000e+01 2.321237460858944360e+03
2.291666666666666785e+01 2.295969157035176522e+03
2.333333333333333215e+01 2.268263302868962001e+03
2.375000000000000000e+01 2.238349799952972262e+03
2.416666666666666785e+01 2.207859535553007390e+03
2.458333333333333215e+01 2.175228651527903367e+03
2.500000000000000000e+01 2.140223037095042855e+03
2.541666666666666785e+01 2.102931137466960990e+03
2.583333333333333215e+01 2.063446835607223420e+03
2.625000000000000000e+01 2.021854152517582634e+03
2.666666666666666785e+01 1.978232355981862838e+03
2.708333333333333215e+01 1.932671980871559072e+03
2.750000000000000000e+01 1.885279929416484720e+03
2.791666666666666785e+01 1.836191897445660288e+03
2.833333333333333215e+01 1.785605780972235380e+03
2.875000000000000000e+01 1.733734025574727184e+03
2.916666666666666785e+01 1.680381629775962665e+03
2.958333333333333215e+01 1.624219731546661023e+03
3.000000000000000000e+01 1.565536325694041125e+03
3.041666666666666785e+01 1.505374586956175790e+03
3.083333333333333215e+01 1.444031365444554694e+03
3.125000000000000000e+01 1.382194065995754954e+03
3.166666666666666785e+01 1.320007280914819603e+03
3.208333333333333570e+01 1.257470803756649048e+03
3.250000000000000000e+01 1.194583828392070700e+03
3.291666666666666430e+01 1.131345053718902136e+03
3.333333333333333570e+01 1.067752721821281739e+03
3.375000000000000000e+01 1.003804611641307247e+03
3.416666666666666430e+01 9.394980077503183793e+02
3.458333333333333570e+01 8.748297252647512323e+02
3.500000000000000000e+01 8.097963064663798605e+02
3.541666666666666430e+01 7.443941975541857801e+02
3.583333333333333570e+01 6.786198694408495840e+02
3.625000000000000000e+01 6.124698614814064968e+02
3.666666666666666430e+01 5.459407103660192888e+02
3.708333333333333570e+01 4.790288634130342871e+02
3.750000000000000000e+01 4.117305705054845930e+02
3.791666666666666430e+01 3.440417948421661549e+02
3.833333333333333570e+01 2.759581764093591687e+02
3.875000000000000000e+01 2.074751104762378020e+02
3.916666666666666430e+01 1.385879522538899664e+02
3.958333333333333570e+01 6.929217186338392764e+01
4.000000000000000000e+01 1.760727751098922766e-09
