0.000000000000000000e+00 -2.763612885585409185e-06
4.166666666666666852e-01 6.411100359552996508e+01
8.333333333333333703e-01 1.243335058130667932e+02
1.250000000000000000e+00 1.806905140796416163e+02
1.666666666666666741e+00 2.333147626824975021e+02
2.083333333333333481e+00 2.823539272291770317e+02
2.500000000000000000e+00 3.279340689786961320e+02
2.916666666666666519e+00 3.701679670564636240e+02
3.333333333333333481e+00 4.091467813563409663e+02
3.750000000000000000e+00 4.449221389573812075e+02
4.166666666666666963e+00 4.775627993829186835e+02
4.583333333333333037e+00 5.075410323350753856e+02
5.000000000000000000e+00 5.359403285707365967e+02
5.416666666666666963e+00 5.634079495695799551e+02
5.833333333333333037e+00 5.889687379361370176e+02
6.250000000000000000e+00 6.126709579626478899e+02
6.666666666666666963e+00 6.346201392839783466e+02
7.083333333333333037e+00 6.548991303492921361e+02
7.500000000000000000e+00 6.735953784903565520e+02
7.916666666666666963e+00 6.907988083003366455e+02
8.333333333333333925e+00 7.065986002175117164e+02
8.750000000000000000e+00 7.210810392915641387e+02
9.166666666666666075e+00 7.343286513975674552e+02
9.583333333333333925e+00 7.464202897300144741e+02
1.000000000000000000e+01 7.574313199189267607e+02
1.041666666666666607e+01 7.674336850906380505e+02
1.083333333333333393e+01 7.764959301082359389e+02
1.125000000000000000e+01 7.846832191617829722e+02
1.166666666666666607e+01 7.920573542373367673e+02
1.208333333333333393e+01 7.986767758275478855e+02
1.250000000000000000e+01 8.045965470865273801e+02
1.291666666666666607e+01 8.098683643370949312e+02
1.333333333333333393e+01 8.145406214440229178e+02
1.375000000000000000e+01 8.186585194391212781e+02
1.416666666666666607e+01 8.222649124108060050e+02
1.458333333333333393e+01 8.254027978081910533e+02
1.500000000000000000e+01 8.281245891625527520e+02
1.541666666666666607e+01 8.305167120565703271e+02
1.583333333333333393e+01 8.326085269842358230e+02
1.625000000000000000e+01 8.343928841854507255e+02
1.666666666666666785e+01 8.358760967783708793e+02
1.708333333333333215e+01 8.370723598510319334e+02
1.750000000000000000e+01 8.379951313992103223e+02
1.791666666666666785e+01 8.386565257289702231e+02
1.833333333333333215e+01 8.390666787154985968e+02
1.875000000000000000e+01 8.392336227733474061e+02
1.916666666666666785e+01 8.391632498840650669e+02
1.958333333333333215e+01 8.388592992674419975e+02
2.000000000000000000e+01 8.383233483997890971e+02
2.041666666666666785e+01 8.375548044432935058e+02
2.083333333333333215e+01 8.365508978484681393e+02
2.125000000000000000e+01 8.353066761131960902e+02
2.166666666666666785e+01 8.338149926188145855e+02
2.208333333333333215e+01 8.320664872857940964e+02
2.250000000000000000e+01 8.300495640306723999e+02
2.291666666666666785e+01 8.277503171083282041e+02
2.333333333333333215e+01 8.251527435775709591e+02
2.375000000000000000e+01 8.222406769614983659e+02
2.416666666666666785e+01 8.190028577636942373e+02
2.458333333333333215e+01 8.154493069391201061e+02
2.500000000000000000e+01 8.116563324930937142e+02
2.541666666666666785e+01 8.075050802325630457e+02
2.583333333333333215e+01 8.028970166840430238e+02
2.625000000000000000e+01 7.978307102113949441e+02
2.666666666666666785e+01 7.922790999592173193e+02
2.708333333333333215e+01 7.861993645863719848e+02
2.750000000000000000e+01 7.795439559322413743e+02
2.791666666666666785e+01 7.722634025759766701e+02
2.833333333333333215e+01 7.643060187267129777e+02
2.875000000000000000e+01 7.556172554953913050e+02
2.916666666666666785e+01 7.461396487803108357e+02
2.958333333333333215e+01 7.358129723486458715e+02
3.000000000000000000e+01 7.245743635965968679e+02
3.041666666666666785e+01 7.123584892345642174e+02
3.083333333333333215e+01 6.990977731706784652e+02
3.125000000000000000e+01 6.847226467228680349e+02
3.166666666666666785e+01 6.691617868481420146e+02
3.208333333333333570e+01 6.523423146318853014e+02
3.250000000000000000e+01 6.341898992550702587e+02
3.291666666666666430e+01 6.146284205274251917e+02
3.333333333333333570e+01 5.935791063041332336e+02
3.375000000000000000e+01 5.709611424343219142e+02
3.416666666666666430e+01 5.467050523903633348e+02
3.458333333333333570e+01 5.208202492081358059e+02
3.500000000000000000e+01 4.935395125021045715e+02
3.541666666666666430e+01 4.647946015313944486e+02
3.583333333333333570e+01 4.341345205797583162e+02
3.625000000000000000e+01 4.014089752097933115e+02
3.666666666666666430e+01 3.665319217878748077e+02
3.708333333333333570e+01 3.294013691459574034e+02
3.750000000000000000e+01 2.899221417593952879e+02
3.791666666666666430e+01 2.480082518226230377e+02
3.833333333333333570e+01 2.035838501755360141e+02
3.875000000000000000e+01 1.565858928685699993e+02
3.916666666666666430e+01 1.069701045264548611e+02
3.958333333333333570e+01 5.473888667355956272e+01
4.000000000000000000e+01 -2.779158476858001325e-06
