0.000000000000000000e+00 -3.215742979539859547e-08
4.166666666666666852e-01 1.140880981431764383e+02
8.333333333333333703e-01 2.259100050621857463e+02
1.250000000000000000e+00 3.352792814406274715e+02
1.666666666666666741e+00 4.421090697262746971e+02
2.083333333333333481e+00 5.463962133181099716e+02
2.500000000000000000e+00 6.481601361223604272e+02
2.916666666666666519e+00 7.474007041525916293e+02
3.333333333333333481e+00 8.441033426376177431e+02
3.750000000000000000e+00 9.382512173727354821e+02
4.166666666666666963e+00 1.029827407230601693e+03
4.583333333333333037e+00 1.118815145122010563e+03
5.000000000000000000e+00 1.205195912487607984e+03
5.416666666666666963e+00 1.288943172058291566e+03
5.833333333333333037e+00 1.370021435821077148e+03
6.250000000000000000e+00 1.448401676969612481e+03
6.666666666666666963e+00 1.524066294116217932e+03
7.083333333333333037e+00 1.597005100375157781e+03
7.500000000000000000e+00 1.667285190625919313e+03
7.916666666666666963e+00 1.735092450077896956e+03
8.333333333333333925e+00 1.800250586018750937e+03
8.750000000000000000e+00 1.862564948740094906e+03
9.166666666666666075e+00 1.922022891925810654e+03
9.583333333333333925e+00 1.978680468443671543e+03
1.000000000000000000e+01 2.032581000676579151e+03
1.041666666666666607e+01 2.083743550441082334e+03
1.083333333333333393e+01 2.132172971866273201e+03
1.125000000000000000e+01 2.177871605730723786e+03
1.166666666666666607e+01 2.220838667374446231e+03
1.208333333333333393e+01 2.261070948481059531e+03
1.250000000000000000e+01 2.298570004330179017e+03
1.291666666666666607e+01 2.333350274106992856e+03
1.333333333333333393e+01 2.365450642567043815e+03
1.375000000000000000e+01 2.394944274967459023e+03
1.416666666666666607e+01 2.421939930364576412e+03
1.458333333333333393e+01 2.446557321426337694e+03
1.500000000000000000e+01 2.468795939454056679e+03
1.541666666666666607e+01 2.488306391737620288e+03
1.583333333333333393e+01 2.505118835034752919e+03
1.625000000000000000e+01 2.519490337337866549e+03
1.666666666666666785e+01 2.531420110112813290e+03
1.708333333333333215e+01 2.540851349830269100e+03
1.750000000000000000e+01 2.547744587532656169e+03
1.791666666666666785e+01 2.552094885162608534e+03
1.833333333333333215e+01 2.553924059605482398e+03
1.875000000000000000e+01 2.553266057901960721e+03
1.916666666666666785e+01 2.550151878632606440e+03
1.958333333333333215e+01 2.544596791498633138e+03
2.000000000000000000e+01 2.536593692332758565e+03
2.041666666666666785e+01 2.526117227483367515e+03
2.083333333333333215e+01 2.513140274249860795e+03
2.125000000000000000e+01 2.497646657712092747e+03
2.166666666666666785e+01 2.479636941543045396e+03
2.208333333333333215e+01 2.459131012583711708e+03
2.250000000000000000e+01 2.436163505896199240e+03
2.291666666666666785e+01 2.410780315409440846e+03
2.333333333333333215e+01 2.383049054567797612e+03
2.375000000000000000e+01 2.353072103272689674e+03
2.416666666666666785e+01 2.320957124643465249e+03
2.458333333333333215e+01 2.286673196941044807e+03
2.500000000000000000e+01 2.249819041207784721e+03
2.541666666666666785e+01 2.210570044869463800e+03
2.583333333333333215e+01 2.169282731247811626e+03
2.625000000000000000e+01 2.126027489575410527e+03
2.666666666666666785e+01 2.080798424642709506e+03
2.708333333333333215e+01 2.033612228189845609e+03
2.750000000000000000e+01 1.984523561710993818e+03
2.791666666666666785e+01 1.933594206508932075e+03
2.833333333333333215e+01 1.880874981717180844e+03
2.875000000000000000e+01 1.826443406320161785e+03
2.916666666666666785e+01 1.770407261205282339e+03
2.958333333333333215e+01 1.712704203765772490e+03
3.000000000000000000e+01 1.652674970262730085e+03
3.041666666666666785e+01 1.590517796200985231e+03
3.083333333333333215e+01 1.526838165894131862e+03
3.125000000000000000e+01 1.461879630032791056e+03
3.166666666666666785e+01 1.396352663818565588e+03
3.208333333333333570e+01 1.330416789226449737e+03
3.250000000000000000e+01 1.264071364722731460e+03
3.291666666666666430e+01 1.197315932906799617e+03
3.333333333333333570e+01 1.130150214620381348e+03
3.375000000000000000e+01 1.062574076213900298e+03
3.416666666666666430e+01 9.945874407356302527e+02
3.458333333333333570e+01 9.261902005060078409e+02
3.500000000000000000e+01 8.573822540125672731e+02
3.541666666666666430e+01 7.881635253717854539e+02
3.583333333333333570e+01 7.185339566873842614e+02
3.625000000000000000e+01 6.484934860851260510e+02
3.666666666666666430e+01 5.780419893823188886e+02
3.708333333333333570e+01 5.071792625683578990e+02
3.750000000000000000e+01 4.359050024590963517e+02
3.791666666666666430e+01 3.642187788956684926e+02
3.833333333333333570e+01 2.921199974677278988e+02
3.875000000000000000e+01 2.196079052963519018e+02
3.916666666666666430e+01 1.466816797348437262e+02
3.958333333333333570e+01 7.334048430851763101e+01
4.000000000000000000e+01 -6.171561740819786479e-09
