0.000000000000000000e+00 3.221137781297955804e-07
4.166666666666666852e-01 1.239040558318769172e+02
8.333333333333333703e-01 2.448722809645068423e+02
1.250000000000000000e+00 3.630140281396429600e+02
1.666666666666666741e+00 4.783687554398140946e+02
2.083333333333333481e+00 5.909134674709578121e+02
2.500000000000000000e+00 7.006053073949810823e+02
2.916666666666666519e+00 8.074157902974068293e+02
3.333333333333333481e+00 9.113298716840043880e+02
3.750000000000000000e+00 1.012334056056594136e+03
4.166666666666666963e+00 1.110415253798827280e+03
4.583333333333333037e+00 1.205562416343357199e+03
5.000000000000000000e+00 1.297765023268464802e+03
5.416666666666666963e+00 1.387015387410232051e+03
5.833333333333333037e+00 1.473315658859259656e+03
6.250000000000000000e+00 1.556676814574117998e+03
6.666666666666666963e+00 1.637104500356021163e+03
7.083333333333333037e+00 1.714580867222501638e+03
7.500000000000000000e+00 1.789023732272574534e+03
7.916666666666666963e+00 1.860276834071769827e+03
8.333333333333333925e+00 1.928507776828933856e+03
8.750000000000000000e+00 1.993881932258206461e+03
9.166666666666666075e+00 2.056406307950122027e+03
9.583333333333333925e+00 2.116017020472355398e+03
1.000000000000000000e+01 2.172655111939148810e+03
1.041666666666666607e+01 2.226285489022089678e+03
1.083333333333333393e+01 2.276891352433145585e+03
1.125000000000000000e+01 2.324463915366321089e+03
1.166666666666666607e+01 2.369000631957424957e+03
1.208333333333333393e+01 2.410505708559353479e+03
1.250000000000000000e+01 2.448988010654499249e+03
1.291666666666666607e+01 2.484459143866891282e+03
1.333333333333333393e+01 2.516929879015596271e+03
1.375000000000000000e+01 2.546403466197151374e+03
1.416666666666666607e+01 2.572871191040668691e+03
1.458333333333333393e+01 2.596310983166960341e+03
1.500000000000000000e+01 2.616723685920924254e+03
1.541666666666666607e+01 2.634282658324962540e+03
1.583333333333333393e+01 2.649556590557318941e+03
1.625000000000000000e+01 2.662423856738066206e+03
1.666666666666666785e+01 2.672584516536213414e+03
1.708333333333333215e+01 2.679984113938968221e+03
1.750000000000000000e+01 2.684640126368736674e+03
1.791666666666666785e+01 2.686582745422377684e+03
1.833333333333333215e+01 2.685845829579468955e+03
1.875000000000000000e+01 2.682465104224889274e+03
1.916666666666666785e+01 2.676465900228060946e+03
1.958333333333333215e+01 2.667850507061673852e+03
2.000000000000000000e+01 2.656606725773708604e+03
2.041666666666666785e+01 2.642724426433064764e+03
2.083333333333333215e+01 2.626211441719783579e+03
2.125000000000000000e+01 2.607100389837460625e+03
2.166666666666666785e+01 2.585448184057450362e+03
2.208333333333333215e+01 2.561338109237236495e+03
2.250000000000000000e+01 2.534883897107867597e+03
2.291666666666666785e+01 2.506215200931122581e+03
2.333333333333333215e+01 2.475420745208408334e+03
2.375000000000000000e+01 2.442518974342399815e+03
2.416666666666666785e+01 2.407609679885297737e+03
2.458333333333333215e+01 2.371067701996616961e+03
2.500000000000000000e+01 2.334056427730046380e+03
2.541666666666666785e+01 2.294880665569186931e+03
2.583333333333333215e+01 2.253356580808896979e+03
2.625000000000000000e+01 2.209571403120130526e+03
2.666666666666666785e+01 2.163600820055990880e+03
2.708333333333333215e+01 2.115494509638980162e+03
2.750000000000000000e+01 2.065285353704894987e+03
2.791666666666666785e+01 2.012996177761362787e+03
2.833333333333333215e+01 1.958651475033721908e+03
2.875000000000000000e+01 1.902302570056363720e+03
2.916666666666666785e+01 1.844113079260437644e+03
2.958333333333333215e+01 1.784419770660271979e+03
3.000000000000000000e+01 1.724236960127286466e+03
3.041666666666666785e+01 1.662396226919983064e+03
3.083333333333333215e+01 1.598722933058649687e+03
3.125000000000000000e+01 1.533316335371752302e+03
3.166666666666666785e+01 1.466275585869566157e+03
3.208333333333333570e+01 1.397742441107520108e+03
3.250000000000000000e+01 1.327960434512359143e+03
3.291666666666666430e+01 1.257648744059671344e+03
3.333333333333333570e+01 1.186929479975854065e+03
3.375000000000000000e+01 1.115802189497291465e+03
3.416666666666666430e+01 1.044266368103633795e+03
3.458333333333333570e+01 9.723214641252717456e+02
3.500000000000000000e+01 8.999669406086072740e+02
3.541666666666666430e+01 8.272022963684695469e+02
3.583333333333333570e+01 7.540270568594053202e+02
3.625000000000000000e+01 6.804407613360992855e+02
3.666666666666666430e+01 6.064429274888740338e+02
3.708333333333333570e+01 5.320330639629512461e+02
3.750000000000000000e+01 4.572106818359672502e+02
3.791666666666666430e+01 3.819752898875240135e+02
3.833333333333333570e+01 3.063263617252656559e+02
3.875000000000000000e+01 2.302633182372697433e+02
3.916666666666666430e+01 1.537855700789098137e+02
3.958333333333333570e+01 7.689252553882349162e+01
4.000000000000000000e+01 3.857859108558070460e-09
