0.000000000000000000e+00 -9.612942386549860885e-12
4.166666666666666852e-01 1.154848177200220647e+02
8.333333333333333703e-01 2.287476428713871996e+02
1.250000000000000000e+00 3.395280683911676078e+02
1.666666666666666741e+00 4.477287730591186232e+02
2.083333333333333481e+00 5.533715052941588510e+02
2.500000000000000000e+00 6.564973076821435143e+02
2.916666666666666519e+00 7.571150016691989322e+02
3.333333333333333481e+00 8.552091503181924281e+02
3.750000000000000000e+00 9.507583069712421775e+02
4.166666666666666963e+00 1.043742408172807700e+03
4.583333333333333037e+00 1.134144700133521837e+03
5.000000000000000000e+00 1.221941915686663378e+03
5.416666666666666963e+00 1.307103246296185034e+03
5.833333333333333037e+00 1.389609259592742092e+03
6.250000000000000000e+00 1.469465373432323531e+03
6.666666666666666963e+00 1.546670043153714687e+03
7.083333333333333037e+00 1.621173623229687792e+03
7.500000000000000000e+00 1.692903541427009714e+03
7.916666666666666963e+00 1.761836508588233301e+03
8.333333333333333925e+00 1.828128816082951971e+03
8.750000000000000000e+00 1.892133872700190977e+03
9.166666666666666075e+00 1.953521785385536987e+03
9.583333333333333925e+00 2.011950036937296773e+03
1.000000000000000000e+01 2.067361696132712041e+03
1.041666666666666607e+01 2.119823055888427007e+03
1.083333333333333393e+01 2.169405474533878987e+03
1.125000000000000000e+01 2.216162086878801347e+03
1.166666666666666607e+01 2.260131450591212342e+03
1.208333333333333393e+01 2.301350701118939924e+03
1.250000000000000000e+01 2.339867888463644704e+03
1.291666666666666607e+01 2.375750525704615939e+03
1.333333333333333393e+01 2.409080239334554790e+03
1.375000000000000000e+01 2.439907566364116519e+03
1.416666666666666607e+01 2.468066730239198478e+03
1.458333333333333393e+01 2.492854720894796628e+03
1.500000000000000000e+01 2.514543227572661181e+03
1.541666666666666607e+01 2.533621480561743738e+03
1.583333333333333393e+01 2.550202270204112210e+03
1.625000000000000000e+01 2.564276597386532558e+03
1.666666666666666785e+01 2.575808362410913105e+03
1.708333333333333215e+01 2.584762943014980010e+03
1.750000000000000000e+01 2.591111116210693581e+03
1.791666666666666785e+01 2.594828960641176764e+03
1.833333333333333215e+01 2.595899712784077565e+03
1.875000000000000000e+01 2.594314408308651764e+03
1.916666666666666785e+01 2.590071257505485846e+03
1.958333333333333215e+01 2.583173720489361585e+03
2.000000000000000000e+01 2.573631012582990934e+03
2.041666666666666785e+01 2.561465346016403146e+03
2.083333333333333215e+01 2.546715526560095896e+03
2.125000000000000000e+01 2.529425819798388602e+03
2.166666666666666785e+01 2.509633760210442688e+03
2.208333333333333215e+01 2.487374776823236971e+03
2.250000000000000000e+01 2.462696467423455033e+03
2.291666666666666785e+01 2.435677701318191794e+03
2.333333333333333215e+01 2.406499141191011404e+03
2.375000000000000000e+01 2.375346940322780029e+03
2.416666666666666785e+01 2.341985630686594504e+03
2.458333333333333215e+01 2.305680651138758094e+03
2.500000000000000000e+01 2.266653385080299813e+03
2.541666666666666785e+01 2.225554558135830121e+03
2.583333333333333215e+01 2.182524979199128211e+03
2.625000000000000000e+01 2.137537229470768125e+03
2.666666666666666785e+01 2.090583262525772625e+03
2.708333333333333215e+01 2.041691835433074630e+03
2.750000000000000000e+01 1.990891158232377848e+03
2.791666666666666785e+01 1.938190254004563712e+03
2.833333333333333215e+01 1.883687118032249600e+03
2.875000000000000000e+01 1.827531593589098520e+03
2.916666666666666785e+01 1.769792031140157405e+03
2.958333333333333215e+01 1.710355066239430698e+03
3.000000000000000000e+01 1.648719784951216297e+03
3.041666666666666785e+01 1.585093523077064901e+03
3.083333333333333215e+01 1.520824642445082645e+03
3.125000000000000000e+01 1.456132326506994104e+03
3.166666666666666785e+01 1.391015843198466428e+03
3.208333333333333570e+01 1.325474551794815397e+03
3.250000000000000000e+01 1.259507947126111958e+03
3.291666666666666430e+01 1.193115693565178390e+03
3.333333333333333570e+01 1.126297619837821912e+03
3.375000000000000000e+01 1.059053701150344750e+03
3.416666666666666430e+01 9.913840785617669553e+02
3.458333333333333570e+01 9.232890801489588739e+02
3.500000000000000000e+01 8.547691342785810775e+02
3.541666666666666430e+01 7.858247163131737807e+02
3.583333333333333570e+01 7.164563285125437915e+02
3.625000000000000000e+01 6.466644920521149515e+02
3.666666666666666430e+01 5.764497714018979195e+02
3.708333333333333570e+01 5.058127561594085932e+02
3.750000000000000000e+01 4.347540481410384814e+02
3.791666666666666430e+01 3.632742660905836942e+02
3.833333333333333570e+01 2.913740763138642933e+02
3.875000000000000000e+01 2.190542009846839733e+02
3.916666666666666430e+01 1.463153598053040980e+02
3.958333333333333570e+01 7.315824813936207249e+01
4.000000000000000000e+01 4.642971423995945202e-11
