0.000000000000000000e+00 -2.409514462953232794e-10
4.166666666666666852e-01 1.293991945296424149e+02
8.333333333333333703e-01 2.556499044060935830e+02
1.250000000000000000e+00 3.789244993492541766e+02
1.666666666666666741e+00 4.992735849050211527e+02
2.083333333333333481e+00 6.166436402493859532e+02
2.500000000000000000e+00 7.309525215596138423e+02
2.916666666666666519e+00 8.421462380129222538e+02
3.333333333333333481e+00 9.501969089219804800e+02
3.750000000000000000e+00 1.055083467950915747e+03
4.166666666666666963e+00 1.156789905753825451e+03
4.583333333333333037e+00 1.255308598769772516e+03
5.000000000000000000e+00 1.350640972005286585e+03
5.416666666666666963e+00 1.442801636618492012e+03
5.833333333333333037e+00 1.531820208975120295e+03
6.250000000000000000e+00 1.617722427450575196e+03
6.666666666666666963e+00 1.700474099856997782e+03
7.083333333333333037e+00 1.779895092100911370e+03
7.500000000000000000e+00 1.855675020455045797e+03
7.916666666666666963e+00 1.928118096852716917e+03
8.333333333333333925e+00 1.997523974288415047e+03
8.750000000000000000e+00 2.063986044074502843e+03
9.166666666666666075e+00 2.127473715281762452e+03
9.583333333333333925e+00 2.187926057363174550e+03
1.000000000000000000e+01 2.245289708882517516e+03
1.041666666666666607e+01 2.299528350666602364e+03
1.083333333333333393e+01 2.350616302663243005e+03
1.125000000000000000e+01 2.398533996590945662e+03
1.166666666666666607e+01 2.443274356780009839e+03
1.208333333333333393e+01 2.484844571386792268e+03
1.250000000000000000e+01 2.523262212036665005e+03
1.291666666666666607e+01 2.558552319526936117e+03
1.333333333333333393e+01 2.590739931218319725e+03
1.375000000000000000e+01 2.619845980818937733e+03
1.416666666666666607e+01 2.645882483218602829e+03
1.458333333333333393e+01 2.668845980718339888e+03
1.500000000000000000e+01 2.688728671824540470e+03
1.541666666666666607e+01 2.705583433357085596e+03
1.583333333333333393e+01 2.719707232055415261e+03
1.625000000000000000e+01 2.731914787495432847e+03
1.666666666666666785e+01 2.741910858723497768e+03
1.708333333333333215e+01 2.749184790726771098e+03
1.750000000000000000e+01 2.753611938204418948e+03
1.791666666666666785e+01 2.755190066140473846e+03
1.833333333333333215e+01 2.753954138266030895e+03
1.875000000000000000e+01 2.749944855767395438e+03
1.916666666666666785e+01 2.743199715507027122e+03
1.958333333333333215e+01 2.733753532186405209e+03
2.000000000000000000e+01 2.721640240626624291e+03
2.041666666666666785e+01 2.706895470191721870e+03
2.083333333333333215e+01 2.689555517889536532e+03
2.125000000000000000e+01 2.669651836872583317e+03
2.166666666666666785e+01 2.647210528629910641e+03
2.208333333333333215e+01 2.622262791623077192e+03
2.250000000000000000e+01 2.594855377367443907e+03
2.291666666666666785e+01 2.565056942863985569e+03
2.333333333333333215e+01 2.532972119252564880e+03
2.375000000000000000e+01 2.498756250727084534e+03
2.416666666666666785e+01 2.462609761922225516e+03
2.458333333333333215e+01 2.424948574371769610e+03
2.500000000000000000e+01 2.386893057899304495e+03
2.541666666666666785e+01 2.347756515325670080e+03
2.583333333333333215e+01 2.306605453297379427e+03
2.625000000000000000e+01 2.263168669704246895e+03
2.666666666666666785e+01 2.217411317669126220e+03
2.708333333333333215e+01 2.169387750546006373e+03
2.750000000000000000e+01 2.119156544810675314e+03
2.791666666666666785e+01 2.066665012705386289e+03
2.833333333333333215e+01 2.011702354225593808e+03
2.875000000000000000e+01 1.953856832665563388e+03
2.916666666666666785e+01 1.892839853457662684e+03
2.958333333333333215e+01 1.828951090293941661e+03
3.000000000000000000e+01 1.764543021607319133e+03
3.041666666666666785e+01 1.699748675395644113e+03
3.083333333333333215e+01 1.632472849752330603e+03
3.125000000000000000e+01 1.562647249230750958e+03
3.166666666666666785e+01 1.492181050042227525e+03
3.208333333333333570e+01 1.421325425867448757e+03
3.250000000000000000e+01 1.350079518526059928e+03
3.291666666666666430e+01 1.278442321088308745e+03
3.333333333333333570e+01 1.206412928283367364e+03
3.375000000000000000e+01 1.133990271593470879e+03
3.416666666666666430e+01 1.061173204147675051e+03
3.458333333333333570e+01 9.879605704676403093e+02
3.500000000000000000e+01 9.143511550207070968e+02
3.541666666666666430e+01 8.403436688530408674e+02
3.583333333333333570e+01 7.659367634194845778e+02
3.625000000000000000e+01 6.911290454049917571e+02
3.666666666666666430e+01 6.159191118337190574e+02
3.708333333333333570e+01 5.403055362712688066e+02
3.750000000000000000e+01 4.642868555822238932e+02
3.791666666666666430e+01 3.878615730345380257e+02
3.833333333333333570e+01 3.110281903682531492e+02
3.875000000000000000e+01 2.337852259716584626e+02
3.916666666666666430e+01 1.561311747564627410e+02
3.958333333333333570e+01 7.806450350443269315e+01
4.000000000000000000e+01 2.948283492343328760e-10
