0.000000000000000000e+00 7.702693308880848022e-08
4.166666666666666852e-01 1.140173059323483784e+02
8.333333333333333703e-01 2.253632549983219633e+02
1.250000000000000000e+00 3.342146923633843585e+02
1.666666666666666741e+00 4.406243126931466918e+02
2.083333333333333481e+00 5.445939320107128196e+02
2.500000000000000000e+00 6.461081214979737979e+02
2.916666666666666519e+00 7.451377949341060685e+02
3.333333333333333481e+00 8.416517173656243358e+02
3.750000000000000000e+00 9.356246850488129212e+02
4.166666666666666963e+00 1.027035253669498161e+03
4.583333333333333037e+00 1.115862805701086472e+03
5.000000000000000000e+00 1.202088163560627436e+03
5.416666666666666963e+00 1.285694045188195332e+03
5.833333333333333037e+00 1.366665555339229059e+03
6.250000000000000000e+00 1.444999740615100109e+03
6.666666666666666963e+00 1.520721828845900291e+03
7.083333333333333037e+00 1.593892428687975098e+03
7.500000000000000000e+00 1.664603136374154019e+03
7.916666666666666963e+00 1.732950234565598748e+03
8.333333333333333925e+00 1.798988008020551661e+03
8.750000000000000000e+00 1.862696145672239254e+03
9.166666666666666075e+00 1.924265287848069420e+03
9.583333333333333925e+00 1.983638891926382712e+03
1.000000000000000000e+01 2.040728173572751530e+03
1.041666666666666607e+01 2.095426994280431700e+03
1.083333333333333393e+01 2.147625780045442298e+03
1.125000000000000000e+01 2.197228777400710442e+03
1.166666666666666607e+01 2.244175768859515301e+03
1.208333333333333393e+01 2.288445911860539127e+03
1.250000000000000000e+01 2.330046960795322320e+03
1.291666666666666607e+01 2.368997716531800961e+03
1.333333333333333393e+01 2.405311021340824936e+03
1.375000000000000000e+01 2.438984281929023382e+03
1.416666666666666607e+01 2.470018400506063244e+03
1.458333333333333393e+01 2.498479015030618939e+03
1.500000000000000000e+01 2.524580420412223248e+03
1.541666666666666607e+01 2.548246799878234015e+03
1.583333333333333393e+01 2.569343269968117511e+03
1.625000000000000000e+01 2.587826634221425593e+03
1.666666666666666785e+01 2.603686247377307154e+03
1.708333333333333215e+01 2.616929448839292945e+03
1.750000000000000000e+01 2.627572717714620012e+03
1.791666666666666785e+01 2.635640352268789229e+03
1.833333333333333215e+01 2.641158560944764304e+03
1.875000000000000000e+01 2.644153406678674855e+03
1.916666666666666785e+01 2.644652451594332888e+03
1.958333333333333215e+01 2.642684731960271165e+03
2.000000000000000000e+01 2.638281075848710316e+03
2.041666666666666785e+01 2.631460961968444281e+03
2.083333333333333215e+01 2.622222617773549246e+03
2.125000000000000000e+01 2.610552358723921770e+03
2.166666666666666785e+01 2.596448858424417722e+03
2.208333333333333215e+01 2.579931034470670056e+03
2.250000000000000000e+01 2.561019968427254753e+03
2.291666666666666785e+01 2.539721177775210890e+03
2.333333333333333215e+01 2.516009808159217755e+03
2.375000000000000000e+01 2.489835745954982940e+03
2.416666666666666785e+01 2.461159990657127310e+03
2.458333333333333215e+01 2.430062807238396090e+03
2.500000000000000000e+01 2.396911391489363268e+03
2.541666666666666785e+01 2.361679290186450544e+03
2.583333333333333215e+01 2.324155458070576515e+03
2.625000000000000000e+01 2.284338759252250384e+03
2.666666666666666785e+01 2.242291527795826369e+03
2.708333333333333215e+01 2.198080949069222697e+03
2.750000000000000000e+01 2.151763961333535462e+03
2.791666666666666785e+01 2.103383771608325787e+03
2.833333333333333215e+01 2.052962159377602802e+03
2.875000000000000000e+01 2.000494293678371832e+03
2.916666666666666785e+01 1.945968604876207792e+03
2.958333333333333215e+01 1.889455611883356596e+03
3.000000000000000000e+01 1.831290986234787852e+03
3.041666666666666785e+01 1.771366714117289575e+03
3.083333333333333215e+01 1.709353060189172766e+03
3.125000000000000000e+01 1.645200952289413181e+03
3.166666666666666785e+01 1.578986876617973621e+03
3.208333333333333570e+01 1.510781104164519547e+03
3.250000000000000000e+01 1.440612364062896631e+03
3.291666666666666430e+01 1.368526930242925118e+03
3.333333333333333570e+01 1.294569058023982279e+03
3.375000000000000000e+01 1.218759482805124662e+03
3.416666666666666430e+01 1.141246941241308832e+03
3.458333333333333570e+01 1.062518941423729530e+03
3.500000000000000000e+01 9.832193427661386522e+02
3.541666666666666430e+01 9.035110931462498911e+02
3.583333333333333570e+01 8.233935531442331239e+02
3.625000000000000000e+01 7.428661911843639700e+02
3.666666666666666430e+01 6.619285326724776723e+02
3.708333333333333570e+01 5.805801158105144850e+02
3.750000000000000000e+01 4.988204305512260248e+02
3.791666666666666430e+01 4.166488562785709178e+02
3.833333333333333570e+01 3.340646166157414996e+02
3.875000000000000000e+01 2.510668105164270685e+02
3.916666666666666430e+01 1.676545463615289862e+02
3.958333333333333570e+01 8.382703532182827644e+01
4.000000000000000000e+01 4.840753860951840792e-08
