0.000000000000000000e+00 -5.730823666380557846e-07
4.166666666666666852e-01 1.133702596528506490e+02
8.333333333333333703e-01 2.239614010338775927e+02
1.250000000000000000e+00 3.317613916426728338e+02
1.666666666666666741e+00 4.367977966862272865e+02
2.083333333333333481e+00 5.391640485976299715e+02
2.500000000000000000e+00 6.389380085596152412e+02
2.916666666666666519e+00 7.361302089667194650e+02
3.333333333333333481e+00 8.307300454847249966e+02
3.750000000000000000e+00 9.227290707382726396e+02
4.166666666666666963e+00 1.012120317851150503e+03
4.583333333333333037e+00 1.098891112880689434e+03
5.000000000000000000e+00 1.183014158800644509e+03
5.416666666666666963e+00 1.264469109504350854e+03
5.833333333333333037e+00 1.343267530742352847e+03
6.250000000000000000e+00 1.419420519587695253e+03
6.666666666666666963e+00 1.492901945339222948e+03
7.083333333333333037e+00 1.563677256257660929e+03
7.500000000000000000e+00 1.631728900883331335e+03
7.916666666666666963e+00 1.697052855376653724e+03
8.333333333333333925e+00 1.759657648039419200e+03
8.750000000000000000e+00 1.819551850241170996e+03
9.166666666666666075e+00 1.876748185602640433e+03
9.583333333333333925e+00 1.931265113519795932e+03
1.000000000000000000e+01 1.983118951468397427e+03
1.041666666666666607e+01 2.032328768990317485e+03
1.083333333333333393e+01 2.078914729174452532e+03
1.125000000000000000e+01 2.122890389728693208e+03
1.166666666666666607e+01 2.164263657685904036e+03
1.208333333333333393e+01 2.203038295366303373e+03
1.250000000000000000e+01 2.239215150716827338e+03
1.291666666666666607e+01 2.272797690571706880e+03
1.333333333333333393e+01 2.303795218075879802e+03
1.375000000000000000e+01 2.332226649719350917e+03
1.416666666666666607e+01 2.358128121066054518e+03
1.458333333333333393e+01 2.381537928731127067e+03
1.500000000000000000e+01 2.402487828057678598e+03
1.541666666666666607e+01 2.421014794068069477e+03
1.583333333333333393e+01 2.437157069632740331e+03
1.625000000000000000e+01 2.450943846610713990e+03
1.666666666666666785e+01 2.462399977260042760e+03
1.708333333333333215e+01 2.471552041795607693e+03
1.750000000000000000e+01 2.478433147276781710e+03
1.791666666666666785e+01 2.483077470217926020e+03
1.833333333333333215e+01 2.485504570152848828e+03
1.875000000000000000e+01 2.485708325808996051e+03
1.916666666666666785e+01 2.483661706646280436e+03
1.958333333333333215e+01 2.479325604731361636e+03
2.000000000000000000e+01 2.472658534035775119e+03
2.041666666666666785e+01 2.463623796926074647e+03
2.083333333333333215e+01 2.452190579726493070e+03
2.125000000000000000e+01 2.438343418433062197e+03
2.166666666666666785e+01 2.422104531644540657e+03
2.208333333333333215e+01 2.403556763096793475e+03
2.250000000000000000e+01 2.382860438895821972e+03
2.291666666666666785e+01 2.360251067203041202e+03
2.333333333333333215e+01 2.335938040021104825e+03
2.375000000000000000e+01 2.309749907233669546e+03
2.416666666666666785e+01 2.280543689146460110e+03
2.458333333333333215e+01 2.248615753081288858e+03
2.500000000000000000e+01 2.214885777622994738e+03
2.541666666666666785e+01 2.179486904438903821e+03
2.583333333333333215e+01 2.142283408722274544e+03
2.625000000000000000e+01 2.103143162491875955e+03
2.666666666666666785e+01 2.062004038587564537e+03
2.708333333333333215e+01 2.018865861817331506e+03
2.750000000000000000e+01 1.973781844884045313e+03
2.791666666666666785e+01 1.926859922315803033e+03
2.833333333333333215e+01 1.878262361016850264e+03
2.875000000000000000e+01 1.828118570436272421e+03
2.916666666666666785e+01 1.776190462513659895e+03
2.958333333333333215e+01 1.721252959885267956e+03
3.000000000000000000e+01 1.663556222879185043e+03
3.041666666666666785e+01 1.603950481602372292e+03
3.083333333333333215e+01 1.542580029402490027e+03
3.125000000000000000e+01 1.479395860633738948e+03
3.166666666666666785e+01 1.414429604965504723e+03
3.208333333333333570e+01 1.347739412639272587e+03
3.250000000000000000e+01 1.280474660793624253e+03
3.291666666666666430e+01 1.212802004777760658e+03
3.333333333333333570e+01 1.144720963755747334e+03
3.375000000000000000e+01 1.076231083903224544e+03
3.416666666666666430e+01 1.007332045861918232e+03
3.458333333333333570e+01 9.380237068797744087e+02
3.500000000000000000e+01 8.683059624672667951e+02
3.541666666666666430e+01 7.981786167997026951e+02
3.583333333333333570e+01 7.276412950007810423e+02
3.625000000000000000e+01 6.566934172135895551e+02
3.666666666666666430e+01 5.853342731943964736e+02
3.708333333333333570e+01 5.135631037923324129e+02
3.750000000000000000e+01 4.413792011737079406e+02
3.791666666666666430e+01 3.687819947765682400e+02
3.833333333333333570e+01 2.957710938298027372e+02
3.875000000000000000e+01 2.223462257828275312e+02
3.916666666666666430e+01 1.485070566987031953e+02
3.958333333333333570e+01 7.425306349820252194e+01
4.000000000000000000e+01 -7.542013936989722112e-09
