0.000000000000000000e+00 -7.542062611873290301e-07
4.166666666666666852e-01 1.169637241282085540e+02
8.333333333333333703e-01 2.315450276718919440e+02
1.250000000000000000e+00 3.436232798808272833e+02
1.666666666666666741e+00 4.531403882672177588e+02
2.083333333333333481e+00 5.600888756021894324e+02
2.500000000000000000e+00 6.644747100188791364e+02
2.916666666666666519e+00 7.662906225595062324e+02
3.333333333333333481e+00 8.655181233171349504e+02
3.750000000000000000e+00 9.621370847137802684e+02
4.166666666666666963e+00 1.056126748153605831e+03
4.583333333333333037e+00 1.147465210305444998e+03
5.000000000000000000e+00 1.236130192894928314e+03
5.416666666666666963e+00 1.322098956768875269e+03
5.833333333333333037e+00 1.405348421406996977e+03
6.250000000000000000e+00 1.485864625515855096e+03
6.666666666666666963e+00 1.563656034864655794e+03
7.083333333333333037e+00 1.638763282110567388e+03
7.500000000000000000e+00 1.711280686688745163e+03
7.916666666666666963e+00 1.781325921775656752e+03
8.333333333333333925e+00 1.849048621986828039e+03
8.750000000000000000e+00 1.914345386851494368e+03
9.166666666666666075e+00 1.977139119525432307e+03
9.583333333333333925e+00 2.037347330358109048e+03
1.000000000000000000e+01 2.094884560279226662e+03
1.041666666666666607e+01 2.149679806829850349e+03
1.083333333333333393e+01 2.201686052264331920e+03
1.125000000000000000e+01 2.250877557023214649e+03
1.166666666666666607e+01 2.297240626045936551e+03
1.208333333333333393e+01 2.340767508676760826e+03
1.250000000000000000e+01 2.381454963711931214e+03
1.291666666666666607e+01 2.419304268517441415e+03
1.333333333333333393e+01 2.454323292751173085e+03
1.375000000000000000e+01 2.486528200064136854e+03
1.416666666666666607e+01 2.515943436883887443e+03
1.458333333333333393e+01 2.542593813165285155e+03
1.500000000000000000e+01 2.566460909719097799e+03
1.541666666666666607e+01 2.587410186796574180e+03
1.583333333333333393e+01 2.605481918151219361e+03
1.625000000000000000e+01 2.620783023710856014e+03
1.666666666666666785e+01 2.633353417717389675e+03
1.708333333333333215e+01 2.643218285205899065e+03
1.750000000000000000e+01 2.650404159760422772e+03
1.791666666666666785e+01 2.654934593024145670e+03
1.833333333333333215e+01 2.656823918507179769e+03
1.875000000000000000e+01 2.656073687288716428e+03
1.916666666666666785e+01 2.652677854367160762e+03
1.958333333333333215e+01 2.646631466721062679e+03
2.000000000000000000e+01 2.637936924574050863e+03
2.041666666666666785e+01 2.626605941205115869e+03
2.083333333333333215e+01 2.612658131860083813e+03
2.125000000000000000e+01 2.596119200421259393e+03
2.166666666666666785e+01 2.577019432952112766e+03
2.208333333333333215e+01 2.555391827288079185e+03
2.250000000000000000e+01 2.531270855562770976e+03
2.291666666666666785e+01 2.504694133213051828e+03
2.333333333333333215e+01 2.475705793763720067e+03
2.375000000000000000e+01 2.444357892525541956e+03
2.416666666666666785e+01 2.410700381821868177e+03
2.458333333333333215e+01 2.374741183437082782e+03
2.500000000000000000e+01 2.336377875070974824e+03
2.541666666666666785e+01 2.295712539576055860e+03
2.583333333333333215e+01 2.252883973852417057e+03
2.625000000000000000e+01 2.207939263534644851e+03
2.666666666666666785e+01 2.160897042732499813e+03
2.708333333333333215e+01 2.111781275733622351e+03
2.750000000000000000e+01 2.060635677722577839e+03
2.791666666666666785e+01 2.007521458632348640e+03
2.833333333333333215e+01 1.952505089979947115e+03
2.875000000000000000e+01 1.895637918562395498e+03
2.916666666666666785e+01 1.836992900796595677e+03
2.958333333333333215e+01 1.776600610392540602e+03
3.000000000000000000e+01 1.714368599123822605e+03
3.041666666666666785e+01 1.650288605785731988e+03
3.083333333333333215e+01 1.584491225805178146e+03
3.125000000000000000e+01 1.517116571927101177e+03
3.166666666666666785e+01 1.449134806122455302e+03
3.208333333333333570e+01 1.380727526789385820e+03
3.250000000000000000e+01 1.311893283211184325e+03
3.291666666666666430e+01 1.242630890217540809e+03
3.333333333333333570e+01 1.172939416072805216e+03
3.375000000000000000e+01 1.102818182609416453e+03
3.416666666666666430e+01 1.032266724587846966e+03
3.458333333333333570e+01 9.612847432751192400e+02
3.500000000000000000e+01 8.898721623306826132e+02
3.541666666666666430e+01 8.180291490354044299e+02
3.583333333333333570e+01 7.457561040843968385e+02
3.625000000000000000e+01 6.730536428142470413e+02
3.666666666666666430e+01 5.999225485724153941e+02
3.708333333333333570e+01 5.263637709545281496e+02
3.750000000000000000e+01 4.523784204786422833e+02
3.791666666666666430e+01 3.779677454727358281e+02
3.833333333333333570e+01 3.031330812292016503e+02
3.875000000000000000e+01 2.278758178307980700e+02
3.916666666666666430e+01 1.521974309769777278e+02
3.958333333333333570e+01 7.609947613860256865e+01
4.000000000000000000e+01 3.056989258259923403e-08
