0.000000000000000000e+00 2.353821929035326832e-10
4.166666666666666852e-01 1.182315195676266342e+02
8.333333333333333703e-01 2.340849974488176031e+02
1.250000000000000000e+00 3.474205242632413615e+02
1.666666666666666741e+00 4.581649479191160594e+02
2.083333333333333481e+00 5.663005462604228342e+02
2.500000000000000000e+00 6.718232489635763613e+02
2.916666666666666519e+00 7.747140719135104519e+02
3.333333333333333481e+00 8.749443486183263303e+02
3.750000000000000000e+00 9.724847496140307612e+02
4.166666666666666963e+00 1.067304895788821341e+03
4.583333333333333037e+00 1.159373724248438975e+03
5.000000000000000000e+00 1.248660176608328129e+03
5.416666666666666963e+00 1.335131396447761517e+03
5.833333333333333037e+00 1.418752082242579036e+03
6.250000000000000000e+00 1.499492237642699138e+03
6.666666666666666963e+00 1.577338195050550894e+03
7.083333333333333037e+00 1.652299364705742846e+03
7.500000000000000000e+00 1.724434145933344325e+03
7.916666666666666963e+00 1.793842077315827737e+03
8.333333333333333925e+00 1.860487634004525489e+03
8.750000000000000000e+00 1.924194835536494111e+03
9.166666666666666075e+00 1.984885871605805960e+03
9.583333333333333925e+00 2.042528016300183253e+03
1.000000000000000000e+01 2.097096211706351824e+03
1.041666666666666607e+01 2.148570050627719866e+03
1.083333333333333393e+01 2.196938334322438095e+03
1.125000000000000000e+01 2.242199476384100308e+03
1.166666666666666607e+01 2.284360119035869957e+03
1.208333333333333393e+01 2.323437518039280803e+03
1.250000000000000000e+01 2.359464234220800790e+03
1.291666666666666607e+01 2.392495274137621891e+03
1.333333333333333393e+01 2.422619892691755467e+03
1.375000000000000000e+01 2.449976348782403875e+03
1.416666666666666607e+01 2.474775400402639661e+03
1.458333333333333393e+01 2.497334320065973770e+03
1.500000000000000000e+01 2.518123020856233779e+03
1.541666666666666607e+01 2.537637234405731306e+03
1.583333333333333393e+01 2.556655709800241766e+03
1.625000000000000000e+01 2.573915079878835058e+03
1.666666666666666785e+01 2.588988686302956012e+03
1.708333333333333215e+01 2.601604556925602992e+03
1.750000000000000000e+01 2.611542833541128402e+03
1.791666666666666785e+01 2.618636886105809026e+03
1.833333333333333215e+01 2.622766085934974853e+03
1.875000000000000000e+01 2.623846692449959392e+03
1.916666666666666785e+01 2.621823179550491659e+03
1.958333333333333215e+01 2.616662765179480175e+03
2.000000000000000000e+01 2.608352672106706450e+03
2.041666666666666785e+01 2.596901955971798998e+03
2.083333333333333215e+01 2.582350063092985692e+03
2.125000000000000000e+01 2.564774703616963052e+03
2.166666666666666785e+01 2.544288508752114012e+03
2.208333333333333215e+01 2.521025301327647867e+03
2.250000000000000000e+01 2.495119401081957676e+03
2.291666666666666785e+01 2.466701719060909454e+03
2.333333333333333215e+01 2.435926816953994603e+03
2.375000000000000000e+01 2.403026413060737923e+03
2.416666666666666785e+01 2.368373027269328304e+03
2.458333333333333215e+01 2.332367465414073195e+03
2.500000000000000000e+01 2.295802785855783441e+03
2.541666666666666785e+01 2.257815144746651640e+03
2.583333333333333215e+01 2.218037530039677677e+03
2.625000000000000000e+01 2.176257453333073499e+03
2.666666666666666785e+01 2.132302967734349295e+03
2.708333333333333215e+01 2.086071453442600614e+03
2.750000000000000000e+01 2.037525178153612842e+03
2.791666666666666785e+01 1.986680118813221952e+03
2.833333333333333215e+01 1.933589109961017812e+03
2.875000000000000000e+01 1.878315920748168537e+03
2.916666666666666785e+01 1.820905510889383550e+03
2.958333333333333215e+01 1.761313242863587675e+03
3.000000000000000000e+01 1.699222522741477860e+03
3.041666666666666785e+01 1.634971629269408595e+03
3.083333333333333215e+01 1.569082910548937434e+03
3.125000000000000000e+01 1.502529479657408046e+03
3.166666666666666785e+01 1.435513629595272050e+03
3.208333333333333570e+01 1.368035671223515465e+03
3.250000000000000000e+01 1.300095917480121670e+03
3.291666666666666430e+01 1.231694735962156756e+03
3.333333333333333570e+01 1.162832569799283192e+03
3.375000000000000000e+01 1.093509957238079323e+03
3.416666666666666430e+01 1.023727603790947455e+03
3.458333333333333570e+01 9.534864722414911284e+02
3.500000000000000000e+01 8.827877776339338425e+02
3.541666666666666430e+01 8.116330107803901228e+02
3.583333333333333570e+01 7.400239757009427422e+02
3.625000000000000000e+01 6.679628142268938973e+02
3.666666666666666430e+01 5.954520394767273501e+02
3.708333333333333570e+01 5.224945110489159106e+02
3.750000000000000000e+01 4.490934026276229361e+02
3.791666666666666430e+01 3.752521779392890835e+02
3.833333333333333570e+01 3.009745893283816827e+02
3.875000000000000000e+01 2.262646584367138303e+02
3.916666666666666430e+01 1.511265954693975289e+02
3.958333333333333570e+01 7.556474984574585108e+01
4.000000000000000000e+01 2.137589757977842453e-10
