0.000000000000000000e+00 4.614083407711300211e-08
4.166666666666666852e-01 1.132449713166080869e+02
8.333333333333333703e-01 2.244029861952076317e+02
1.250000000000000000e+00 3.332128158206249395e+02
1.666666666666666741e+00 4.395545758733208572e+02
2.083333333333333481e+00 5.434305461388283902e+02
2.500000000000000000e+00 6.448774166206160317e+02
2.916666666666666519e+00 7.439017509822185730e+02
3.333333333333333481e+00 8.404891654774969538e+02
3.750000000000000000e+00 9.346240932615926340e+02
4.166666666666666963e+00 1.026288956225585025e+03
4.583333333333333037e+00 1.115463909965250878e+03
5.000000000000000000e+00 1.202128342294277445e+03
5.416666666666666963e+00 1.286254156562229582e+03
5.833333333333333037e+00 1.367805336723394021e+03
6.250000000000000000e+00 1.446757384676228639e+03
6.666666666666666963e+00 1.523110704213942881e+03
7.083333333333333037e+00 1.596872203145905814e+03
7.500000000000000000e+00 1.668056681552779992e+03
7.916666666666666963e+00 1.736801231032172609e+03
8.333333333333333925e+00 1.803384850373216977e+03
8.750000000000000000e+00 1.867723282286781341e+03
9.166666666666666075e+00 1.929570720692380746e+03
9.583333333333333925e+00 1.988894203543693720e+03
1.000000000000000000e+01 2.045730912184056706e+03
1.041666666666666607e+01 2.100087977505691470e+03
1.083333333333333393e+01 2.151935140070985653e+03
1.125000000000000000e+01 2.201221074802207568e+03
1.166666666666666607e+01 2.247891126890919622e+03
1.208333333333333393e+01 2.291898720776936898e+03
1.250000000000000000e+01 2.333211907791327121e+03
1.291666666666666607e+01 2.371817166703492148e+03
1.333333333333333393e+01 2.407725450042010380e+03
1.375000000000000000e+01 2.440981249829409535e+03
1.416666666666666607e+01 2.471658852069388558e+03
1.458333333333333393e+01 2.499821969848736899e+03
1.500000000000000000e+01 2.525384486298948104e+03
1.541666666666666607e+01 2.547868530995066521e+03
1.583333333333333393e+01 2.567380159688505501e+03
1.625000000000000000e+01 2.584241249335348130e+03
1.666666666666666785e+01 2.598499160874487188e+03
1.708333333333333215e+01 2.610121108464795725e+03
1.750000000000000000e+01 2.619068171661285305e+03
1.791666666666666785e+01 2.625320295389083640e+03
1.833333333333333215e+01 2.628881234505116936e+03
1.875000000000000000e+01 2.629769997160877210e+03
1.916666666666666785e+01 2.628005732540697409e+03
1.958333333333333215e+01 2.623602906382895526e+03
2.000000000000000000e+01 2.616576171374714704e+03
2.041666666666666785e+01 2.606941357551772398e+03
2.083333333333333215e+01 2.594714924382219579e+03
2.125000000000000000e+01 2.579913041573699047e+03
2.166666666666666785e+01 2.562553664599097374e+03
2.208333333333333215e+01 2.542664669733006576e+03
2.250000000000000000e+01 2.520291580775617604e+03
2.291666666666666785e+01 2.495497996642787257e+03
2.333333333333333215e+01 2.468364148382920121e+03
2.375000000000000000e+01 2.438987482195697339e+03
2.416666666666666785e+01 2.407458606826025516e+03
2.458333333333333215e+01 2.373707816751495102e+03
2.500000000000000000e+01 2.337176102962947880e+03
2.541666666666666785e+01 2.298062946713687325e+03
2.583333333333333215e+01 2.256883407236999574e+03
2.625000000000000000e+01 2.213741720847741362e+03
2.666666666666666785e+01 2.168611264349226076e+03
2.708333333333333215e+01 2.121464761336323591e+03
2.750000000000000000e+01 2.072309661876509381e+03
2.791666666666666785e+01 2.021194295865857384e+03
2.833333333333333215e+01 1.968205672064698319e+03
2.875000000000000000e+01 1.913456852913519242e+03
2.916666666666666785e+01 1.857029406720464067e+03
2.958333333333333215e+01 1.798788798153575499e+03
3.000000000000000000e+01 1.738039925130597567e+03
3.041666666666666785e+01 1.674951366675326426e+03
3.083333333333333215e+01 1.610011785987048825e+03
3.125000000000000000e+01 1.543363826052597915e+03
3.166666666666666785e+01 1.475125069132242288e+03
3.208333333333333570e+01 1.405401508040993349e+03
3.250000000000000000e+01 1.335111446890967727e+03
3.291666666666666430e+01 1.264414554688029284e+03
3.333333333333333570e+01 1.193309776415158694e+03
3.375000000000000000e+01 1.121796055910519954e+03
3.416666666666666430e+01 1.049872431330739801e+03
3.458333333333333570e+01 9.775381145225319415e+02
3.500000000000000000e+01 9.047924352355043993e+02
3.541666666666666430e+01 8.316347947397748612e+02
3.583333333333333570e+01 7.580646410430310880e+02
3.625000000000000000e+01 6.840814555197437130e+02
3.666666666666666430e+01 6.096847757786173361e+02
3.708333333333333570e+01 5.348741808194372425e+02
3.750000000000000000e+01 4.596492835946429523e+02
3.791666666666666430e+01 3.840097399200533914e+02
3.833333333333333570e+01 3.079552760567628411e+02
3.875000000000000000e+01 2.314856828926140793e+02
3.916666666666666430e+01 1.546007357011453678e+02
3.958333333333333570e+01 7.730015245938049873e+01
4.000000000000000000e+01 1.485759356517624141e-08
