0.000000000000000000e+00 -1.459873298637059946e-09
4.166666666666666852e-01 1.213473293777382764e+02
8.333333333333333703e-01 2.397770522016867858e+02
1.250000000000000000e+00 3.552129501794402699e+02
1.666666666666666741e+00 4.676374697282342368e+02
2.083333333333333481e+00 5.770691390267304541e+02
2.500000000000000000e+00 6.835280008432456498e+02
2.916666666666666519e+00 7.870272889379729122e+02
3.333333333333333481e+00 8.875795999390014686e+02
3.750000000000000000e+00 9.852017218604268010e+02
4.166666666666666963e+00 1.079914841532570790e+03
4.583333333333333037e+00 1.171748428385873012e+03
5.000000000000000000e+00 1.260753913114208899e+03
5.416666666666666963e+00 1.347010200684776237e+03
5.833333333333333037e+00 1.430605022532022531e+03
6.250000000000000000e+00 1.511615366118916427e+03
6.666666666666666963e+00 1.590098550132298442e+03
7.083333333333333037e+00 1.666083472011617232e+03
7.500000000000000000e+00 1.739572244405869469e+03
7.916666666666666963e+00 1.810551257495091932e+03
8.333333333333333925e+00 1.878990592432896847e+03
8.750000000000000000e+00 1.944772067663720009e+03
9.166666666666666075e+00 2.007727181862672296e+03
9.583333333333333925e+00 2.067644695388282798e+03
1.000000000000000000e+01 2.124253394855906208e+03
1.041666666666666607e+01 2.177190936817466991e+03
1.083333333333333393e+01 2.226010589047032227e+03
1.125000000000000000e+01 2.270307333676168128e+03
1.166666666666666607e+01 2.309933096882708924e+03
1.208333333333333393e+01 2.345107971975296095e+03
1.250000000000000000e+01 2.376308722247582409e+03
1.291666666666666607e+01 2.404023510982738117e+03
1.333333333333333393e+01 2.428618626287033294e+03
1.375000000000000000e+01 2.450364112669864880e+03
1.416666666666666607e+01 2.469479055448169220e+03
1.458333333333333393e+01 2.486156382743081394e+03
1.500000000000000000e+01 2.500589247384822556e+03
1.541666666666666607e+01 2.512827365963765260e+03
1.583333333333333393e+01 2.522880902845137825e+03
1.625000000000000000e+01 2.530729226251540695e+03
1.666666666666666785e+01 2.536333583264353365e+03
1.708333333333333215e+01 2.539644703353378191e+03
1.750000000000000000e+01 2.540612107398773787e+03
1.791666666666666785e+01 2.539190894249136363e+03
1.833333333333333215e+01 2.535342649265799537e+03
1.875000000000000000e+01 2.529035075888667961e+03
1.916666666666666785e+01 2.520245178563696300e+03
1.958333333333333215e+01 2.508959694816513093e+03
2.000000000000000000e+01 2.495166120027568923e+03
2.041666666666666785e+01 2.478854614938303257e+03
2.083333333333333215e+01 2.460038725157283807e+03
2.125000000000000000e+01 2.438764275498726420e+03
2.166666666666666785e+01 2.415094354980662501e+03
2.208333333333333215e+01 2.389100874749794912e+03
2.250000000000000000e+01 2.360863795466605552e+03
2.291666666666666785e+01 2.330464542513422202e+03
2.333333333333333215e+01 2.297992255073063916e+03
2.375000000000000000e+01 2.263539877671759314e+03
2.416666666666666785e+01 2.227157107547431679e+03
2.458333333333333215e+01 2.188761164228347297e+03
2.500000000000000000e+01 2.148356757673532229e+03
2.541666666666666785e+01 2.105957979815619183e+03
2.583333333333333215e+01 2.061552866760825509e+03
2.625000000000000000e+01 2.015139900894256243e+03
2.666666666666666785e+01 1.966699464719388061e+03
2.708333333333333215e+01 1.916170266543107800e+03
2.750000000000000000e+01 1.863533253466871429e+03
2.791666666666666785e+01 1.808961155974610165e+03
2.833333333333333215e+01 1.752705766036135856e+03
2.875000000000000000e+01 1.695907864360445728e+03
2.916666666666666785e+01 1.638683329906433755e+03
2.958333333333333215e+01 1.581030763569384817e+03
3.000000000000000000e+01 1.522948803510549169e+03
3.041666666666666785e+01 1.464436218884078926e+03
3.083333333333333215e+01 1.405491960104018517e+03
3.125000000000000000e+01 1.346115430379395093e+03
3.166666666666666785e+01 1.286306182349331266e+03
3.208333333333333570e+01 1.226063914128723809e+03
3.250000000000000000e+01 1.165388404459797130e+03
3.291666666666666430e+01 1.104279505461039662e+03
3.333333333333333570e+01 1.042737154135367291e+03
3.375000000000000000e+01 9.807613970890877226e+02
3.416666666666666430e+01 9.183524649243205431e+02
3.458333333333333570e+01 8.555108313646733222e+02
3.500000000000000000e+01 7.922371324239038586e+02
3.541666666666666430e+01 7.285320959216680876e+02
3.583333333333333570e+01 6.643965021873403884e+02
3.625000000000000000e+01 5.998311681425406050e+02
3.666666666666666430e+01 5.348369830158810601e+02
3.708333333333333570e+01 4.694149147903648895e+02
3.750000000000000000e+01 4.035660260475147538e+02
3.791666666666666430e+01 3.372914991516378791e+02
3.833333333333333570e+01 2.705926663154239122e+02
3.875000000000000000e+01 2.034709890238801222e+02
3.916666666666666430e+01 1.359279504727501831e+02
3.958333333333333570e+01 6.796498721933275533e+01
4.000000000000000000e+01 2.781590166534009256e-10
