0.000000000000000000e+00 -1.838034641918340206e-07
4.166666666666666852e-01 1.204540644465131152e+02
8.333333333333333703e-01 2.383335477529263926e+02
1.250000000000000000e+00 3.535975264703810126e+02
1.666666666666666741e+00 4.662184705210787001e+02
2.083333333333333481e+00 5.761795102764115200e+02
2.500000000000000000e+00 6.834670715944785115e+02
2.916666666666666519e+00 7.880661230112452813e+02
3.333333333333333481e+00 8.899606806271852975e+02
3.750000000000000000e+00 9.891351459669688211e+02
4.166666666666666963e+00 1.085574374794299274e+03
4.583333333333333037e+00 1.179263616693387121e+03
5.000000000000000000e+00 1.270188416572606911e+03
5.416666666666666963e+00 1.358333755571704614e+03
5.833333333333333037e+00 1.443683265898252102e+03
6.250000000000000000e+00 1.526220758814774854e+03
6.666666666666666963e+00 1.605933837286602966e+03
7.083333333333333037e+00 1.682819924294444263e+03
7.500000000000000000e+00 1.756886204591227397e+03
7.916666666666666963e+00 1.828099745623188483e+03
8.333333333333333925e+00 1.896429524363155224e+03
8.750000000000000000e+00 1.961867236160429684e+03
9.166666666666666075e+00 2.024414898646092297e+03
9.583333333333333925e+00 2.084074132476293926e+03
1.000000000000000000e+01 2.140844342583601701e+03
1.041666666666666607e+01 2.194724307522049003e+03
1.083333333333333393e+01 2.245713429298142728e+03
1.125000000000000000e+01 2.293810781089046941e+03
1.166666666666666607e+01 2.339014786078867473e+03
1.208333333333333393e+01 2.381324104308952428e+03
1.250000000000000000e+01 2.420738205949233816e+03
1.291666666666666607e+01 2.457258512212221376e+03
1.333333333333333393e+01 2.490889276578135195e+03
1.375000000000000000e+01 2.521638471971999024e+03
1.416666666666666607e+01 2.549519206242186556e+03
1.458333333333333393e+01 2.574548789835113439e+03
1.500000000000000000e+01 2.596747261623864688e+03
1.541666666666666607e+01 2.616132669812943277e+03
1.583333333333333393e+01 2.632699318400030279e+03
1.625000000000000000e+01 2.646383617509754458e+03
1.666666666666666785e+01 2.657240190578014790e+03
1.708333333333333215e+01 2.665348814615156243e+03
1.750000000000000000e+01 2.670737680168675070e+03
1.791666666666666785e+01 2.673416229306759305e+03
1.833333333333333215e+01 2.673393714315123361e+03
1.875000000000000000e+01 2.670686157728358467e+03
1.916666666666666785e+01 2.665318638028834812e+03
1.958333333333333215e+01 2.657324672581921277e+03
2.000000000000000000e+01 2.646744076871963443e+03
2.041666666666666785e+01 2.633619127117082371e+03
2.083333333333333215e+01 2.617993640835671158e+03
2.125000000000000000e+01 2.599912137112650271e+03
2.166666666666666785e+01 2.579423768274447866e+03
2.208333333333333215e+01 2.556585031473293384e+03
2.250000000000000000e+01 2.531455275449271085e+03
2.291666666666666785e+01 2.504079934918021081e+03
2.333333333333333215e+01 2.474484412967219669e+03
2.375000000000000000e+01 2.442693644381089598e+03
2.416666666666666785e+01 2.408753837688791464e+03
2.458333333333333215e+01 2.372701069964761246e+03
2.500000000000000000e+01 2.334456859492314834e+03
2.541666666666666785e+01 2.294031220585196024e+03
2.583333333333333215e+01 2.251517833717684425e+03
2.625000000000000000e+01 2.206910743868309510e+03
2.666666666666666785e+01 2.160196112971790626e+03
2.708333333333333215e+01 2.111382053408393404e+03
2.750000000000000000e+01 2.060495512882712319e+03
2.791666666666666785e+01 2.007567382499899168e+03
2.833333333333333215e+01 1.952621786480069886e+03
2.875000000000000000e+01 1.895685168178819595e+03
2.916666666666666785e+01 1.836795613964318818e+03
2.958333333333333215e+01 1.775966277492907921e+03
3.000000000000000000e+01 1.713092594200551048e+03
3.041666666666666785e+01 1.648326826415650203e+03
3.083333333333333215e+01 1.581969890600002600e+03
3.125000000000000000e+01 1.514928652787481269e+03
3.166666666666666785e+01 1.447405978053933495e+03
3.208333333333333570e+01 1.379402734058457099e+03
3.250000000000000000e+01 1.310920367558938779e+03
3.291666666666666430e+01 1.241960834739598795e+03
3.333333333333333570e+01 1.172526482227929591e+03
3.375000000000000000e+01 1.102619926545585258e+03
3.416666666666666430e+01 1.032244005002348104e+03
3.458333333333333570e+01 9.614017690974939114e+02
3.500000000000000000e+01 8.900964074227232459e+02
3.541666666666666430e+01 8.183312149790031071e+02
3.583333333333333570e+01 7.461095880494174253e+02
3.625000000000000000e+01 6.734350150573659448e+02
3.666666666666666430e+01 6.003110850981988733e+02
3.708333333333333570e+01 5.267414482913844722e+02
3.750000000000000000e+01 4.527297781236260903e+02
3.791666666666666430e+01 3.782797510459301975e+02
3.833333333333333570e+01 3.033950585973691432e+02
3.875000000000000000e+01 2.280794140178968235e+02
3.916666666666666430e+01 1.523365101569110607e+02
3.958333333333333570e+01 7.617001800631705066e+01
4.000000000000000000e+01 2.301318346650815805e-07
