0.000000000000000000e+00 4.902538722206806199e-10
4.166666666666666852e-01 1.236299182059527055e+02
8.333333333333333703e-01 2.440131712748594737e+02
1.250000000000000000e+00 3.614731052282510859e+02
1.666666666666666741e+00 4.760341867160378797e+02
2.083333333333333481e+00 5.875238517800050886e+02
2.500000000000000000e+00 6.957738145493922275e+02
2.916666666666666519e+00 8.006915175820989816e+02
3.333333333333333481e+00 9.022168697658906922e+02
3.750000000000000000e+00 1.000314384438797561e+03
4.166666666666666963e+00 1.094989063947029763e+03
4.583333333333333037e+00 1.186307137660518947e+03
5.000000000000000000e+00 1.274416529675982929e+03
5.416666666666666963e+00 1.359537810320713334e+03
5.833333333333333037e+00 1.441932008278334251e+03
6.250000000000000000e+00 1.521919850873171981e+03
6.666666666666666963e+00 1.599884877103906092e+03
7.083333333333333037e+00 1.676059086477655910e+03
7.500000000000000000e+00 1.751478595550961472e+03
7.916666666666666963e+00 1.825750942090203580e+03
8.333333333333333925e+00 1.898205039470263728e+03
8.750000000000000000e+00 1.968311610781132458e+03
9.166666666666666075e+00 2.035687953910997521e+03
9.583333333333333925e+00 2.100070712252894282e+03
1.000000000000000000e+01 2.161290276767494561e+03
1.041666666666666607e+01 2.219248772000845292e+03
1.083333333333333393e+01 2.273889010083203630e+03
1.125000000000000000e+01 2.325174287733154415e+03
1.166666666666666607e+01 2.373072910236847292e+03
1.208333333333333393e+01 2.417553284534559225e+03
1.250000000000000000e+01 2.458591423394754656e+03
1.291666666666666607e+01 2.496173545622055826e+03
1.333333333333333393e+01 2.530302944724738154e+03
1.375000000000000000e+01 2.560996925652350910e+03
1.416666666666666607e+01 2.588273765534361701e+03
1.458333333333333393e+01 2.612141563909840443e+03
1.500000000000000000e+01 2.632590511252620217e+03
1.541666666666666607e+01 2.649698547606199554e+03
1.583333333333333393e+01 2.664012395887848015e+03
1.625000000000000000e+01 2.677111957787743449e+03
1.666666666666666785e+01 2.688384219771319749e+03
1.708333333333333215e+01 2.696774015560688895e+03
1.750000000000000000e+01 2.702051659302578628e+03
1.791666666666666785e+01 2.704219704362001721e+03
1.833333333333333215e+01 2.703337989283666047e+03
1.875000000000000000e+01 2.699487500966117295e+03
1.916666666666666785e+01 2.692749142194407341e+03
1.958333333333333215e+01 2.683193428259735356e+03
2.000000000000000000e+01 2.670887854015130415e+03
2.041666666666666785e+01 2.655903512776380012e+03
2.083333333333333215e+01 2.638324174156565277e+03
2.125000000000000000e+01 2.618236628230666611e+03
2.166666666666666785e+01 2.595702534520627978e+03
2.208333333333333215e+01 2.570755490132244631e+03
2.250000000000000000e+01 2.543432881182460733e+03
2.291666666666666785e+01 2.513762529277965768e+03
2.333333333333333215e+01 2.481703975083663408e+03
2.375000000000000000e+01 2.447173009948024173e+03
2.416666666666666785e+01 2.410270889397739211e+03
2.458333333333333215e+01 2.371552297677715615e+03
2.500000000000000000e+01 2.332384641215110150e+03
2.541666666666666785e+01 2.290877566828991348e+03
2.583333333333333215e+01 2.247009572110515819e+03
2.625000000000000000e+01 2.201002152019567802e+03
2.666666666666666785e+01 2.153031892170715309e+03
2.708333333333333215e+01 2.103182293547813060e+03
2.750000000000000000e+01 2.051438584418687697e+03
2.791666666666666785e+01 1.997736486192558687e+03
2.833333333333333215e+01 1.941974390949877488e+03
2.875000000000000000e+01 1.884008007301098360e+03
2.916666666666666785e+01 1.823572309784431354e+03
2.958333333333333215e+01 1.760441745771544220e+03
3.000000000000000000e+01 1.694941979493718463e+03
3.041666666666666785e+01 1.628940491205960143e+03
3.083333333333333215e+01 1.562537063833160119e+03
3.125000000000000000e+01 1.495731779458275469e+03
3.166666666666666785e+01 1.428524617466314794e+03
3.208333333333333570e+01 1.360915575875646482e+03
3.250000000000000000e+01 1.292904656983554105e+03
3.291666666666666430e+01 1.224491872762168441e+03
3.333333333333333570e+01 1.155677226463901889e+03
3.375000000000000000e+01 1.086460654772442922e+03
3.416666666666666430e+01 1.016841938729870435e+03
3.458333333333333570e+01 9.468206395917915188e+02
3.500000000000000000e+01 8.763961817328541883e+02
3.541666666666666430e+01 8.055679301981110711e+02
3.583333333333333570e+01 7.343352427534679236e+02
3.625000000000000000e+01 6.626974814427153433e+02
3.666666666666666430e+01 5.906539667609997650e+02
3.708333333333333570e+01 5.182039532138472850e+02
3.750000000000000000e+01 4.453465944086360651e+02
3.791666666666666430e+01 3.720809026677201246e+02
3.833333333333333570e+01 2.984057131717852940e+02
3.875000000000000000e+01 2.243197090723736835e+02
3.916666666666666430e+01 1.498215402091686883e+02
3.958333333333333570e+01 7.490990400796269455e+01
4.000000000000000000e+01 -5.440340539175636536e-11
