0.000000000000000000e+00 -1.847972538882025617e-10
4.166666666666666852e-01 1.119383540035551192e+02
8.333333333333333703e-01 2.217990505287532983e+02
1.250000000000000000e+00 3.294162188605897654e+02
1.666666666666666741e+00 4.347133466175934586e+02
2.083333333333333481e+00 5.376974424324911297e+02
2.500000000000000000e+00 6.384116749740704790e+02
2.916666666666666519e+00 7.368878051166315117e+02
3.333333333333333481e+00 8.331328417611936175e+02
3.750000000000000000e+00 9.271358650112013038e+02
4.166666666666666963e+00 1.018875408929159903e+03
4.583333333333333037e+00 1.108325302323965843e+03
5.000000000000000000e+00 1.195457893292335939e+03
5.416666666666666963e+00 1.280246794533872162e+03
5.833333333333333037e+00 1.362668962131344188e+03
6.250000000000000000e+00 1.442701802404454611e+03
6.666666666666666963e+00 1.520327758593095496e+03
7.083333333333333037e+00 1.595533811989447258e+03
7.500000000000000000e+00 1.668316078143934874e+03
7.916666666666666963e+00 1.738665815737289677e+03
8.333333333333333925e+00 1.806686440536817827e+03
8.750000000000000000e+00 1.872278807219361397e+03
9.166666666666666075e+00 1.935402596566241755e+03
9.583333333333333925e+00 1.996022675334942051e+03
1.000000000000000000e+01 2.054082442355435433e+03
1.041666666666666607e+01 2.109509746425440426e+03
1.083333333333333393e+01 2.162238087258689575e+03
1.125000000000000000e+01 2.212219155375135870e+03
1.166666666666666607e+01 2.259421314147673911e+03
1.208333333333333393e+01 2.303824510431783892e+03
1.250000000000000000e+01 2.345417583103661855e+03
1.291666666666666607e+01 2.384195464015048856e+03
1.333333333333333393e+01 2.420157544696217883e+03
1.375000000000000000e+01 2.453307151296280153e+03
1.416666666666666607e+01 2.483645837133659825e+03
1.458333333333333393e+01 2.511165210626822500e+03
1.500000000000000000e+01 2.535838593435608345e+03
1.541666666666666607e+01 2.557596421683388598e+03
1.583333333333333393e+01 2.576285208099523516e+03
1.625000000000000000e+01 2.591928157529358941e+03
1.666666666666666785e+01 2.604685552231868769e+03
1.708333333333333215e+01 2.614632889584190252e+03
1.750000000000000000e+01 2.621813763139590264e+03
1.791666666666666785e+01 2.626261776662111970e+03
1.833333333333333215e+01 2.628004328802467171e+03
1.875000000000000000e+01 2.627063626546362229e+03
1.916666666666666785e+01 2.623460920893447110e+03
1.958333333333333215e+01 2.617218150382174372e+03
2.000000000000000000e+01 2.608358272529571877e+03
2.041666666666666785e+01 2.596904639614057032e+03
2.083333333333333215e+01 2.582880280884873628e+03
2.125000000000000000e+01 2.566310001770427789e+03
2.166666666666666785e+01 2.547223762009081383e+03
2.208333333333333215e+01 2.525655929656531498e+03
2.250000000000000000e+01 2.501642434618806419e+03
2.291666666666666785e+01 2.475224598420690199e+03
2.333333333333333215e+01 2.446458395650297916e+03
2.375000000000000000e+01 2.415415564154594904e+03
2.416666666666666785e+01 2.382160324043804849e+03
2.458333333333333215e+01 2.346679743098870858e+03
2.500000000000000000e+01 2.308772925775779640e+03
2.541666666666666785e+01 2.268534968384312378e+03
2.583333333333333215e+01 2.226191061909672044e+03
2.625000000000000000e+01 2.181811426207903423e+03
2.666666666666666785e+01 2.135412468583865120e+03
2.708333333333333215e+01 2.087001884976531983e+03
2.750000000000000000e+01 2.036596699927117243e+03
2.791666666666666785e+01 1.984233442293415010e+03
2.833333333333333215e+01 1.929975007636017153e+03
2.875000000000000000e+01 1.873915988621836277e+03
2.916666666666666785e+01 1.816164035342866782e+03
2.958333333333333215e+01 1.756742385904000002e+03
3.000000000000000000e+01 1.695441777927263502e+03
3.041666666666666785e+01 1.632361290620458249e+03
3.083333333333333215e+01 1.567742955548136251e+03
3.125000000000000000e+01 1.501674254975614986e+03
3.166666666666666785e+01 1.434229088475555727e+03
3.208333333333333570e+01 1.366236173583112304e+03
3.250000000000000000e+01 1.297853545524217907e+03
3.291666666666666430e+01 1.229081105542467412e+03
3.333333333333333570e+01 1.159918786833547074e+03
3.375000000000000000e+01 1.090366444367127315e+03
3.416666666666666430e+01 1.020423796589541098e+03
3.458333333333333570e+01 9.500904026924879417e+02
3.500000000000000000e+01 8.793655733390230580e+02
3.541666666666666430e+01 8.082483409252176898e+02
3.583333333333333570e+01 7.367374729678348331e+02
3.625000000000000000e+01 6.648314984319442829e+02
3.666666666666666430e+01 5.925287643681672307e+02
3.708333333333333570e+01 5.198274510678695606e+02
3.750000000000000000e+01 4.467255906744197773e+02
3.791666666666666430e+01 3.732211001755496795e+02
3.833333333333333570e+01 2.993118397096761214e+02
3.875000000000000000e+01 2.249956545441523872e+02
3.916666666666666430e+01 1.502703560682269881e+02
3.958333333333333570e+01 7.513373259891974953e+01
4.000000000000000000e+01 -9.617896756797250646e-12
