0.000000000000000000e+00 5.317922005532160767e-10
4.166666666666666852e-01 1.204849492255534926e+02
8.333333333333333703e-01 2.378999436232348614e+02
1.250000000000000000e+00 3.524958445671076674e+02
1.666666666666666741e+00 4.643480436411205119e+02
2.083333333333333481e+00 5.734013411487901521e+02
2.500000000000000000e+00 6.795808424279603059e+02
2.916666666666666519e+00 7.828518510827771024e+02
3.333333333333333481e+00 8.832072635576693074e+02
3.750000000000000000e+00 9.806479776692342512e+02
4.166666666666666963e+00 1.075182331723681273e+03
4.583333333333333037e+00 1.166832749333062111e+03
5.000000000000000000e+00 1.255649353254415246e+03
5.416666666666666963e+00 1.341715274980715549e+03
5.833333333333333037e+00 1.425136658459934552e+03
6.250000000000000000e+00 1.506035257359713796e+03
6.666666666666666963e+00 1.584570064082245153e+03
7.083333333333333037e+00 1.661125874392081641e+03
7.500000000000000000e+00 1.737453143578972231e+03
7.916666666666666963e+00 1.812072294204200716e+03
8.333333333333333925e+00 1.884592898271338981e+03
8.750000000000000000e+00 1.954628675962214857e+03
9.166666666666666075e+00 2.021943053718366627e+03
9.583333333333333925e+00 2.086381140072527160e+03
1.000000000000000000e+01 2.147832416290284073e+03
1.041666666666666607e+01 2.206218873110603454e+03
1.083333333333333393e+01 2.261484081547640926e+03
1.125000000000000000e+01 2.313582463598962477e+03
1.166666666666666607e+01 2.362481572336593672e+03
1.208333333333333393e+01 2.408161777743968742e+03
1.250000000000000000e+01 2.450613914038590337e+03
1.291666666666666607e+01 2.489838005766669085e+03
1.333333333333333393e+01 2.525833981704698544e+03
1.375000000000000000e+01 2.558593919265468230e+03
1.416666666666666607e+01 2.588088094369592000e+03
1.458333333333333393e+01 2.614238433479969444e+03
1.500000000000000000e+01 2.636915107066614837e+03
1.541666666666666607e+01 2.656011505445863804e+03
1.583333333333333393e+01 2.671751280725525248e+03
1.625000000000000000e+01 2.684709086878480775e+03
1.666666666666666785e+01 2.697167643678435525e+03
1.708333333333333215e+01 2.706613388619222860e+03
1.750000000000000000e+01 2.712848689665059283e+03
1.791666666666666785e+01 2.715981429596471571e+03
1.833333333333333215e+01 2.716125954768489919e+03
1.875000000000000000e+01 2.713366066375720493e+03
1.916666666666666785e+01 2.707766909596760797e+03
1.958333333333333215e+01 2.699378715723984442e+03
2.000000000000000000e+01 2.688232805164231195e+03
2.041666666666666785e+01 2.674341552112574391e+03
2.083333333333333215e+01 2.657714322953490409e+03
2.125000000000000000e+01 2.638378335925725423e+03
2.166666666666666785e+01 2.616399589182084583e+03
2.208333333333333215e+01 2.591899545850646973e+03
2.250000000000000000e+01 2.565056582189745768e+03
2.291666666666666785e+01 2.536075531655222221e+03
2.333333333333333215e+01 2.505140975630820776e+03
2.375000000000000000e+01 2.472366680895611808e+03
2.416666666666666785e+01 2.437772494064707644e+03
2.458333333333333215e+01 2.401395155772105227e+03
2.500000000000000000e+01 2.363530398103395783e+03
2.541666666666666785e+01 2.325174016808269698e+03
2.583333333333333215e+01 2.284636253575665251e+03
2.625000000000000000e+01 2.241741870148223370e+03
2.666666666666666785e+01 2.196564783911375798e+03
2.708333333333333215e+01 2.149163935121783197e+03
2.750000000000000000e+01 2.099578263773211347e+03
2.791666666666666785e+01 2.047825091906513535e+03
2.833333333333333215e+01 1.993895241134825937e+03
2.875000000000000000e+01 1.937723846071405660e+03
2.916666666666666785e+01 1.879153275799436415e+03
2.958333333333333215e+01 1.818048019029571606e+03
3.000000000000000000e+01 1.754682566351871628e+03
3.041666666666666785e+01 1.690334088190514876e+03
3.083333333333333215e+01 1.625026963517445893e+03
3.125000000000000000e+01 1.557977949135193057e+03
3.166666666666666785e+01 1.489103607533628974e+03
3.208333333333333570e+01 1.418631667543370668e+03
3.250000000000000000e+01 1.347596013322233830e+03
3.291666666666666430e+01 1.276156829627890374e+03
3.333333333333333570e+01 1.204314033140158017e+03
3.375000000000000000e+01 1.132067420381424199e+03
3.416666666666666430e+01 1.059416760780753066e+03
3.458333333333333570e+01 9.863618621658836219e+02
3.500000000000000000e+01 9.129024834096092036e+02
3.541666666666666430e+01 8.390382498754836433e+02
3.583333333333333570e+01 7.647686149192065841e+02
3.625000000000000000e+01 6.900928482279438185e+02
3.666666666666666430e+01 6.150100922762850360e+02
3.708333333333333570e+01 5.395194016757706095e+02
3.750000000000000000e+01 4.636197949816484538e+02
3.791666666666666430e+01 3.873103116930517444e+02
3.833333333333333570e+01 3.105900624403082020e+02
3.875000000000000000e+01 2.334582153055259255e+02
3.916666666666666430e+01 1.559138870237613901e+02
3.958333333333333570e+01 7.795607252699996081e+01
4.000000000000000000e+01 -3.591508340727855852e-11
