0.000000000000000000e+00 -2.361481774015850021e-10
4.166666666666666852e-01 1.147671816129861924e+02
8.333333333333333703e-01 2.272614598854798373e+02
1.250000000000000000e+00 3.374285769543913034e+02
1.666666666666666741e+00 4.452479129343360569e+02
2.083333333333333481e+00 5.507377513485645295e+02
2.500000000000000000e+00 6.539321282633552528e+02
2.916666666666666519e+00 7.548535978318404887e+02
3.333333333333333481e+00 8.535062685118366517e+02
3.750000000000000000e+00 9.498846464583150464e+02
4.166666666666666963e+00 1.043981764213864381e+03
4.583333333333333037e+00 1.135790786089407675e+03
5.000000000000000000e+00 1.225299433721919740e+03
5.416666666666666963e+00 1.312477828338180188e+03
5.833333333333333037e+00 1.397268579984679036e+03
6.250000000000000000e+00 1.479582177927501789e+03
6.666666666666666963e+00 1.559298761069846933e+03
7.083333333333333037e+00 1.636262710849553059e+03
7.500000000000000000e+00 1.710263932886135990e+03
7.916666666666666963e+00 1.781067004385317887e+03
8.333333333333333925e+00 1.848152176660074474e+03
8.750000000000000000e+00 1.911434540776925814e+03
9.166666666666666075e+00 1.971080937605538338e+03
9.583333333333333925e+00 2.027369125085524047e+03
1.000000000000000000e+01 2.080555775609925149e+03
1.041666666666666607e+01 2.130836016173661847e+03
1.083333333333333393e+01 2.178349101765393243e+03
1.125000000000000000e+01 2.223192566943095244e+03
1.166666666666666607e+01 2.265433794351300094e+03
1.208333333333333393e+01 2.305116667431076166e+03
1.250000000000000000e+01 2.342268233949396745e+03
1.291666666666666607e+01 2.376905223763724734e+03
1.333333333333333393e+01 2.409039372315547098e+03
1.375000000000000000e+01 2.438683318586065525e+03
1.416666666666666607e+01 2.465851365125784469e+03
1.458333333333333393e+01 2.490550455884289477e+03
1.500000000000000000e+01 2.512749448339895935e+03
1.541666666666666607e+01 2.532320713811745463e+03
1.583333333333333393e+01 2.549339133543917342e+03
1.625000000000000000e+01 2.563865289197976381e+03
1.666666666666666785e+01 2.575901243226712268e+03
1.708333333333333215e+01 2.585435157837240695e+03
1.750000000000000000e+01 2.592458561250033199e+03
1.791666666666666785e+01 2.596977173158183177e+03
1.833333333333333215e+01 2.599014522033096000e+03
1.875000000000000000e+01 2.598602935363169763e+03
1.916666666666666785e+01 2.595774334541006283e+03
1.958333333333333215e+01 2.590553499801349517e+03
2.000000000000000000e+01 2.582954876017392053e+03
2.041666666666666785e+01 2.572990278227139697e+03
2.083333333333333215e+01 2.560683986879583244e+03
2.125000000000000000e+01 2.546071147379071590e+03
2.166666666666666785e+01 2.529174563043460239e+03
2.208333333333333215e+01 2.509988001811262166e+03
2.250000000000000000e+01 2.488482552193552692e+03
2.291666666666666785e+01 2.464631373533029546e+03
2.333333333333333215e+01 2.438431413556691950e+03
2.375000000000000000e+01 2.409913868026861110e+03
2.416666666666666785e+01 2.379128078190188717e+03
2.458333333333333215e+01 2.346069386802954796e+03
2.500000000000000000e+01 2.310559626747192851e+03
2.541666666666666785e+01 2.272709602790371264e+03
2.583333333333333215e+01 2.232711248299110594e+03
2.625000000000000000e+01 2.190624047771062124e+03
2.666666666666666785e+01 2.146470671570293234e+03
2.708333333333333215e+01 2.100276370056229098e+03
2.750000000000000000e+01 2.052057019642816158e+03
2.791666666666666785e+01 2.001784658862532979e+03
2.833333333333333215e+01 1.949412553958582976e+03
2.875000000000000000e+01 1.894963937188537329e+03
2.916666666666666785e+01 1.838569399528280201e+03
2.958333333333333215e+01 1.780298232915427207e+03
3.000000000000000000e+01 1.719753140396445360e+03
3.041666666666666785e+01 1.657082291027332531e+03
3.083333333333333215e+01 1.592680764287787497e+03
3.125000000000000000e+01 1.526697144637259498e+03
3.166666666666666785e+01 1.459219741219405932e+03
3.208333333333333570e+01 1.390341418118167212e+03
3.250000000000000000e+01 1.320890676955920298e+03
3.291666666666666430e+01 1.251022810326682475e+03
3.333333333333333570e+01 1.180737975484952813e+03
3.375000000000000000e+01 1.110036346982735949e+03
3.416666666666666430e+01 1.038918128611620659e+03
3.458333333333333570e+01 9.673835760851309260e+02
3.500000000000000000e+01 8.954329236449681275e+02
3.541666666666666430e+01 8.230663485190095798e+02
3.583333333333333570e+01 7.502839664520588485e+02
3.625000000000000000e+01 6.770858339596086353e+02
3.666666666666666430e+01 6.034719768205870878e+02
3.708333333333333570e+01 5.294423738145859488e+02
3.750000000000000000e+01 4.549969445494374440e+02
3.791666666666666430e+01 3.801355560778009135e+02
3.833333333333333570e+01 3.048580592387701813e+02
3.875000000000000000e+01 2.291643096521548557e+02
3.916666666666666430e+01 1.530541282820481115e+02
3.958333333333333570e+01 7.652729748130001042e+01
4.000000000000000000e+01 1.386403977732264536e-10
