0.000000000000000000e+00 -2.405286739178003064e-06
4.166666666666666852e-01 5.600073353036245294e+01
8.333333333333333703e-01 1.089762431859705742e+02
1.250000000000000000e+00 1.589677060264299087e+02
1.666666666666666741e+00 2.060927546405991677e+02
2.083333333333333481e+00 2.504707596882012979e+02
2.500000000000000000e+00 2.921986559008078075e+02
2.916666666666666519e+00 3.313556512860469070e+02
3.333333333333333481e+00 3.679960138074163751e+02
3.750000000000000000e+00 4.021373517808150382e+02
4.166666666666666963e+00 4.338116294966081341e+02
4.583333333333333037e+00 4.633766716829553047e+02
5.000000000000000000e+00 4.916881655133415734e+02
5.416666666666666963e+00 5.190165574695378155e+02
5.833333333333333037e+00 5.446777094062583728e+02
6.250000000000000000e+00 5.687018765249982835e+02
6.666666666666666963e+00 5.911733926567748085e+02
7.083333333333333037e+00 6.121551667348081764e+02
7.500000000000000000e+00 6.317134002959257941e+02
7.916666666666666963e+00 6.499165491485068742e+02
8.333333333333333925e+00 6.668337577093274149e+02
8.750000000000000000e+00 6.825335240698038888e+02
9.166666666666666075e+00 6.970822708594419055e+02
9.583333333333333925e+00 7.105436624061826478e+02
1.000000000000000000e+01 7.229786811996567621e+02
1.041666666666666607e+01 7.344457655672133569e+02
1.083333333333333393e+01 7.450008349666713912e+02
1.125000000000000000e+01 7.546972859209085982e+02
1.166666666666666607e+01 7.635859764675279848e+02
1.208333333333333393e+01 7.717151786536463760e+02
1.250000000000000000e+01 7.791304895626303733e+02
1.291666666666666607e+01 7.858747607964600093e+02
1.333333333333333393e+01 7.919881226896333146e+02
1.375000000000000000e+01 7.975081249860995740e+02
1.416666666666666607e+01 8.024706207897721697e+02
1.458333333333333393e+01 8.069124544392935832e+02
1.500000000000000000e+01 8.108820872935338002e+02
1.541666666666666607e+01 8.144684968412900616e+02
1.583333333333333393e+01 8.177014780295533001e+02
1.625000000000000000e+01 8.205627735293626301e+02
1.666666666666666785e+01 8.230543487719563700e+02
1.708333333333333215e+01 8.251875324384827763e+02
1.750000000000000000e+01 8.269733192460907958e+02
1.791666666666666785e+01 8.284216216232409806e+02
1.833333333333333215e+01 8.295406750071068700e+02
1.875000000000000000e+01 8.303369465417782749e+02
1.916666666666666785e+01 8.308151099241490556e+02
1.958333333333333215e+01 8.309780332391618458e+02
2.000000000000000000e+01 8.308267639461856788e+02
2.041666666666666785e+01 8.303605041482483102e+02
2.083333333333333215e+01 8.295765692772478133e+02
2.125000000000000000e+01 8.284703175050302661e+02
2.166666666666666785e+01 8.270350215262004667e+02
2.208333333333333215e+01 8.252616337322295976e+02
2.250000000000000000e+01 8.231383346265205319e+02
2.291666666666666785e+01 8.206501181163755518e+02
2.333333333333333215e+01 8.177793064842156809e+02
2.375000000000000000e+01 8.145077220787543411e+02
2.416666666666666785e+01 8.108214213346088854e+02
2.458333333333333215e+01 8.067294996108520309e+02
2.500000000000000000e+01 8.023175371780182559e+02
2.541666666666666785e+01 7.974758051401439616e+02
2.583333333333333215e+01 7.921176432649430126e+02
2.625000000000000000e+01 7.862349778053593354e+02
2.666666666666666785e+01 7.798092888257137929e+02
2.708333333333333215e+01 7.728088367305902011e+02
2.750000000000000000e+01 7.651983695714194482e+02
2.791666666666666785e+01 7.569405670440544327e+02
2.833333333333333215e+01 7.479960645414279270e+02
2.875000000000000000e+01 7.383234125515625692e+02
2.916666666666666785e+01 7.278790409038479083e+02
2.958333333333333215e+01 7.166172518218655796e+02
3.000000000000000000e+01 7.044902781756392187e+02
3.041666666666666785e+01 6.914484101547180899e+02
3.083333333333333215e+01 6.774401439908137945e+02
3.125000000000000000e+01 6.624123164730154940e+02
3.166666666666666785e+01 6.463102099459512146e+02
3.208333333333333570e+01 6.290775133910213981e+02
3.250000000000000000e+01 6.106561296817044422e+02
3.291666666666666430e+01 5.909861460468831638e+02
3.333333333333333570e+01 5.700052419618870090e+02
3.375000000000000000e+01 5.476471522236438432e+02
3.416666666666666430e+01 5.238449432190606103e+02
3.458333333333333570e+01 4.985753098226514908e+02
3.500000000000000000e+01 4.720097561050414470e+02
3.541666666666666430e+01 4.439101832542251600e+02
3.583333333333333570e+01 4.140513137694045440e+02
3.625000000000000000e+01 3.823033811548797871e+02
3.666666666666666430e+01 3.485977951085969835e+02
3.708333333333333570e+01 3.128480108369332697e+02
3.750000000000000000e+01 2.749732320757040611e+02
3.791666666666666430e+01 2.349013764477369364e+02
3.833333333333333570e+01 1.925700182219788985e+02
3.875000000000000000e+01 1.479258825757704017e+02
3.916666666666666430e+01 1.009280524802730525e+02
3.958333333333333570e+01 5.157412044045485544e+01
4.000000000000000000e+01 -2.474246966720217156e-06
