0.000000000000000000e+00 3.029761233563910139e-10
4.166666666666666852e-01 1.178309821584123256e+02
8.333333333333333703e-01 2.333357102182032463e+02
1.250000000000000000e+00 3.463129384039920637e+02
1.666666666666666741e+00 4.566669895489616806e+02
2.083333333333333481e+00 5.643859369099732248e+02
2.500000000000000000e+00 6.694735164384844666e+02
2.916666666666666519e+00 7.719087331721207192e+02
3.333333333333333481e+00 8.716561858567240506e+02
3.750000000000000000e+00 9.686790581712073163e+02
4.166666666666666963e+00 1.062940964700107315e+03
4.583333333333333037e+00 1.154404716126002313e+03
5.000000000000000000e+00 1.243031990097798598e+03
5.416666666666666963e+00 1.328779985639755068e+03
5.833333333333333037e+00 1.411605671871313461e+03
6.250000000000000000e+00 1.491474629729772005e+03
6.666666666666666963e+00 1.568353473080155254e+03
7.083333333333333037e+00 1.642184651546812347e+03
7.500000000000000000e+00 1.712912541050475284e+03
7.916666666666666963e+00 1.780592683566699634e+03
8.333333333333333925e+00 1.845411407065231060e+03
8.750000000000000000e+00 1.907200146910545300e+03
9.166666666666666075e+00 1.965739897840021285e+03
9.583333333333333925e+00 2.021001926576691176e+03
1.000000000000000000e+01 2.073027836313907756e+03
1.041666666666666607e+01 2.121856684288361066e+03
1.083333333333333393e+01 2.167523689465739153e+03
1.125000000000000000e+01 2.210064804722446752e+03
1.166666666666666607e+01 2.249521675291575775e+03
1.208333333333333393e+01 2.285951407816899064e+03
1.250000000000000000e+01 2.319437462870653690e+03
1.291666666666666607e+01 2.350102261182449638e+03
1.333333333333333393e+01 2.378121974708203652e+03
1.375000000000000000e+01 2.403748015598777783e+03
1.416666666666666607e+01 2.427341258510345142e+03
1.458333333333333393e+01 2.449409846141514208e+03
1.500000000000000000e+01 2.470463237127588854e+03
1.541666666666666607e+01 2.491136377989716038e+03
1.583333333333333393e+01 2.510477942604683449e+03
1.625000000000000000e+01 2.528094438021813858e+03
1.666666666666666785e+01 2.543682330574428306e+03
1.708333333333333215e+01 2.556988518704437411e+03
1.750000000000000000e+01 2.567819140008297836e+03
1.791666666666666785e+01 2.576025970960647101e+03
1.833333333333333215e+01 2.581493151921060416e+03
1.875000000000000000e+01 2.584132306254555260e+03
1.916666666666666785e+01 2.583880850630564055e+03
1.958333333333333215e+01 2.580700783447457979e+03
2.000000000000000000e+01 2.574576871912265233e+03
2.041666666666666785e+01 2.565516829629863423e+03
2.083333333333333215e+01 2.553556998028518137e+03
2.125000000000000000e+01 2.538766849957165050e+03
2.166666666666666785e+01 2.521240313981715644e+03
2.208333333333333215e+01 2.501077066808325071e+03
2.250000000000000000e+01 2.478361235729157670e+03
2.291666666666666785e+01 2.453154569962372079e+03
2.333333333333333215e+01 2.425512293978441448e+03
2.375000000000000000e+01 2.395508692035421518e+03
2.416666666666666785e+01 2.363215296835802292e+03
2.458333333333333215e+01 2.328557248854510817e+03
2.500000000000000000e+01 2.291050711867455448e+03
2.541666666666666785e+01 2.250853483400197547e+03
2.583333333333333215e+01 2.208437909159337323e+03
2.625000000000000000e+01 2.163904010747684879e+03
2.666666666666666785e+01 2.117248519929918075e+03
2.708333333333333215e+01 2.068499665253988496e+03
2.750000000000000000e+01 2.017717454861591250e+03
2.791666666666666785e+01 1.964955289421040561e+03
2.833333333333333215e+01 1.910254841026001941e+03
2.875000000000000000e+01 1.853738893605869862e+03
2.916666666666666785e+01 1.795523327966548322e+03
2.958333333333333215e+01 1.735547517343578193e+03
3.000000000000000000e+01 1.673445927546779330e+03
3.041666666666666785e+01 1.609453632071649054e+03
3.083333333333333215e+01 1.544110504212934075e+03
3.125000000000000000e+01 1.478184944278988951e+03
3.166666666666666785e+01 1.411846092973485383e+03
3.208333333333333570e+01 1.345096064023922281e+03
3.250000000000000000e+01 1.277936739384585508e+03
3.291666666666666430e+01 1.210369704966392419e+03
3.333333333333333570e+01 1.142396235053023020e+03
3.375000000000000000e+01 1.074017297768026310e+03
3.416666666666666430e+01 1.005233529905703790e+03
3.458333333333333570e+01 9.360452158266041351e+02
3.500000000000000000e+01 8.664523779925428926e+02
3.541666666666666430e+01 7.964548382908518533e+02
3.583333333333333570e+01 7.260522498425068534e+02
3.625000000000000000e+01 6.552441196522989912e+02
3.666666666666666430e+01 5.840298012722741987e+02
3.708333333333333570e+01 5.124085304037383821e+02
3.750000000000000000e+01 4.403794548254354027e+02
3.791666666666666430e+01 3.679416449771436533e+02
3.833333333333333570e+01 2.950940760558451643e+02
3.875000000000000000e+01 2.218356290718936634e+02
3.916666666666666430e+01 1.481651552135856207e+02
3.958333333333333570e+01 7.408150214652235377e+01
4.000000000000000000e+01 5.045138612436161907e-11
