0.000000000000000000e+00 0.000000000000000000e+00
4.166666666666666852e-01 -1.083009423529564269e-05
8.333333333333333703e-01 -2.158100845010998519e-05
1.250000000000000000e+00 -3.218114098296198113e-05
1.666666666666666741e+00 -4.256764045148589279e-05
2.083333333333333481e+00 -5.268603720732371908e-05
2.500000000000000000e+00 -6.248982498559159111e-05
2.916666666666666519e+00 -7.194000826766609855e-05
3.333333333333333481e+00 -8.100462728562440309e-05
3.750000000000000000e+00 -8.965827010322509284e-05
4.166666666666666963e+00 -9.788157940999102173e-05
4.583333333333333037e+00 -1.056607602876358552e-04
5.000000000000000000e+00 -1.129870940965652099e-04
5.416666666666666963e+00 -1.198564627041852142e-04
5.833333333333333037e+00 -1.262688864891449675e-04
6.250000000000000000e+00 -1.322280788767891827e-04
6.666666666666666963e+00 -1.377410195711775318e-04
7.083333333333333037e+00 -1.428175481340511130e-04
7.500000000000000000e+00 -1.474699791107611166e-04
7.916666666666666963e+00 -1.517127395094544054e-04
8.333333333333333925e+00 -1.555620290963656018e-04
8.750000000000000000e+00 -1.590355036716164833e-04
9.166666666666666075e+00 -1.621519812319900558e-04
9.583333333333333925e+00 -1.649311707058275899e-04
1.000000000000000000e+01 -1.673934227570406932e-04
1.041666666666666607e+01 -1.695595019971398007e-04
1.083333333333333393e+01 -1.714503798133562964e-04
1.125000000000000000e+01 -1.730870469148130088e-04
1.166666666666666607e+01 -1.744903446149498219e-04
1.208333333333333393e+01 -1.756808138048723388e-04
1.250000000000000000e+01 -1.766785605269961205e-04
1.291666666666666607e+01 -1.775031370294762240e-04
1.333333333333333393e+01 -1.781734371677707641e-04
1.375000000000000000e+01 -1.787076050187423896e-04
1.416666666666666607e+01 -1.791229555835377105e-04
1.458333333333333393e+01 -1.794359064768067356e-04
1.500000000000000000e+01 -1.796619195304401399e-04
1.541666666666666607e+01 -1.798154512788293269e-04
1.583333333333333393e+01 -1.799099113387082080e-04
1.625000000000000000e+01 -1.799576277490188485e-04
1.666666666666666785e+01 -1.799698183941408512e-04
1.708333333333333215e+01 -1.799565676965132754e-04
1.750000000000000000e+01 -1.799268078314855007e-04
1.791666666666666785e+01 -1.798883037875756170e-04
1.833333333333333215e+01 -1.798476416686513334e-04
1.875000000000000000e+01 -1.798102197103982594e-04
1.916666666666666785e+01 -1.797802415613763060e-04
1.958333333333333215e+01 -1.797607114585886572e-04
2.000000000000000000e+01 -1.797534310084467860e-04
2.041666666666666785e+01 -1.797589973659806254e-04
2.083333333333333215e+01 -1.797768026878068554e-04
2.125000000000000000e+01 -1.798050348174496543e-04
2.166666666666666785e+01 -1.798406792448124000e-04
2.208333333333333215e+01 -1.798795224646654745e-04
2.250000000000000000e+01 -1.799161569416512607e-04
2.291666666666666785e+01 -1.799439879712317160e-04
2.333333333333333215e+01 -1.799552428069060449e-04
2.375000000000000000e+01 -1.799409825035778055e-04
2.416666666666666785e+01 -1.798911170047994880e-04
2.458333333333333215e+01 -1.797944240773704627e-04
2.500000000000000000e+01 -1.796385727699818921e-04
2.541666666666666785e+01 -1.794101521428074586e-04
2.583333333333333215e+01 -1.790947060815907684e-04
2.625000000000000000e+01 -1.786767750722951988e-04
2.666666666666666785e+01 -1.781399458700861499e-04
2.708333333333333215e+01 -1.774669100485795831e-04
2.750000000000000000e+01 -1.766395324611055623e-04
2.791666666666666785e+01 -1.756389306842960293e-04
2.833333333333333215e+01 -1.744455665446271444e-04
2.875000000000000000e+01 -1.730393508495440462e-04
2.916666666666666785e+01 -1.713997624552734001e-04
2.958333333333333215e+01 -1.695059828020910363e-04
3.000000000000000000e+01 -1.673370470332363963e-04
3.041666666666666785e+01 -1.648720127843054234e-04
3.083333333333333215e+01 -1.620901476841302938e-04
3.125000000000000000e+01 -1.589711365440410408e-04
3.166666666666666785e+01 -1.554953091280193126e-04
3.208333333333333570e+01 -1.516438892894429182e-04
3.250000000000000000e+01 -1.473992661285434809e-04
3.291666666666666430e+01 -1.427452876658021519e-04
3.333333333333333570e+01 -1.376675773375016264e-04
3.375000000000000000e+01 -1.321538733974598849e-04
3.416666666666666430e+01 -1.261943910501833288e-04
3.458333333333333570e+01 -1.197822068414692719e-04
3.500000000000000000e+01 -1.129136644884841422e-04
3.541666666666666430e+01 -1.055888009374700531e-04
3.583333333333333570e+01 -9.781179098738614758e-05
3.625000000000000000e+01 -8.959140830441443841e-05
3.666666666666666430e+01 -8.094150006557938209e-05
3.708333333333333570e+01 -7.188147179646147550e-05
3.750000000000000000e+01 -6.243677818907971376e-05
3.791666666666666430e+01 -5.263941477254853701e-05
3.833333333333333570e+01 -4.252840421404459749e-05
3.875000000000000000e+01 -3.215026966915685301e-05
3.916666666666666430e+01 -2.155948581426506244e-05
3.958333333333333570e+01 -1.081889562966423562e-05
4.000000000000000000e+01 0.000000000000000000e+00
