0.000000000000000000e+00 0.000000000000000000e+00
4.166666666666666852e-01 -8.076925278613750203e-01
8.333333333333333703e-01 -1.614423036756623686e+00
1.250000000000000000e+00 -2.419241087931388812e+00
1.666666666666666741e+00 -3.221210141357078616e+00
2.083333333333333481e+00 -4.019407840109516350e+00
2.500000000000000000e+00 -4.812926277913062378e+00
2.916666666666666519e+00 -5.600872270587355040e+00
3.333333333333333481e+00 -6.382367625548075907e+00
3.750000000000000000e+00 -7.156549409771839620e+00
4.166666666666666963e+00 -7.922570219529035285e+00
4.583333333333333037e+00 -8.679598454304546351e+00
5.000000000000000000e+00 -9.426818609986936437e+00
5.416666666666666963e+00 -1.016343161431976938e+01
5.833333333333333037e+00 -1.088865515229431935e+01
6.250000000000000000e+00 -1.160172397793695254e+01
6.666666666666666963e+00 -1.230189022356861983e+01
7.083333333333333037e+00 -1.298842370615773589e+01
7.500000000000000000e+00 -1.366061223405778158e+01
7.916666666666666963e+00 -1.431776192003986203e+01
8.333333333333333925e+00 -1.495919755112691085e+01
8.750000000000000000e+00 -1.558426293885610292e+01
9.166666666666666075e+00 -1.619232124876305079e+01
9.583333333333333925e+00 -1.678275532384968471e+01
1.000000000000000000e+01 -1.735496800119622662e+01
1.041666666666666607e+01 -1.790838242102721978e+01
1.083333333333333393e+01 -1.844244233097784047e+01
1.125000000000000000e+01 -1.895661240963779548e+01
1.166666666666666607e+01 -1.945037860580011468e+01
1.208333333333333393e+01 -1.992324845964242286e+01
1.250000000000000000e+01 -2.037475140389447503e+01
1.291666666666666607e+01 -2.080443905545605787e+01
1.333333333333333393e+01 -2.121188549938770862e+01
1.375000000000000000e+01 -2.159668756447902993e+01
1.416666666666666607e+01 -2.195846508807809982e+01
1.458333333333333393e+01 -2.229686116479822644e+01
1.500000000000000000e+01 -2.261154237567402703e+01
1.541666666666666607e+01 -2.290219899853502028e+01
1.583333333333333393e+01 -2.316854523034213642e+01
1.625000000000000000e+01 -2.341031941419958073e+01
1.666666666666666785e+01 -2.362728423833284097e+01
1.708333333333333215e+01 -2.381922690521142627e+01
1.750000000000000000e+01 -2.398595928114269782e+01
1.791666666666666785e+01 -2.412731803444469847e+01
1.833333333333333215e+01 -2.424316475426661199e+01
1.875000000000000000e+01 -2.433338605186185788e+01
1.916666666666666785e+01 -2.439789364421354279e+01
1.958333333333333215e+01 -2.443662441964270471e+01
2.000000000000000000e+01 -2.444954048484288123e+01
2.041666666666666785e+01 -2.443662919318127891e+01
2.083333333333333215e+01 -2.439790315419763189e+01
2.125000000000000000e+01 -2.433340022422052584e+01
2.166666666666666785e+01 -2.424318347801288809e+01
2.208333333333333215e+01 -2.412734116165351494e+01
2.250000000000000000e+01 -2.398598662675684423e+01
2.291666666666666785e+01 -2.381925824617814769e+01
2.333333333333333215e+01 -2.362731931069008340e+01
2.375000000000000000e+01 -2.341035790544586348e+01
2.416666666666666785e+01 -2.316858677216304230e+01
2.458333333333333215e+01 -2.290224315392259768e+01
2.500000000000000000e+01 -2.261158862177818563e+01
2.541666666666666785e+01 -2.229690889107834906e+01
2.583333333333333215e+01 -2.195851363522001876e+01
2.625000000000000000e+01 -2.159673627142385754e+01
2.666666666666666785e+01 -2.121193373137692362e+01
2.708333333333333215e+01 -2.080448620991905884e+01
2.750000000000000000e+01 -2.037479690803469268e+01
2.791666666666666785e+01 -1.992329176619213982e+01
2.833333333333333215e+01 -1.945041918845330287e+01
2.875000000000000000e+01 -1.895664975706136701e+01
2.916666666666666785e+01 -1.844247593814677089e+01
2.958333333333333215e+01 -1.790841177929005568e+01
3.000000000000000000e+01 -1.735499260178162828e+01
3.041666666666666785e+01 -1.678277469461835025e+01
3.083333333333333215e+01 -1.619233499763005923e+01
3.125000000000000000e+01 -1.558427078346994321e+01
3.166666666666666785e+01 -1.495919932444762068e+01
3.208333333333333570e+01 -1.431775756215617257e+01
3.250000000000000000e+01 -1.366060177529912778e+01
3.291666666666666430e+01 -1.298840724672151126e+01
3.333333333333333570e+01 -1.230186792961524134e+01
3.375000000000000000e+01 -1.160169611656015753e+01
3.416666666666666430e+01 -1.088862212244436911e+01
3.458333333333333570e+01 -1.016339395743424490e+01
3.500000000000000000e+01 -9.426777004270563864e+00
3.541666666666666430e+01 -8.679553697311213512e+00
3.583333333333333570e+01 -7.922523217688384634e+00
3.625000000000000000e+01 -7.156501188253611367e+00
3.666666666666666430e+01 -6.382319251616164202e+00
3.708333333333333570e+01 -5.600824903904399577e+00
3.750000000000000000e+01 -4.812881190785570418e+00
3.791666666666666430e+01 -4.019366413112889447e+00
3.833333333333333570e+01 -3.221173848168297660e+00
3.875000000000000000e+01 -2.419211472915234751e+00
3.916666666666666430e+01 -1.614401686659727053e+00
3.958333333333333570e+01 -8.076810616593325109e-01
4.000000000000000000e+01 0.000000000000000000e+00
