0.000000000000000000e+00 0.000000000000000000e+00
4.166666666666666852e-01 -2.932904468755344052e-01
8.333333333333333703e-01 -5.861317326963221275e-01
1.250000000000000000e+00 -8.780854229405129496e-01
1.666666666666666741e+00 -1.168724687854814537e+00
2.083333333333333481e+00 -1.457632969838273063e+00
2.500000000000000000e+00 -1.744404755101536031e+00
2.916666666666666519e+00 -2.028645893859606364e+00
3.333333333333333481e+00 -2.309974183200161235e+00
3.750000000000000000e+00 -2.588020316212074068e+00
4.166666666666666963e+00 -2.862429023845138865e+00
4.583333333333333037e+00 -3.132855056264945759e+00
5.000000000000000000e+00 -3.398967320521837365e+00
5.416666666666666963e+00 -3.660451116173802255e+00
5.833333333333333037e+00 -3.917008554863015135e+00
6.250000000000000000e+00 -4.168356760985105325e+00
6.666666666666666963e+00 -4.414224170755682408e+00
7.083333333333333037e+00 -4.654348764170960884e+00
7.500000000000000000e+00 -4.888481143583665478e+00
7.916666666666666963e+00 -5.116384031352116502e+00
8.333333333333333925e+00 -5.337830897895012860e+00
8.750000000000000000e+00 -5.552604752310007719e+00
9.166666666666666075e+00 -5.760497159681227330e+00
9.583333333333333925e+00 -5.961307488701281798e+00
1.000000000000000000e+01 -6.154842342629276430e+00
1.041666666666666607e+01 -6.340915157800081303e+00
1.083333333333333393e+01 -6.519345951675481921e+00
1.125000000000000000e+01 -6.689961312661546700e+00
1.166666666666666607e+01 -6.852595045464489942e+00
1.208333333333333393e+01 -7.007090062616187609e+00
1.250000000000000000e+01 -7.153301119479693604e+00
1.291666666666666607e+01 -7.291095400307149532e+00
1.333333333333333393e+01 -7.420352390303108336e+00
1.375000000000000000e+01 -7.540963481447120920e+00
1.416666666666666607e+01 -7.652833213214354835e+00
1.458333333333333393e+01 -7.755880608494459594e+00
1.500000000000000000e+01 -7.850038831802407024e+00
1.541666666666666607e+01 -7.935253762705482217e+00
1.583333333333333393e+01 -8.011483455208191273e+00
1.625000000000000000e+01 -8.078697708645618647e+00
1.666666666666666785e+01 -8.136878106416849832e+00
1.708333333333333215e+01 -8.186017502709816540e+00
1.750000000000000000e+01 -8.226119349883298071e+00
1.791666666666666785e+01 -8.257196834065750224e+00
1.833333333333333215e+01 -8.279273129011809118e+00
1.875000000000000000e+01 -8.292381485370494687e+00
1.916666666666666785e+01 -8.296564990306899645e+00
1.958333333333333215e+01 -8.291876333224390550e+00
2.000000000000000000e+01 -8.278377400005641817e+00
2.041666666666666785e+01 -8.256138895829474578e+00
2.083333333333333215e+01 -8.225240061149461823e+00
2.125000000000000000e+01 -8.185768496529023608e+00
2.166666666666666785e+01 -8.137820058805543155e+00
2.208333333333333215e+01 -8.081498858918260808e+00
2.250000000000000000e+01 -8.016917141938497693e+00
2.291666666666666785e+01 -7.944194791668764744e+00
2.333333333333333215e+01 -7.863458639735759981e+00
2.375000000000000000e+01 -7.774841606117270487e+00
2.416666666666666785e+01 -7.678481939445322979e+00
2.458333333333333215e+01 -7.574522573867992215e+00
2.500000000000000000e+01 -7.463110777120726347e+00
2.541666666666666785e+01 -7.344398006019512870e+00
2.583333333333333215e+01 -7.218539914963228554e+00
2.625000000000000000e+01 -7.085696419094646537e+00
2.666666666666666785e+01 -6.946031561530766396e+00
2.708333333333333215e+01 -6.799712973047378206e+00
2.750000000000000000e+01 -6.646911076571611510e+00
2.791666666666666785e+01 -6.487798680402582008e+00
2.833333333333333215e+01 -6.322551304445401144e+00
2.875000000000000000e+01 -6.151347735242548076e+00
2.916666666666666785e+01 -5.974369875616810432e+00
2.958333333333333215e+01 -5.791802482593664259e+00
3.000000000000000000e+01 -5.603832977080453581e+00
3.041666666666666785e+01 -5.410651328134552962e+00
3.083333333333333215e+01 -5.212449978760171021e+00
3.125000000000000000e+01 -5.009423790529134557e+00
3.166666666666666785e+01 -4.801769994976125666e+00
3.208333333333333570e+01 -4.589688145507595962e+00
3.250000000000000000e+01 -4.373380064944794476e+00
3.291666666666666430e+01 -4.153049803467439460e+00
3.333333333333333570e+01 -3.928903601557736547e+00
3.375000000000000000e+01 -3.701149857094670370e+00
3.416666666666666430e+01 -3.469999097434088853e+00
3.458333333333333570e+01 -3.235663958873132184e+00
3.500000000000000000e+01 -2.998359175014390754e+00
3.541666666666666430e+01 -2.758301572974795501e+00
3.583333333333333570e+01 -2.515710069408960692e+00
3.625000000000000000e+01 -2.270805661559389677e+00
3.666666666666666430e+01 -2.023811339785036800e+00
3.708333333333333570e+01 -1.774951927815032082e+00
3.750000000000000000e+01 -1.524454141729728152e+00
3.791666666666666430e+01 -1.272546643180635373e+00
3.833333333333333570e+01 -1.019460015654040541e+00
3.875000000000000000e+01 -7.654267464393955667e-01
3.916666666666666430e+01 -5.106812098670900912e-01
3.958333333333333570e+01 -2.554596482300579563e-01
4.000000000000000000e+01 0.000000000000000000e+00
